35043228
1531734655
3029265232
153966123
2315376242
91880765
89557210
3331318251
410356886
1687452566
16231168
2318280007
430926041
2827410111
208138875
296965667
3128685850
3069886005
3219526429
1377352896
2516824286
3187224882
274213788
1196702316
3288844876
3195667051
2771590287
3192297372
272141779
64532597
2990706009
75362308
2473019233
63058314
2806294440
2985960461
1878987517
40360503
3086783734
2781432906
2260336279
3077730068
2427458814
358595581
2535034942
2361507260
1964693936
2888359497
402630155
3027488907
360647955
2907140099
38449898
2278007989
2873941521
1536251048
634832516
2881479656
2851281069
1665857581
181511585
268322966
1235832841
2265051704
2799333908
2785984224
2689823359
2802010728
2613247272
14668497
2603788802
2722992915
2657072269
2285326620
170016558
187245132
578678086
559242532
1270261734
1653153013
2259615090
550562197
341761089
181269013
2424597782
22991199
24978710
2381752562
34636030
20437388
101355901
1510469096
1950363373
36942216
2468118205
70976782
206126665
22290987
147583397
1880324436
278399131
66801961
1883067037
522746727
830005177
1048483417
34283063
2315130887
1385240731
175477344
1260344120
357010174
2260815797
220113898
1444706202
1862047940
93238157
2232898874
2180665580
20524316
153544563
252827423
1887606948
1719158887
2209652822
33174178
1849548510
1927527138
18425602
1962483258
2160226238
441048869
1525342994
195167635
1110599186
292349935
40233787
1714570747
353660923
208191185
1963197853
71197622
152422265
93493332
30291437
272182298
1583890434
700567047
1449960744
1584011215
516734016
1633476157
213780199
1725521826
75549107
1428870378
1685452446
16745935
323010850
1321016070
720800233
1458648812
709593277
288249986
1537177530
46873464
1478623477
15964047
30853206
188941422
298619241
1557695088
1485580345
234057437
1470825577
1436498786
1259607091
585309709
1154812746
158202884
971302722
212323439
1482947851
36074906
820333808
23394691
33433257
278217777
1364201978
1302601393
829551043
91926738
58614370
902141551
1269473726
261722168
891821234
1107888008
967590103
260361653
235343585
114559945
37879778
17717593
288764707
119083950
249430132
109472711
710009923
36666496
141209597
709974061
389188017
1176728882
48233564
1141356954
1222613234
271019680
32062804
861090636
897636840
193515866
357040097
49115368
372033587
407043981
161876451
1158130735
115915795
368564120
431391193
90240528
749113
34710922
1109126851
634787530
618320095
516867082
168783827
24929739
330925442
409196135
14083276
311190853
571720549
44725618
265076691
995655854
19031236
487645475
11768542
255180967
465994799
12831902
280606793
25857602
199156227
563691118
545418982
961228658
944853494
490760221
140738341
953719614
159099962
68624057
818057396
326158694
627792618
19123348
366085168
571667116
580007171
440622422
883997976
102754776
537309350
564291613
48110818
849807032
231651568
275665495
321311419
817943730
853883270
16738787
139744512
832716152
790076928
24308806
824111796
194500461
45609309
515826653
550391613
569242704
56742778
30196194
65271670
777979249
705371137
517559739
26959179
19363570
587547751
353529688
292848922
754228662
628900859
589457454
391699882
737031162
462599759
343598276
606845955
625997797
528066450
578792020
635845996
32353164
635575091
87732724
448285911
162919891
17713001
113697077
395545765
539101401
21857244
213754594
189554686
408169249
487869395
608516632
334849558
411904877
603698235
583160550
10303222
115068678
430976274
429068453
239559640
38841434
587883683
76359975
521264284
563064842
495207846
197901148
449435831
577426099
573789712
569302640
255713490
253800348
446737549
175581894
559223740
211539670
327510336
531225363
316357556
27359972
338880142
222198928
87109277
110073538
65353579
276248684
468119894
513515308
67087381
428107563
210318728
104002795
496526585
452484544
460658424
422920738
458573855
404746409
161288085
364671652
7434622
464719464
410041213
25068074
58229033
27985573
36385431
90188209
78118140
23274210
150800311
20025850
429123557
423822798
360314053
204752723
118847070
457817446
296890153
113101599
114870019
444423210
386719522
377404416
361238217
183463599
318440694
408121772
388916024
400214330
97334092
48819973
322243805
65637389
87740826
155558014
163456116
357146719
381653682
394837603
278396650
32895756
23627345
16399887
60356744
297390716
48524256
289385640
218573235
325644574
157373937
387680476
14831894
289897152
46664359
383995872
106539595
382206044
17665260
381672018
180160760
170892495
16246650
158042890
129030291
256652141
270913633
17829949
22944786
307803626
45990589
17513981
290085437
257566497
288303744
17690747
239096851
181670502
17920531
350759607
62315837
289851280
361963717
31451104
127054665
340552341
352226884
252379105
312029599
28360280
72452672
292946919
40350866
69820257
299005483
113558720
21369815
258605206
71508775
33146441
15195399
57517378
17181265
112034865
67578950
84617554
285670262
46139692
133710837
28704177
257361754
44484303
246753825
59200277
60166141
304457365
308920019
17501419
322689511
189659678
20619787
323684718
322012171
52560210
259943671
233358828
13361342
306388787
100000760
301460184
260168348
108300819
296869900
50665391
279574627
250265655
237769598
204482833
31081562
38895013
253221193
45921041
278122774
147067341
224418353
255011833
18822990
260950151
276976114
145347513
22671716
267002310
222872119
21607113
184063011
245389875
178076494
40282219
1031451
15024241
250433137
104906508
33472080
194624921
223515146
216120282
226713935
57360443
231206334
51581950
241195963
242587798
25776543
158100219
97263296
241714720
35038857
239166642
21548991
22752559
237618028
95296214
237501859
38228745
236450655
48546597
134528794
160932452
199237157
63552808
231219230
18522234
232008801
231909460
78046239
186813248
229339187
25728193
225375135
35830238
148087064
18507199
133474481
218593761
225310475
216767331
155698735
56820318
131157231
151041862
202713294
223960499
21817757
92073417
33953125
223911472
59417357
78031447
14223960
15792511
199571964
172734777
202302117
218534204
123263650
14250025
43121262
174350104
177971892
202729572
140192316
6118872
11745792
192562985
184839880
190684722
187590617
182440170
161007666
83893974
177684752
22808957
50306155
131250021
169621473
124024035
125724967
112351430
76333569
151100368
92414052
44478942
44113045
55895584
106944456
55290296
82830519
97546960
108391366
79344520
75794540
35664550
21440792
87171880
33676675
2718501
14462781
129423907
19274892
19592306
43865033
93559749
122201759
21438665
112682264
113643881
24158983
108968092
111334166
33967016
44164399
31433420
20603062
67748167
16455137
69850956
18801560
14675205
14167429
52106931
58791339
38983615
28009658
92843014
93212195
93210235
93210696
93212533
73135424
12014132
89038428
85883000
28443212
18501320
18333506
18692858
36162240
11274452
46743975
14589866
24282563
63102579
66293783
64802699
62383727
60380364
54110633
56750217
17108182
52614067
49523889
15145021
42327419
22912776
18334111
20264195
20293985
15548085
15620162
14631807
12724052
523091335
2952317147
3243695893
67973977
3094497831
3293122006
3248395856
17395688
1948887487
16231168
208138875
3076495461
3313450133
3071290372
3122178914
255573385
292970304
57631031
40112725
3086783734
3001161656
2427458814
1177996884
402630155
9548232
2968933520
23591641
2451759192
501378567
46528973
2940720859
2941519162
930395791
435015649
200262213
2903044999
86343705
38449898
2828474707
2575281056
614251637
2732710532
2799333908
2821569997
1857101576
1286428260
2721654450
2578630141
193491065
2460157272
2613905803
2540104878
2292990992
713288088
727283964
2373903721
2360052776
2469279696
78812832
2370619087
464865837
278399131
2319072588
134367067
548491281
9880292
412444848
2225449470
28643166
1904979516
64701520
28112372
1244577362
2233756358
361912807
339208832
1926861913
203263122
1860697832
44906167
188393117
1115337217
623287389
1645896174
2177373619
2149290181
23362120
1609498058
18750360
1387790484
1655200802
59629360
1483981446
1601184164
1485580345
1482947851
618233246
14073858
257059582
604578971
344874114
705287821
550303663
1357901635
12578882
300594251
196843791
1302601393
135510917
21713634
36719637
171940131
407146880
1107888008
476172132
260361653
621263456
67223016
141209597
44726094
602063690
39422117
602365362
523840252
872000546
357540688
356851134
33214573
20214299
816554761
604642603
435894410
26519128
64207926
837259182
75375980
904886851
252300777
372761302
916993556
326158694
43295258
366438179
283706793
485146998
34710922
624973600
440622422
326941453
28492672
16272650
571224706
113420566
70454433
212259230
777979249
418733011
109101238
425876124
31189478
705031848
236575702
338117500
499628008
589603294
19363570
111402719
466887821
609651860
118865431
267152196
384530780
625997797
528066450
472158196
635845996
564748792
53363962
609285432
31889311
227409095
334849558
108283918
603698235
111975056
601309234
600280744
569334243
24499248
308995701
170016558
142893631
57948087
339006089
25885519
16965547
430976274
75330884
74887389
414041530
542152725
22016323
154018393
556545847
317322648
96813573
284467349
348677718
279073994
352414533
407043981
28440688
15805485
449055696
18671932
55142631
338880142
81454713
458810217
6435542
443059456
361185510
22727076
50665391
507058643
379958877
181044556
206723620
24588863
23602189
468851958
323457049
24186905
100764603
410838810
489129787
486943526
426350956
314011033
431686334
474820867
421272461
425921194
418594096
464032461
355520163
438933602
52756093
430080327
17556680
360649787
218432951
283824876
127290558
425918011
428305914
382374703
41291277
106488778
352732614
52057155
434251687
364868512
429658785
219557044
12831902
283687745
202283280
301200813
407305835
357146719
236976663
95012685
78979931
346861423
49640068
317638291
356436370
202437387
45604304
344375241
373417032
62715766
48448672
18196721
155348852
280187734
113003942
394837603
337926720
398081603
16116421
277523399
373047456
381172859
373394046
240472169
322599348
331240980
61045578
16339101
38703581
386167226
250764985
381508697
373547078
309641451
261336370
26719997
158042890
45543728
97434704
158814557
229521163
104302864
168959288
316424150
291513592
372766820
22146825
21794452
140906400
40350866
271019680
361867804
297471234
36707788
369819750
369062325
363361487
88792913
76186150
39288604
298180354
34051413
361963717
14647993
321974233
89108581
28274841
305634171
95487910
158589236
28360280
166560970
344873903
56589431
22856282
359427906
359025399
62679595
335351171
45499860
22187399
36087646
355141354
180481025
172064112
67578950
20568995
347408361
341115963
30569982
342755370
69211707
121186806
343234022
22536356
339652234
328943859
337327529
299637188
327559412
288269757
20739503
192462915
267446312
329043624
16426880
333807328
319674492
16518607
329426741
304442484
71299702
330147129
289897152
290201147
80769387
236660238
262716497
99034017
261999790
78905444
15998998
17213521
27801675
102790644
228850459
199561591
72945183
19666639
323684718
322012171
186350077
271283320
49634218
311898771
305818320
317797173
296079802
260341945
309523403
111719381
82908461
304510616
257353887
26390783
313550043
68123936
20755548
59660820
52427661
100000760
253404745
89429752
231525400
302712434
230237317
23697514
192662930
246055807
155983785
250365033
301460184
103653633
169518934
22978399
242421099
45921041
292070082
274935617
217447691
20779435
19811735
43541609
47940513
123583134
291091272
23636183
98979973
238089905
205514475
258912514
91340953
38895013
243914898
289748142
200226529
20999504
39290661
20197573
222803524
256117335
275456274
282788446
195181758
41129895
276976114
28241043
71843252
20093403
25886907
212771854
237862863
234833937
15582559
98880576
106188619
46458230
183551713
161960363
109968302
137018176
267848480
256645553
213789308
35481135
256835538
92236133
243880647
218803954
240037310
257647097
241236624
154782569
169222119
71365368
223599427
195388657
249429729
137747204
243098194
183988913
137757247
119043314
231980921
248043703
218130383
80931384
43258281
32841064
14710904
26875973
223841500
235586826
20305359
134188712
15694182
148160727
79299331
216120282
34907048
20530951
68660842
24249169
52106931
17310577
33877370
192964243
193905155
96152243
10415242
16415754
220532756
113154079
59339066
188960947
201719112
199571964
221397936
184841905
22790208
18205557
102238454
155645042
76851565
20575754
78046239
211314648
168685230
18343779
44656385
29352252
27959729
43776240
70812244
63248349
201282713
10305322
161945007
59322208
190377758
199334131
16364990
15342920
32122677
181776081
35080292
188046302
129892260
58820180
85662591
182440170
134930804
121437473
183717108
89802173
161007666
31208385
178474229
177684752
83893974
31895345
20409140
103929015
57411871
162135149
30386877
94897472
85190199
14287538
19737457
173659212
163078739
151557137
21027857
16554602
14512675
66777642
31763199
156911761
246103
75217842
113623143
29933386
48257033
45586817
17026541
112969892
72011049
34711943
16360529
76333569
58695070
85307024
118297957
81883179
16194172
63885295
64710632
71566883
151100368
56198405
148931648
131711671
125993959
141252811
80420574
55290296
15842967
143920437
82830519
144879861
39984598
16495091
16309140
17614763
60215777
71105920
32468803
127208727
13403302
97546960
108391366
134333930
79344520
58791339
76140670
14535966
15954176
105885069
102445051
125713097
61554561
98767427
43865033
102168632
117498496
16233482
8706852
30904591
46707392
100521035
109901199
58038880
119353654
110735043
27057288
22548275
60442757
117436507
56965125
19617012
15282316
113251461
46988713
17154954
68697240
115867529
24491212
28151752
109402533
57809617
17530562
61092974
17546318
68157749
113643881
18780740
65658659
15937402
41893080
35758171
97967848
56503565
24859536
54549151
106792900
57117519
44164399
15704958
104599052
92588068
15062528
16497754
14675205
31433420
20594465
22501042
21814129
67748167
19553422
57701567
60696250
25707034
16455137
31415602
50102198
77210288
77674896
25290300
69850956
16312422
18801560
76396425
101316129
19171116
88797939
22439402
20953421
99716664
84335817
90529167
18586925
26244065
24054715
27817316
52729072
43534064
38983615
18067813
23349990
31838293
64556941
18912340
76792477
94272381
95331196
95322931
15826025
39971964
28369816
76135200
60720353
24821555
14194155
64125116
13082862
69584077
93204751
27322114
16410165
34203985
89678976
14255759
76196835
72880765
16264718
18944073
34513794
16243061
90344568
85883000
85803142
88811588
28443212
18501320
18333506
1501881
49605386
29334776
31116642
81131559
76075573
11274452
15257248
5888112
18626424
14553089
65128991
30063865
69247360
77208953
82412061
33306199
57786431
15613727
49054800
67333334
63230376
80556439
45560533
69586156
15664632
57890332
66960457
46426671
28752560
66941186
70617719
54697253
19406794
45764940
14413498
14378419
17992196
42661295
16187142
34651221
31272094
16465359
29604120
25356215
24417174
57420985
57144488
20870495
72997961
19859768
18292479
28240302
18841085
23105766
72032182
67109809
25294457
18010273
71320530
56413995
42709895
8445252
57720688
25096718
18902153
66763252
64585660
19276208
70215681
14800352
42985020
61870074
14180279
37474139
19505248
70038833
18341292
69505050
22062895
69504399
37545188
21507883
17044187
18132667
46367664
65953850
69324962
27933511
15717652
44320270
68716403
15230663
17867513
17591443
26708348
66942473
49970305
10667882
62858297
27119750
16499771
16356732
68205161
26159255
49368735
67636374
67269530
14435305
14228195
60877034
45677328
67235827
2023191
67245323
20312043
37706531
5489632
15260302
64358994
66596805
15437774
14935521
39260808
35675691
17436372
65051858
25407858
53911602
22252534
16116044
27355338
46873464
14980035
19382068
54924980
14114393
19402905
44891636
22078798
16585109
16329446
52427630
41624358
24628664
29040062
59080674
46664359
58588597
18736610
57958104
16551746
57797948
38869744
48439635
22099421
25074735
14542767
18442543
19053670
18823163
18137900
17748558
15991049
11975892
17275115
5434242
7974152
85717426
2249243618
153522214
2367537972
224473188
2161598413
2914063843
89557210
637073513
3227622284
622132506
3036855084
2603359631
274213788
170400197
1656710258
1196702316
3110713954
1942035170
1271338237
3288844876
964949498
1961110250
1543735178
2383766982
543324622
2359028480
2993576599
64532597
2991052416
2357190121
2361500726
2340135290
2797191883
17268418
3070873884
115839648
3086783734
2835433830
843195866
2427458814
86572222
173871117
3017018259
2785126797
16137743
2171659013
868294472
1668300445
2806294440
1909077650
2811447045
402630155
2802418747
2658154303
3010404829
713144384
88987445
9548232
2575281056
2851945847
1340407861
2434642573
380482020
2546318557
2744360507
2717061829
38449898
313976698
2953447762
209870142
2227248193
183823381
2552530242
2382853022
100834759
76067432
587048685
458817315
33947532
1342100251
1624732933
1665857581
2227964798
931006321
2278007989
500370398
2887862706
62849484
1284153122
2875100110
2838554510
32020279
2615443639
2266876387
39484216
2851281069
152732743
2187826495
270557013
2694264127
134582587
2721741788
596136918
2484319820
2689823359
27308539
2293038656
2741194487
2835557498
2829720302
1708160372
1923375980
2799333908
17146112
1258978849
14775669
119065820
14434287
432122716
2412260047
30049142
2513102648
561648041
2743354744
331506143
316037171
1923248646
2252369899
1686805897
731041292
74499806
2168307354
35577635
401049654
1668607508
1921754156
2401923030
2360952278
517513487
1267335924
15607043
2379387042
873900000
2508447942
2432468281
2482719579
386802525
1628910570
2338827865
1164040386
1445108420
2278253985
67679303
2424597782
389555700
733591501
41392335
992756593
1510469096
2229565658
2327752236
70976782
2316051960
2327186737
1450855244
2444311244
574125050
39921150
2416481527
121579881
1307501564
14477090
22290987
2176493124
331789805
2281962137
2329246094
2283640975
528084817
2382424296
278399131
2297931254
2226998372
2239838612
1048483417
351166366
1589395507
15533279
1081181389
23800448
2352431220
2297938725
34283063
385010386
1291041361
2324228969
1415455879
234198960
264469189
145318322
59973927
1309166922
14552809
2299073971
2225449470
122476623
2265032756
2289244944
2260815797
66345466
1120878912
407131634
317890838
1525342994
565134912
108166778
1638718758
14787245
34821805
33433257
1042368384
2161737816
2152954837
195167635
153544563
271007082
985679821
1700043738
1961128880
2203625486
1967210857
21324701
1950057613
2190094136
1679604685
622251547
1499438630
424257377
1857984307
1887606948
17593700
1270261734
1337890392
1918454996
1431247056
1219702742
1859256176
15970392
442988706
322085997
1017772284
714871247
1871991834
1405023733
55243706
1488869616
794305116
54030563
1893712502
1845488485
138198720
34923877
1726696140
344778582
244765355
258605206
1888684922
213780199
1678990657
558777759
1647346794
466791364
390808512
335402324
1428870378
1416195061
1695085675
1702867363
29802669
252744614
1639826306
111559012
352982356
44484303
733280370
1414019857
1321016070
1568364768
1460815526
108882629
1661024222
884448043
372033587
288249986
38418591
415684043
95006995
427797615
19491410
294735032
68884547
435968883
1473735775
19492594
1549052653
1152133878
454994899
1438453346
232287505
311694988
1345204626
40746203
188941422
21906739
21538018
1598804737
298619241
1346015472
1364201978
234057437
593227056
475391319
865685706
1494412664
333473560
94018401
72636999
49992931
474134316
23469820
232812328
75567156
102774162
242912303
508916640
1485580345
1491494618
615161674
1470825577
63058712
359074742
82800154
1165864268
471615885
1497856874
18056078
1487927208
519057075
16313751
971302722
769789586
1482947851
1259607091
1449960744
153551571
1461033421
985166887
257010511
63058314
974257009
26712064
87732724
1433702456
1362458540
1164363750
278217777
281325965
1400365046
997227120
1393634335
530850374
30853206
1205012514
285279007
563560047
1131848480
57360443
1325357749
1302601393
608456386
1357985551
91926738
22143145
1358763648
748666453
21987563
1135166275
282800782
304452265
306012880
323010850
1107888008
1227550758
260361653
235343585
141209597
80498916
1141356954
370601551
298138833
74197148
125322205
17123836
22638297
130593087
1269473726
558171579
506853193
1176728882
99482300
1281504974
1170792781
1154812746
182931449
1162169018
73829977
897636840
829551043
228701385
1142712872
620264201
109472711
962985079
20737615
1086700950
1084550599
1199792095
720559532
98978219
30561991
1141735314
556562234
1109126851
755804472
407043981
581311895
190711430
93027080
40641401
22299240
513261814
301283997
314353865
749113
431391193
10232022
285636244
807432709
60430014
604642603
1008990751
4937061
610423137
1058768622
849807032
613076057
946195285
224829785
271019680
947894131
110452362
409196135
954686485
1008218456
213282389
569647794
33062052
15458277
25911044
1025960581
995655854
273421972
18333506
25375670
33715192
153008682
1022871444
16745935
487645475
265076691
123965046
516867082
21134127
874818164
311271073
377497721
975712441
44725618
917128614
148272711
292730269
515081899
16738787
21817757
971754559
915254270
944853494
15726812
947899602
614572577
509408976
933702774
861090636
291698254
280606793
118742996
480050626
942651564
113752038
547136148
326158694
30098157
820215888
627792618
34710922
21320368
878447774
311190853
561042522
562244842
326569138
884753432
145030618
347971705
582391162
373135517
44737035
733677637
624924737
559011661
440622422
74476434
255096112
894166986
883997976
771462746
199257390
296091800
97554022
18809912
318759395
512228118
868890049
93270221
273002818
280833349
284028821
825940004
364465927
522563545
562787769
558018732
832716152
583408217
704735371
814200668
553936681
807260304
777979249
764914916
199513296
425152937
615360211
253271226
717932004
237912818
78643582
257566497
18251376
438256142
714767360
95488842
140437108
409529974
441190458
309977000
59719425
499403086
781434822
778856378
79344520
169146823
47587977
54998393
14568290
464719464
627612063
19363570
718574768
45606805
582161900
528066450
625997797
635845996
525383635
186206767
32353164
362573056
277271097
395545765
361862068
39878894
16271902
388892606
213754594
515826653
229346198
334849558
564392459
340552341
419481947
537689019
312755253
609271745
606717729
25848930
35200923
603698235
259301697
174169508
537309350
366438179
577290913
35938094
11142492
52106931
313407286
581955527
447442475
81621520
577426099
377698739
574538075
390309275
466199989
170016558
569302640
342899225
40116996
414041530
488573724
559223740
557734897
115813132
375420057
555364090
36402257
546050178
254719698
49115368
504472781
124871394
72585401
21337440
278911740
149894219
422920738
338880142
470416337
55629146
531170871
153215135
21290240
523068108
508219152
524544703
316357556
15099539
497360725
14141570
283687745
1594201
509171329
357040097
353529688
28272729
492295817
503460648
388328034
424569681
67655176
275665495
372575753
452484544
493430206
458831318
161876451
483464131
451126644
21747931
107930967
186574651
402450840
114132673
43895683
428666760
466926088
14070131
455116038
431686334
326144014
172058881
308688889
65271157
463091866
285865236
14691582
184854125
461132420
455274264
18730238
400336856
350826205
350867773
42923372
73160669
133710837
446904302
286004189
296890153
387867539
387618701
388631964
399775324
32729111
58229033
19402723
15792969
264951427
373670142
417533777
426712431
211717944
202283280
18452605
386719522
377404416
158041798
189659678
22341209
399576987
408634310
44438256
419042089
246024271
337759763
324170919
33889417
360989088
48819973
363082707
411019445
409005019
397426349
385130426
193515866
126636661
74307325
358741333
220077979
97046557
328855505
394837603
398720590
207914904
381653682
289385640
72239171
321152869
81724227
392505574
163456116
28360280
41805357
12127792
36308294
280963103
351489560
304457365
296609350
21774246
160929070
245274116
376345579
383995872
119114794
290114440
194587229
325644574
377914748
1763801
172457982
342112689
213083248
320305276
297106007
376869873
18583059
174688615
109164425
15693370
344539253
361016325
362018867
130982709
290085437
110739746
288303744
363361487
239096851
369657454
134528794
366085168
361963717
357146719
180160760
247901974
352226884
292946919
359025399
40350866
312029599
338856721
166210390
74718093
39179240
36087646
13796922
103821657
71508775
67578950
14665845
250365033
18402494
285670262
41721622
55340173
14083276
16854164
88961864
339276903
335891723
26915961
54779022
38895286
21665260
313947294
304107084
322689511
18583890
117317083
16172327
267446312
295645596
48110818
76740546
252878704
21517816
313034182
323684718
130559501
322012171
317314689
320035388
294070019
317723419
13361342
27554148
111670354
26334024
42306855
235764177
291439894
61261057
289604385
192540413
33174401
260168348
27680898
200402856
18756930
10351332
37036394
260341945
134930804
296869900
135352406
97334092
158100219
151041862
16983361
44675315
287192551
284485941
154361768
11637332
145062902
28704177
218187551
31081562
113667788
38895013
98200833
224353426
148865347
25644333
183793060
149076053
15551812
83429920
267848480
29787193
32283017
247977797
258576979
138860140
32302122
202321653
20865979
18547881
279130937
276976114
75663755
159099962
14112296
119296057
261934436
69676281
187644867
84342197
108391366
97546960
225460138
180978977
45035567
272919021
142533079
58791339
11768542
268334862
267002310
57424910
20653637
41031035
105290051
20648399
88728605
35038857
45921041
233358828
250949820
25923490
256774736
40282219
246139052
55532513
14755273
33358465
189513013
234651761
251578417
32062804
20519318
113114433
21596811
103067027
177777746
248200307
61978044
61118465
19196827
193863619
145378129
17735510
109003244
46664359
52758588
16359612
95296214
236450655
47359057
99462495
93674358
18294973
90188209
188437749
113101599
169801288
30818383
15393700
133474481
219276824
218593761
171282291
22518425
94758243
22654404
58224143
199571964
26418098
217814831
18504867
40783368
118439206
35830238
190454254
191579890
73310442
25718274
107828803
197901148
190684722
26385846
63439599
59722579
17181265
37723843
177684752
27081505
37949410
146871854
23389575
18495854
22248690
17044730
74709617
86609599
57528569
24780061
46484144
55648286
18151975
36131454
27633606
28443212
36666496
65069408
11274452
76333569
22091213
10305322
76853008
47355663
23321692
129667986
35005086
39377814
102725117
39457635
55290296
25728193
82830519
47443693
33880118
32135024
23620073
136001366
123313816
12363142
75964957
120200915
96346911
49202580
112682264
113643881
86862874
28621968
100626559
103517112
100387063
97440188
26039580
83191663
28617071
30003452
23864690
41258320
14118291
17877122
36980565
14675205
2950930459
502301244
3271760246
67973977
2986245916
3237770706
16231168
2459844116
2473695121
208138875
3245426395
2516824286
26306441
1217086969
168117210
1656710258
3288844876
2293112226
1377352896
3189262399
183748949
272141779
149560655
3036096180
3194681031
77818657
2767006909
21839051
16273144
3165858497
520921872
3041660274
2806294440
65930921
82867897
1878987517
983758219
3086783734
386030888
136038539
31349192
3097163947
2427458814
612719067
358735659
17475872
518723497
3017580626
3006739029
24828907
235795922
2919062317
3027488907
1539258530
19252216
62139101
2978625220
321357898
1647900073
2825101493
50183761
108481454
2744360507
2932762764
21568707
2952594046
341212548
2925293202
402630155
1589395507
2717234321
2925901798
2915352830
2920047710
1179987421
762620426
400956631
518838993
91740835
793725822
2878989553
1665857581
296042634
542335213
2853683228
2835750132
75639425
2799333908
2515903980
2762033667
14342634
2818741652
2785081873
91814917
344583415
28336708
2748916656
392531691
14245599
22232769
442730889
196803270
261480701
2512746356
407705502
37648202
14632278
10121742
2340155000
36204072
42335846
2292990992
40357797
631415892
2328937350
427797615
135651619
2177678370
102777877
1541575466
1164040386
29517924
437299816
133893449
161507320
1480680216
18753227
2308008506
2282303263
2493413446
194722641
2187248096
2419895378
35375433
524536675
575679307
155144699
2403700732
2410414117
31583589
700113804
2398194939
278399131
1569957583
34283063
431744926
2342644711
2363235240
1395347251
2358930949
171635061
2334537205
46184684
2298708374
2326608284
531885245
893496582
1589413219
20258964
2272427982
791450683
12810252
21930173
1665295344
215527275
988160623
21960710
2276612239
1321016070
2203571503
1638718758
1265351448
37445241
16574209
1887606948
571296989
1849548510
1927527138
1458738865
1722895698
794864215
2171064026
21492014
493195061
1874016247
69378236
636570231
19735384
1525342994
915329238
234057437
100334064
141008915
1957615890
19830411
1698816558
42152822
111670354
1583890434
248215830
245270389
29802669
75328629
1613941476
220549359
516734016
1896244374
1309677655
571491193
1879548266
33433257
1873087333
1861064342
14562968
22638297
227047801
1647346794
237092164
165443688
1377739554
1630961239
1588580053
1646569381
86531225
1072939567
790021856
551160542
485533140
25025190
863302345
188941422
235053298
18389626
123959163
252744614
150800311
21345004
560586111
20501595
1470825577
1477432568
16396107
23861226
1498572398
20701480
1364201978
30853206
389605458
1494574705
1259607091
1482947851
1357985551
570231193
821725704
820333808
1449960744
1465536084
581277985
70128071
94485569
1441954975
93261293
418651270
213105342
974754584
1380578808
37325788
1347900186
66252655
291252989
1387517730
1140703718
1387568120
211532722
235343585
1368264488
118933961
1176728882
37841232
1154812746
967590103
1320515658
323010850
858939288
215926956
15824545
1251252313
1328197400
26538324
709974061
1141356954
113697077
1089172938
1269037458
1288462146
19457251
1269473726
24776280
1006908098
328017437
49115368
619997231
121601973
313375223
1068632684
1109126851
390218199
26070988
32062804
1154384503
119083950
21898041
407043981
1058762022
208369770
1162169018
185915067
915254270
431391193
350046758
265076691
100853035
24929739
33655553
44593344
444591765
885343429
972495504
856432218
144814028
278646626
16033147
770052272
62816837
604642603
47881824
34710922
516867082
273421972
1025960581
64207926
829056422
75375980
25516616
326144014
546423071
515081899
17495732
965257778
18998656
15800137
113335131
888733592
773661001
341626295
509408976
944853494
338760466
714825648
257640449
145224950
17181265
858591565
159099962
17749761
18487429
480050626
253810773
326158694
715764606
911213185
16678888
571667116
539057653
440622422
538681254
25272120
877657650
68624057
27608017
868890049
8834682
44469202
17644239
637134839
856083649
321311419
524997168
825940004
564291613
22208331
16738787
59545739
849125274
704735371
365570769
836794676
314097911
710451181
747031177
42656295
807841369
326941453
30196194
592490552
87736949
84603491
46544777
27055571
16473460
393101179
705371137
115085266
745592394
706631882
84679851
237912818
713078376
253427098
35852230
625997797
403016538
635845996
304964758
13336652
299272486
629557258
253449101
531291518
625502448
538570335
491568209
539101401
36770107
533828612
335012590
312329445
213754594
293008672
110814148
353794154
426350956
255404649
229346198
603766881
25212377
560415911
507787351
515826653
28824136
73628979
606863978
334849558
500161994
253800348
555989969
20936637
35200923
604536611
22299240
550385492
603698235
351382047
601309234
545234332
22913873
430976274
429068453
15717652
594042110
201568039
25718274
308995701
18277219
498964077
521264284
150945955
15345968
557336827
282542884
558848954
32998543
135583582
378660306
15316932
577792023
577426099
467378277
576222557
574538075
249235359
242991357
571688411
18093423
249205136
470267924
354819334
15812463
372695974
366438179
48818117
16172327
559223740
144092570
517808180
363402909
140738341
509180239
224609845
199911960
22266182
340701493
71122191
9506452
54264281
484903912
271019680
191706396
299406634
97157608
446737549
72127679
435155979
14212033
268815203
338880142
184292502
19031473
177388677
537760950
110817434
65353579
308899694
487003422
259301697
100620126
16556030
25198672
33450099
509835059
528066450
204686855
3561511
36131454
454350648
83903191
345735642
270983099
87493971
515540273
116476180
227122694
168555475
482792121
23533791
13215822
507749328
16733690
46227864
357040097
202507171
364671652
500875289
56328691
388328034
482601967
97214921
480887236
452484544
18558269
51305926
37899134
361238217
422920738
460162864
87732724
456152934
451126644
35310241
51581950
464719464
290114440
410041213
15726812
381294997
36263673
106183061
11394542
321152869
177628863
428464563
431686334
351920984
193626134
15373767
412548993
348960020
195332296
34711635
52619386
197845065
9525072
448371532
41412087
463181295
459913498
254428884
384542197
447442475
101113555
34136248
18730238
461823288
430858597
388892606
43973031
444149438
25577664
113101599
426824026
21036121
42923372
454078855
129114219
336007282
373831599
288408661
132982293
58229033
334646927
35644016
426456415
238914739
447501525
429765661
245466557
55703572
370623591
428305914
312477208
82316132
127020676
19729130
131246739
245398836
338950630
37930705
274956607
306989124
202283280
355753518
412299216
22729482
422858332
421451508
407090482
47357402
400942974
400214330
17565465
382667373
403019206
384904654
38703581
48819973
412632118
34985470
388916024
405427079
143886265
385130426
408634310
193515866
406584801
405781915
405751985
361026323
194348135
26036579
373276821
368177398
99142735
294733246
14578954
38042044
394837603
35089269
361295048
72239171
14574463
202249475
330354472
391868078
383995872
342743115
41805357
48524256
254133268
28274841
228181772
280963103
84617554
389268043
55285126
38231370
343598276
180160760
151485395
12908332
378657642
381619798
213735307
37036394
95971065
289385640
97334092
12521552
19113371
357146719
304457365
173703849
106539595
260284470
13284722
161303914
74741590
345262131
379218320
117895281
376866038
14492606
325644574
143915986
312029599
158042890
365186255
86890485
95161566
1763801
47757028
218975816
203222781
86452222
289494464
184498878
163977914
297106007
109164425
63439599
41165284
72889223
288303744
374358791
367544549
22275789
341950179
217675854
320305276
366640324
104944038
290085437
15750963
76738869
140456136
41337980
135057733
62315837
18801560
366711502
121235308
365903207
359025399
361963717
67113127
123351332
347552919
20278550
44482992
75362308
22544194
352226884
28360280
72452672
40350866
346773064
114488492
66031975
297390716
340271101
357916850
356182751
187432638
40973845
103821657
255425390
352899460
71508775
351745358
231141377
15211300
31802814
349202722
204961863
170715683
38645427
20957374
146685290
250203117
22965995
310245065
235670349
87325512
337137832
22518425
113359380
322691759
160929070
107309648
204863753
267446312
136388002
20636295
128007254
266764385
320961200
16011794
29300750
230237317
147451304
188468841
322012171
54772186
149097509
25728193
306388787
287890950
147982722
28440647
311898771
315775449
207600917
266078924
45604304
18992136
260168348
281250860
294070019
137707038
83002445
238784741
302263184
45921041
298247327
298256898
246055807
52106931
82475130
103653633
16234666
258982223
26674665
205514475
19176070
31081562
253221193
38895013
237971587
193905155
35068371
132260884
279150714
282317819
36476664
60448281
56411366
211660716
46494232
257169058
135957996
271264745
276976114
168696336
276228167
173340973
76022477
275348787
274694804
15322397
142533079
269947094
211717944
30009671
40282219
174233165
109842736
178525052
69441127
35561760
268334862
250069993
259608606
145673410
260460416
58920389
15853407
19054532
90941560
127110940
15826688
26834870
217531561
258201205
256951164
243424328
257379769
17574674
248829548
196014887
21794452
15280141
104906508
72042658
163456116
117791931
182550274
97300853
246921068
185741201
223515146
250421407
231206334
224074946
246711952
106492157
70995959
209024570
245852732
10976312
22275015
35038857
161089507
48707079
222405598
216120282
98848668
236943228
17573788
237310483
63552808
185117141
208166401
236708386
48546597
35863564
120031904
132681428
232360914
212893995
227246433
226352998
222341283
130480149
90188209
220256538
225375135
118395842
228974837
198378135
165178659
125479145
72292718
226713935
133474481
221370027
218593761
201901645
101750036
14947704
155698735
205745474
131157231
151041862
46513763
92073417
18538218
17845906
123263650
51957857
199571964
219277121
15221726
17739438
18504867
66092346
29040062
159142933
19804709
213881853
216925163
196046120
17812315
14524244
137043765
190684722
206339998
201888161
201436168
201889681
201895448
24819737
197175658
200388589
76443563
108498237
86610556
160731284
59722579
197901148
194624921
198148505
111672006
8820652
14768696
32545836
67453032
130777653
47253052
16188285
128427746
26396714
196809280
14560734
188953788
15463128
50692862
16363571
72322045
173646509
15225658
60186075
17573936
14440725
15210316
14837928
195947247
143273136
53237629
102829389
189734456
76028598
95813503
23314411
31486186
75309059
17489654
179122468
191514075
182440170
114750341
188046302
184545859
15039436
143086336
177435903
177676185
19714293
7464612
17409817
89802173
13455472
161007666
163885610
177684752
20770149
131250021
17995408
16689603
158489102
68825492
14919424
28642977
15953511
15274836
14322728
123926189
32283017
16587570
50306155
246103
28447359
16562005
113008638
161149770
118946113
114819429
130559501
16812041
18708014
19486209
125471603
115507389
76333569
51491593
40970256
130502999
151100368
86692803
123865715
115487545
55290296
132547388
18640119
21624971
113721140
120161468
132221832
41186006
21389489
139923591
38983615
36666496
97546960
43098234
103987714
61801629
38779659
64892012
134878248
134857128
16271460
19293408
15645871
128183953
10332932
83438093
127423191
96916861
32692078
117317083
15551812
14434287
17801805
14451294
124363684
66834352
16382525
15850295
94420015
43865033
97892636
28084977
47415622
27665615
115839648
50074649
15964047
70455698
58546063
53159190
93069669
28191577
36762570
22723002
22671716
109193538
53401659
112679238
18383195
112682264
15905212
24686694
15249578
23467124
113643881
111334166
56503565
56736299
109301883
26519128
104668338
14643671
15349354
103040620
5732162
35043228
44164399
40868243
61173115
15704958
98427453
20343117
103058867
103057708
103044268
103043484
33174178
103042107
99742444
103041614
103041114
103039345
103023746
103023317
103022812
103022269
15904274
103021562
103021016
103020162
66960457
46163519
18904967
74224331
14927888
28359242
105263053
28223692
15839938
16587571
35616990
87670509
54052039
57528569
33880118
24539231
28240302
21013461
9921932
58791339
16993954
10822452
32178689
45458460
59916471
12203722
37723843
21976586
22693812
12724052
14822698
18220718
31433420
67748167
104184079
22866395
16455137
50022079
94847386
76019799
77210288
15254146
1779261
69850956
101879060
26429256
73137556
18266467
14604049
42151509
52197298
16312422
58688197
38897436
21211124
15895251
58701489
15250722
38742528
42315951
92951612
16816155
89800470
87601449
45771142
17194090
34904414
90261310
38739882
38732231
27851996
16173914
48085489
85883000
50338854
85803142
56771234
87602877
18333506
18954209
26892126
36162240
16497754
18292479
17122755
16854190
650903
84614511
17277870
85905638
41826280
18626424
76809625
84401427
28157177
19799746
39429015
17513235
82490577
64296626
79344520
55220904
16283736
82500792
18537956
15742514
15628274
37226273
81347865
80362899
17964209
14487257
29130766
26027127
14985438
79735408
22344354
67759554
31594992
77083978
15344420
16635083
7518252
31557041
13227722
21787636
29297802
16951756
37008526
29353601
20175361
71071679
17311063
61231339
21211055
19935879
14078180
26810542
21971128
30221886
24133736
24683150
66740869
20075668
16309996
24704470
21817757
68339530
68339029
68338332
68337449
21742538
66463498
47143623
14467351
20469752
59552570
64387344
60725789
19047089
62647711
64993941
16876751
46664359
63531649
63533499
63540017
14058790
17066077
50102198
18868316
36074354
21808591
14957178
41442900
14518662
57743433
59756057
12037002
17074490
58530460
35007560
22099421
26933878
14633814
24611867
59167870
59550224
59263568
28626733
37081155
50618705
21999781
25948016
46873464
20630597
58310720
19090300
24939826
48508127
38592895
25302088
57274998
19078785
14796926
17987116
22623135
18233538
18270755
15284900
17146589
17986766
19406070
14300107
45510661
17074240
47568506
11846302
50699334
30823468
24455362
21545357
45141651
15433946
22089690
43988319
19181549
19636660
30012218
51160857
14944241
28621968
17487892
47393008
43047533
27690805
1248081
41771637
19456939
21939284
49798051
44389983
49603291
36945449
49146290
15561214
33573386
19539602
2650921
40723336
41879712
17513981
1317
14556477
25509705
40500274
32879813
46731916
17156561
19395187
16679916
25393674
45819061
35096291
21420511
27922157
21594021
44385235
11351922
39514082
22341209
39850054
29248113
36339871
15136551
44655564
31265996
43345660
19006604
20035929
14885252
16371644
22530150
18122928
19122213
19997236
41070381
35916178
20568083
37696613
44241860
44393117
22390190
14723225
18262104
17898327
14378113
19836954
37452276
18333163
18478452
16745935
17066608
16137743
38048401
18501320
17593283
20369825
17527642
14454302
15050972
15584776
18369646
22627888
21906739
42840515
18644220
21466801
15614444
16527254
17412181
28443212
21618344
41624358
23285243
14552421
37367318
23844016
18398842
16989278
23798980
24978351
23303238
18647254
10777522
35172772
17533507
41738062
19329121
16084468
19036428
18881138
9553282
14710904
32688355
34670731
18080529
19724696
17897772
18239795
39674141
18179088
15784193
39342549
38320862
17991810
38801913
21096140
18029069
38796767
20618879
34388834
38175073
31835879
35057424
17573918
27221660
22770264
17014773
35735797
19995306
11752272
22186286
14639279
32568476
8451892
14514365
29491467
16050032
18485250
17143775
18089164
19897004
32521301
28440688
17967259
30286699
25085397
11274452
19347202
27298586
18365744
20858267
12039032
28377232
27028926
17144004
25141738
27571538
23929432
15554127
24879158
15934814
25810628
18450727
25358664
23678982
16530559
23242736
16961042
18516097
24039155
13796922
14827089
24199315
19573709
22225331
23987677
10305322
23762043
24195088
16341922
23911666
18320745
815233
22290987
14685025
21594512
22364046
23078005
22717146
15154255
22960857
14062071
19240113
15418853
20338156
20174522
77753
19308138
16924807
21496050
19912933
6584642
16012838
15433144
9720292
22091249
17375661
14435376
14755273
22017380
18057077
20642650
20544405
16342882
18034019
21528296
17594160
11535802
15825031
14376012
18773467
14258424
18608305
19949381
19405953
21321973
21252414
16313751
16329446
18802640
19557766
16402022
20843028
16474601
15076722
20134897
20017243
14441856
18392525
20193452
18083983
20654705
19536715
7872972
16333360
16861894
18924060
15859970
18193936
15867943
14837385
18230237
15699765
20056375
18416638
16863813
19653152
16487712
15067525
17202556
19658016
14002382
17235918
18629925
18193921
16534463
15067564
17592800
18894049
19070088
18682756
18343766
17518823
18052426
14309047
18808413
2074981
18622774
12014132
18251376
14624492
5007151
18360983
17295146
18667143
18634465
59213
17529503
14118582
18859316
9548232
14849573
18341086
18787798
9345172
17218411
18446307
8596022
18715066
15434757
18692858
17720062
16422451
14737374
8997532
18533121
17977508
17885796
15882988
18452605
18196249
18355938
17639021
15371387
16677192
13061442
6125082
17500126
16530867
18106362
2899761
17997888
14519878
17858780
17729063
15790717
8984292
15741941
17639064
7885582
16158450
14296882
12010892
16441584
16354907
16026253
17372514
15067280
15998474
17400916
16257434
17425663
15103554
15000205
12379842
857141
14554273
14128901
7038312
17157352
15694341
17123861
15443665
16840698
15343645
10348402
14520664
12831902
15420440
15910121
14725016
15170795
16045742
15694182
16620538
16088519
16809682
2356581
16532217
749113
16064416
16324597
16219978
16105083
14977549
15930063
15822053
14670999
15281511
9543092
14167429
12627732
15049219
14906247
14352600
10080422
813286
14172588
14704086
15516004
67973977
2884896763
1003031816
3288844876
2895344881
3139075266
2427458814
1878987517
402630155
339195012
364508043
2799333908
610557381
2528776656
1371494263
2456243486
14430086
480892672
156854233
278399131
2298473382
2225449470
27682840
2228231707
2163353473
1655656254
517168380
1871991834
213780199
1272641539
1634234562
31897821
419716097
1485580345
22255197
1482947851
1016108653
33376659
604141518
1302601393
1141356954
1107888008
260361653
34710922
431391193
516867082
14816063
407043981
17181265
944853494
995655854
24929739
16190942
904886851
16518494
867660559
326158694
361238217
44737035
440622422
883997976
139744512
79344520
817943274
19019251
705371137
19191015
625997797
528066450
395545765
603698235
429068453
363143575
115068678
308995701
483751726
414041530
556141891
559223740
199911960
426534479
338880142
446737549
436914484
323284201
288001342
184063011
514682562
500566915
348972559
16605116
164272971
15616834
482779610
217099550
326400208
478611317
250864736
340552341
454631799
421275603
407131634
429765661
194850428
444423210
202283280
95971065
357146719
414419882
411264003
97334092
155558014
394837603
364785885
37724054
48524256
14104401
188437749
63318361
325644574
764083
158042890
177231194
16232235
288303744
239096851
152683712
73160669
28360280
292946919
40350866
29002806
17476084
18734353
71508775
285670262
241306414
294070019
335018588
304457365
35616990
16172327
322689511
189659678
322012171
241190732
21596811
113114433
100000760
27680898
282717311
30976760
205594701
28704177
38895013
97546960
108391366
45921041
59722579
109003244
276976114
119296057
63272186
21440792
57360443
194624921
216120282
51581950
27359972
240006396
237360010
208166401
55648286
17122755
133474481
229680944
126697440
25728193
22709100
199571964
123263650
17513981
190684722
15551812
177971892
19613406
197901148
68293745
120569055
182440170
18084238
37036394
94485569
119845705
177684752
163176150
131250021
87804321
165566350
19052570
158811621
76333569
117537998
135154195
151100368
151250101
55290296
39377814
54666173
43865033
117841559
14436308
14551068
21438665
53153774
70990537
111334166
112682264
108701537
66740869
44164399
24229625
14675205
31433420
14539549
16455137
66212435
18801560
38742528
52106931
38983615
10305322
15620162
16816155
78927815
73135424
85883000
18501320
18333506
27895184
72584445
57859953
14228801
51437094
49053578
1087421
14133075
22381504
37372337
31045204
18084746
18864393
21613943
18504867
15347337
11274452
23678982
14404278
21785623
21817757
17142001
749113
15792511
728893
