27552112
3225439235
471654103
2822123069
3188262614
3145317162
100711604
29055398
3168191809
2896493007
281258572
2456223144
120125682
2245563707
121329510
586605159
2573658102
2799333908
417199107
2542786546
2315376242
2745960336
2732130742
2468620628
2459148594
2678175194
1452327168
2633854794
2587457659
36491542
173427999
22185311
2574825826
18084770
1541554333
16283736
2412907408
2357313352
106514543
919967676
45577730
278399131
891629881
257565750
34369712
1444165801
1244577362
34435400
831895592
41057719
308660195
2164821037
2156930210
258561929
44986811
127241366
48130934
585066079
1630065314
1601945334
376295799
87183181
26762095
1523054676
32160273
45361674
1201720580
1201608860
1337897622
378646366
1301663767
369627427
23098595
65063000
20359366
398644331
982050912
54074243
219207576
620552955
494683051
111452301
366212172
714758864
1129165224
53220330
27326270
630972153
615126885
586534590
516957309
386104689
20554432
37185871
393439707
25838635
19355816
619692047
452721884
57467245
350038373
115992479
326238104
134889262
158750750
619782765
16928518
836133169
185755830
598110099
555258399
98572305
584917301
20062784
253589897
40965273
346158649
297013433
176616870
95966081
231796277
413966465
234654662
309816975
587875290
47940522
15610529
106487727
328875545
733905782
539415807
228886397
213968210
586100119
754345106
534485897
73013623
300311017
747257564
384204208
55928951
132685937
369463059
202740046
454330977
76456821
713385986
566430008
381113812
36604697
601306823
11639012
146414577
463100829
217804739
18027450
715455182
224631899
197539214
528066450
534125583
635845996
188482661
104082271
294428225
332469635
634841552
97057707
482626430
31042537
614726161
34363947
27418325
635807300
633046545
403286430
81712600
253124237
12819112
636851626
94103369
633474005
346645596
243766736
302128211
160062203
452989627
18111819
218132338
332887433
91513731
623463481
549843702
261714158
76806161
293010577
17469289
426446796
282239730
236485659
267361949
492311587
606788648
609564000
617345462
83162142
214577296
56900088
357070135
264391887
82408973
292031817
612101066
535822659
476690040
587731751
474488242
18343660
342287920
427120128
206354912
171049175
473386060
16490951
151138975
132565357
134238706
88861224
317444911
210970114
221544927
34614611
563698814
451137045
403942389
279646277
115116166
81846137
521475481
572825981
245557444
465873866
28392318
191173476
544304247
581295382
250621937
21480561
518592848
370295117
201531821
380992616
37897828
568836137
283214131
58829876
339424820
414041530
495368907
398230569
554495799
559223740
259301697
549374545
163513090
387967705
282928610
538266869
534681835
338880142
18398842
26404914
506329882
122043528
20774461
237421991
115749283
468120179
195503811
34249165
126643442
415619302
206723620
456352770
227188351
352414533
374082977
490990452
78050789
257353887
132534480
485043387
461753289
46893069
204881736
474311023
41291277
23841368
58422569
286352949
429972525
55159518
233995840
257356291
129649108
460381703
55935900
417463736
199911960
407104096
107354991
233778782
443718926
447062441
88569658
90089811
306563074
82673771
363886537
150180480
42665853
452178172
266740951
443630730
449982041
370623591
244332025
214112094
36801473
17315765
441054723
55381056
428305914
15476594
193529990
425724057
70902048
437644278
179192887
14245630
413664525
128966591
98695924
269552103
194634206
36900794
426534869
344243146
36362828
329731355
78111633
202283280
26299143
424479018
392697605
411854664
288967092
60215516
53436897
217538121
78119834
260254026
412415706
382861648
108726973
107497101
396025036
226581580
98186514
390870242
400741194
16584730
394837603
384239369
386915801
25268039
381007857
386864948
389366949
388337607
108305435
46145761
355757265
190769759
20047797
34698707
30427392
158042890
203533473
267586295
44482992
358388976
320305276
371392091
292946919
180160760
167248606
166576030
350288486
244432139
242947146
178011901
327564827
263853293
351907242
328987499
67578950
12363142
211660716
280840653
166257647
18757995
128387859
317439340
319772876
332629841
331739843
43390470
184861637
38442512
322012171
169978831
27659232
29558181
238325986
171783473
26343212
167090330
166514590
38895013
176436665
189631730
287870474
120598887
275129165
27343692
273124475
275719965
101283878
272647814
22258624
240697914
35541975
254811905
26159959
226988886
262514456
190651966
108631290
30543530
229890915
42174783
252191382
114804368
18164667
126697440
22208296
72042658
244445953
72305828
230384032
247258158
139921027
207804660
66135098
112523908
31617612
16638981
38689689
144566509
235278725
201361738
224257275
201497650
19704268
15460353
233205404
100229356
27733460
234007962
209811009
225036515
118395842
227058516
40348809
176937568
71577992
136383061
14121485
225818148
201901645
146577536
208148980
87585745
161660561
52638981
31488166
44722140
58860079
69686758
97274064
123965046
179717419
147478657
17500421
211754710
18813482
111758338
33266207
180759859
35034600
83215280
204060068
204065391
97956547
14121456
172426859
17505541
190965203
180965316
48631668
49277609
182638001
198724563
78839113
200217335
202845158
84706027
21782798
198909913
120197807
149869279
154166658
89735429
180030434
134814796
197779578
61657464
25314671
23496040
43004840
85728289
18157202
180139073
178541272
197283779
15564689
141316489
17409446
187605060
167460154
16291639
42435186
72319377
112677557
193950234
146654701
15549462
14585998
157095556
190890736
88728139
193075666
36431627
37743659
23787735
175196160
53515180
110460847
14686390
20158542
95255792
102827445
28655732
25099561
49615301
18562384
98743305
96736804
125677145
47851038
37484541
190386212
15740275
14437914
105093292
38541481
183762523
22802857
42333847
25115943
22015478
36870005
36874917
77336341
189258121
50961707
63534179
188522066
23753124
90992783
24753513
36574056
24963417
130611155
137480352
38815303
29187814
19581238
15556190
186412494
153620386
17447124
19571909
19833809
166623394
78959209
63533597
136504257
155319437
175901159
29742270
37250975
166712493
125533408
58905170
101098735
34711889
97258833
34537082
45939314
183517054
23050842
165426141
10169962
163885610
43357914
176529428
180220940
30544361
129705345
124579132
15674112
20201211
114700985
175910179
155597534
180749014
181101962
122422799
24769862
120547823
12330852
80921389
63256772
176911333
176909263
88986562
15622480
47894084
134898339
178644365
179189649
175354483
177865368
61881773
17430069
15608092
33700884
104070603
131020594
28118109
156738853
24224625
105055221
178537092
104356854
133362309
116456450
39349772
4864171
33420900
134535131
135985631
19793402
24826933
24183598
143840827
14401446
133149501
17183483
146956850
15985831
14702529
102178423
45193109
134093417
176889059
90956783
23921891
146993635
117250177
20294485
62547220
17393339
20608103
90437975
122088855
3015961
27794327
171175695
56092171
16597806
170095441
142802670
159504760
35376328
154220003
20343860
34202772
63053147
168816012
76289403
138519730
80356764
46008015
55242711
98556705
135446717
160333078
142977623
158230117
130681675
139986343
22095414
32302688
157240029
104297349
109000435
100703214
159072579
161149770
111638321
69883180
151074763
97509968
122685310
156415632
85722163
27745916
38437489
154774704
69723684
133664743
87729425
69126688
149233699
94707565
18963172
61545748
79179171
123635930
133038443
18181549
51147854
30626254
98154074
98159549
144557920
134805806
137253874
112258220
30160697
84123084
23081777
115778040
140113999
43180990
134826804
19289907
135817195
131010044
38865415
104282995
20154994
132547388
124331423
57553157
94533457
119937385
104384617
111111089
123284564
38344637
134165808
48126883
128374599
82368677
86544686
96511550
114988333
83231834
127409465
96271040
91640029
109754253
87625312
28363722
95578141
25372259
31253570
126265674
92438279
27334336
26382926
123538469
96922286
92126626
122579176
118803704
102751307
116573278
87728522
41561657
97322276
17093617
117424644
119294300
111330700
28880869
106872710
91008042
99347073
16956324
117231322
106797484
108316522
71489644
88606517
19378927
95973971
115032454
92607192
98739187
20005591
17549399
16344137
9062742
78976728
15245706
31124395
41926825
107473526
38109868
55678018
82384758
101531695
76158294
20434870
24606850
54928696
29916578
17488642
43948275
74808650
44611622
95296181
90947909
64477358
21438665
97798409
102867341
45266037
34672679
96933351
24232840
96049864
91576757
56378468
37610679
20694467
32366135
49714129
98935537
25933636
20005394
20070557
18387162
16438248
16406682
35922272
39515660
17291284
14282672
20603062
30724493
16645335
73857993
84719212
84735932
22264615
71472806
98667178
22371359
39862620
15251252
19976462
69373773
94445290
50014224
42781841
97933962
17076774
19398606
20733178
27817316
16533877
23597503
14283486
44674348
47847408
83925761
17387589
58795846
67976245
73316345
17010526
82439343
36452283
20264308
20448433
15803225
32529377
48992743
16632949
21982104
20732690
26239210
15353955
17200535
18083983
14647570
15920899
17051344
19341895
5392522
162311169
29336037
3212529365
1354385257
1262359214
3301669757
3345670731
18863694
1233237320
300502396
3245426395
1341922574
397614046
369842300
344005183
3254798987
3253289764
3253197437
292970304
2394353328
3191092426
633287684
2860463881
2605638404
24344652
3052548310
213028174
3061646033
230595331
2425833714
2971376799
32232742
325460139
304013797
245543591
2990942506
2983333563
1063815098
2907427839
579665879
2956482169
975284334
2959063670
2942559074
2923105393
2917041318
773489982
2387939822
2374249382
2835177698
283660297
1209141906
2799333908
2561430164
467466197
2165492164
2617062096
481522132
2601302382
1652593748
1021223906
389555700
635782223
2562567649
1468185666
2401278002
2323306584
2249319787
1362926293
975765326
83383002
23137202
2437778688
48819973
289530282
2394551622
1230246469
278399131
1464288943
1291041361
2338573747
517168380
21448143
1857424286
1551364118
2292259322
20824677
2289742603
463942509
64701520
1961128880
1320268783
308039297
2205510702
706056389
110784618
1428870378
1953446990
1950922032
271912632
153544563
150903442
371760024
154647635
75315890
831817183
1428845606
63918643
341537086
144692356
373534273
16784095
36563254
1482947851
508102972
915254270
52403493
17879144
15993217
597656539
97335629
820333808
571552764
377177783
431744934
1439392621
826532166
98395068
17485303
855630680
79709174
151639222
390218199
79799117
898660380
394007840
131280158
15970392
1325357749
1339470025
1357985551
344588872
104899790
46369606
288764707
45910058
85845767
1318046575
852258031
328354738
87340865
1257409706
369023733
610557381
17334369
487824943
750450067
380351754
1029134900
827199930
719847325
367404072
295754642
255404649
82508559
975383059
171655412
1093431584
313627341
881774965
254719698
586722375
254428884
991609446
47671316
40239375
90192168
182718954
22453769
973527073
20640553
618682664
232974955
971485376
917128614
963966290
26851087
622036164
242775703
126403652
626515325
929988624
90887002
834942439
900610513
209944791
52057155
525984544
211159201
837708576
755256006
19081124
294288493
717809192
15235281
304958575
864172345
834055856
556685714
75508209
20744763
177680227
125245672
44609648
41963164
292229728
386467478
263861263
529046302
83939854
368694204
272919021
411178171
194583073
467466727
79082352
279032581
11768542
249989920
565374826
381115172
30297524
475319623
787754594
555990170
778157424
149618425
256172149
756961616
279470830
523905461
193827954
56871717
72701241
711289249
3043371
318874371
195833737
607120087
108483985
707215039
37001650
274416029
556913787
61595273
145500775
89581178
113318416
267898514
183093512
234097770
500161994
26303709
296535271
635845996
602122782
327029458
424702658
118845867
556294774
482171475
67037642
277949955
629481800
86544813
36770107
528683774
14640587
27040096
311876503
621997665
534863272
267560702
348640124
72518635
76488224
531291518
387345813
454349251
234627875
56154269
33602475
6435542
419786996
456050820
40741781
122379868
532338462
15992091
162139628
578684979
605274700
603698235
377207936
240969977
348756555
124769020
39869696
248277901
71276879
308995701
26798553
227347392
321115885
96310973
296194212
331299608
23648764
75570212
154598371
32524792
283669204
132323460
374642593
402676135
413365802
430186057
583100082
582155052
579980227
14314467
34457783
307749482
377070328
309824549
105299047
274508758
558600268
153334936
414041530
103608839
15198582
222838978
330126487
501081049
557390858
108391366
384542197
52106931
225843950
197481942
85147122
430976274
103476656
75375980
44361863
80895456
32191065
24499248
364309601
28371492
18345963
40758451
545987094
545457833
15221717
544624220
535263569
338880142
330364873
332341479
424478117
30090766
92225021
323284201
240650014
373364493
272469719
525185207
282047937
10489322
13119862
47402045
261924873
337472609
219622979
113420566
87872513
14241407
254748836
189795315
319255477
452338094
460773186
434176727
291825895
452484544
355520163
17581780
480341885
14222647
148729011
89088267
429407405
286683157
383954027
406063791
276778247
208246862
247062249
165530769
246556376
16446860
481651168
199143804
27195245
69001280
222638268
305205864
7137762
476580673
58229033
40078236
464914819
365291770
394815401
245270856
57142731
466670950
20102364
457390193
253499901
128193202
42769016
269250763
446737549
423822798
288320158
22843047
388352483
398236873
70762056
426830717
451781771
335534612
360538190
432443057
29040062
447142057
397708955
349292364
62092810
442380382
441115885
17986973
60630151
199112057
411010884
440503135
422085430
272331850
15262994
133402766
81467648
39223780
250090203
366495113
17131473
390521214
188044266
202283280
93190351
283214813
160350199
244769784
145493595
169486127
247442777
257187141
162708788
193569791
120627505
218895552
351617402
403162985
344687343
360985915
169542801
111622267
24015462
316114418
175635828
341061518
382161669
364569086
106531005
181327838
136322338
386986151
280192329
71551011
43416254
27550713
387526235
22439449
24929739
23711939
20862389
92378223
31705245
28189060
30145166
92599091
278031565
22387436
15620191
342207359
15643714
207720102
25376696
239126045
391130737
18394976
246200340
16096448
64227130
19331859
367315690
141318261
113435127
242481300
9751642
36032320
17925141
374688969
162691514
276701761
19491657
319842757
120545588
285287580
91641883
102192705
256816652
368968358
382724471
271305594
18488535
14430086
115184787
308078340
82943797
178525052
357586540
43860727
18646356
24798988
98737808
14435578
25885519
158042890
145101844
111514607
255001051
328916277
108370508
283687745
225899190
27188645
19298156
184875909
94279235
20402036
333056412
158349357
14499509
135210572
353628622
29836940
374488361
199776367
363868005
6323932
68988169
24672668
182444544
18902153
302374023
116088501
31407181
223802180
136769910
272097475
56411366
325425852
61453944
33133479
13306282
27644689
361963717
203101842
312029599
34985693
11299932
357380398
292946919
3652891
300337230
41140566
335338133
17568482
276144462
36250675
338302332
231859418
321057125
205094271
85623582
15678167
45833204
239791743
298692187
36900205
343362552
260341945
261999790
75712842
311271073
148418872
48232905
241709952
20204507
322664880
18341432
336741702
65677287
89649007
321744799
23850166
36087646
191831122
167389109
87520637
219257358
105305259
117317083
104577478
279115797
39897996
220573904
49549837
280845998
271838379
208341467
225797788
304107084
257636906
310885780
128370140
110746020
212853504
66196538
93130997
40579763
22793615
312094499
67325697
15008290
14244342
14251565
257920911
50744598
32729111
174318090
296111756
17194090
164387819
38304936
224195078
277930595
38231370
107930490
248734893
257025239
135012379
51312836
186605003
166819069
14322728
140592007
92096544
27678213
16282576
237361523
80076946
252519321
17091545
13870522
211589627
31139660
105431305
205766702
21568398
107426979
42840560
34917229
154093174
18466829
3273446102
3272686657
3272673535
3272635670
3272626334
3272104532
67973977
3255853692
113743891
2993450698
635752113
16231168
3258487898
98089176
3255592909
3250066340
2916006580
208138875
2350518026
104501540
3323424143
592101519
1433803981
3227622284
3199948114
56738492
3235310984
3235207524
274213788
3297171647
2170670504
3288844876
460505009
3234677350
3193819974
3246424451
2952317147
3224670365
3138026645
3215820249
489874212
47428990
2804108831
51395981
3151754864
3141674070
3141743695
57631031
2967928463
1878987517
3105931399
2913980333
528198782
3092007163
48164287
386228352
2427458814
203487050
2216762577
60110745
1485399156
143358016
901103376
70961950
59159910
241937628
3043895307
2936308326
306413659
10335302
2964166150
436748991
1424533776
3016022857
1489397892
2451562988
9548232
3001161656
22671990
2321290860
1162169018
487454020
3001420894
393037316
2578837430
180068933
2935131134
1368404684
2890892908
2808979546
2914295607
2882808362
2446227828
2907556098
379755617
2951593715
67343394
402630155
2658813266
108481454
114810863
1603729946
567535027
2919941630
2906451603
2665238910
2430976122
2198524591
110279812
88455731
735479288
411023946
213595628
60988078
210078355
119974354
2730315162
2557121941
2863845262
2889013345
2817793304
2789180230
2847307816
392532535
415860037
42908098
339193494
1049706690
562445214
1266356383
2659410656
470462334
919537453
225129996
2850975834
89567657
296042634
2841450696
829814466
2835697495
2799333908
10305322
2814478093
99133856
2626280265
2786560764
2761470171
6292912
772198368
2153461352
2777340403
302325420
251088217
1536802513
2469130962
1095581635
1946364200
2435289338
2685136428
413931829
2292990992
324472108
274828296
267846060
2595862907
39417734
2604592328
127378696
2485411052
2591871978
2552909442
712885679
1698951025
2429688602
1131719346
1886942300
1059448502
71176094
1362002857
109376463
770377932
2554104445
2525390744
2161107266
194690345
2302708663
10226982
2194863853
1284656312
508374623
510565762
19792225
2472652452
1445815352
2497360639
80952984
389400214
15118429
1534279520
2440570195
341884823
27947556
885515647
57114565
2463936854
2502638193
2456860862
2447071543
34283063
514378824
1005021271
166241670
1921972170
300077038
1396025305
46133710
2436395217
260249443
2188648615
867549205
66763500
104717870
1904267863
467605028
1731478080
24576103
278399131
1904979516
2374304046
2370822018
370275078
31419501
27678221
2332297627
2360587970
1728629550
75500600
2286920017
22572663
25535619
2231767311
436400805
70939506
821747382
2194418952
115214870
107542559
391189193
260006905
1730570600
2296827763
26485352
581954959
2186534028
17429646
1284950995
2179626902
71305614
2283955027
321860296
2237170323
2277879630
23362120
1934688001
49755003
1676673396
290033983
194644112
1244577362
1484998369
1246382568
244364986
525329989
28676197
1440603830
2193128404
16735168
874140715
2233756358
327546313
2229456175
2227980811
15900100
1125153289
2219413272
2218353572
45790829
44906167
439760609
2186475257
9693732
38839912
175633183
16547584
548491281
1501141202
374489165
786824251
19211447
1426685918
1686157808
282730331
1902612775
1624536404
1715524202
1665841046
546346198
1520819827
51232736
705031848
1871563760
1259520480
732853232
1548355849
549476819
96864050
1498716865
24497630
1514942990
612052515
1655200802
1548883166
1710906145
20706483
187595537
435015649
609998444
1699841748
29726998
274231893
261032818
164731201
1668127099
456162624
1243124022
153544563
86172036
272832646
403016538
494300815
876073004
531629602
1481939022
1662685568
86381586
268609742
1613213816
587980909
1549052653
434530298
524921549
108454159
392190787
268534620
558504178
1596626185
338530736
614986991
1566931046
1573376953
1402014324
500650089
1408954562
867654146
45668368
249510394
1486748803
582135622
15207082
1286345484
22059252
1548843402
146211541
1485580345
134084845
1089193110
1514138353
1424471864
425228187
1467617616
1411051254
1286193416
1510670168
392436186
92950839
1167635010
709387884
905641458
49017882
387521338
1482947851
1112864137
1056658993
461743239
476159450
631726460
1449960744
153551571
184675355
594296506
500968397
1438950271
1426951452
316585047
974754584
1409275112
258568716
82162291
497249560
1114095811
323010850
132347954
257797534
108682319
1369939994
1387517730
631443295
954115538
636569662
110271591
1374791472
1302601393
1318817736
1194257389
1363504106
917392603
1323049177
172770233
746292614
255653769
1107888008
20422787
260361653
948662821
620317187
288764707
460636688
245419937
1219099572
461470904
1026254179
190688984
184812351
310287545
416699260
1149971683
984497569
1276516087
194439780
1231126183
90397062
198284120
861348817
119466119
53465287
1270181550
1272665430
232633093
561380150
602770530
1250525000
491644552
1257894391
477860511
1254764342
1167373963
136426128
1045690482
95686669
1063413966
266644156
19338217
15739682
1198875576
531226490
1218235873
97370363
281572770
544404835
78147666
1128956155
262058837
133321787
1170792781
159099962
1183013472
874939332
1007620056
435965366
134841267
869550416
21898041
69084538
1096820972
1010061702
852668797
1162638985
55834471
31137229
920604211
617103609
38417229
935341561
19035175
180142154
34358861
491575108
1130928794
544274750
1128815310
555471376
309129535
1123483507
1123032288
448402818
599937297
171940131
247335763
229054773
1093559509
891712416
256696301
125891761
423914655
1106123924
286324384
246501901
137548343
1080500624
100853035
84919279
1050979514
460349896
904576406
332830042
37711481
19744744
940807710
291875085
48023874
581116555
120071239
135595265
34547429
117531193
588629982
1024510934
946083566
580161375
117598120
515773610
241153514
634002871
501138881
432312214
938211312
58049156
473051989
916993556
881805559
938252803
912987373
984814602
798004064
504915241
74170098
509408976
493080396
858591565
796246147
960478045
861011413
432289109
794115918
302074581
716445607
11897882
573223552
264333381
326158694
87854801
243395314
841693920
51441812
254928770
60265289
247367732
440622422
463013529
835706772
869509350
302563056
380610220
714924710
25766545
252041551
45913400
562305640
121247423
856442593
96483322
851938117
46674766
21326240
343540352
18034533
842240233
537193485
44726094
278646626
560699868
536852517
822158964
825096380
183634532
528251762
120285364
792794676
588749451
87736949
743033605
429235602
314103931
627807994
381373277
534211910
329925098
43228691
716739450
603698235
753124434
575096104
749860273
14563894
302810372
36837306
382160660
586257477
70539333
241160435
624940328
556077011
614997791
183408703
733776145
26530435
19363570
633802656
716907416
102631705
45113631
240272847
625997797
528066450
487869395
635845996
701589116
637015681
249001702
546065844
22897949
138065862
270455576
285029771
633158767
395545765
598265877
65212011
22381756
629322016
627516560
93694724
125617468
533398563
532720412
52106931
565607206
555339015
154385932
437002374
123965046
413734733
465535605
185624589
334849558
233636578
17385513
96355923
155187816
278497094
604669539
600926819
600280744
127644260
96119384
18640440
555203401
430976274
560765705
107169094
170016558
447442475
20451884
60025337
576591205
546485165
564748792
309641451
181025384
563863680
142893631
460833550
574175215
571426029
114206332
472588797
361860437
414041530
50844174
72421465
64459617
479768086
524544250
298309094
18241719
417085955
327513267
559223740
154018393
124664725
159052700
556545847
552451073
550624868
541810778
445347139
545602258
518064586
26601012
543605814
347162784
338880142
254700702
471715735
508148145
488573724
300247951
386700891
524833513
117896191
519742525
378194577
294357892
507058643
509624225
450019803
258095650
458810217
452484544
494238170
296873254
89254098
463838791
489129787
69176038
151958524
379952027
46204160
463036471
267898332
312708057
388323494
108838401
42931430
27678632
467546601
286844562
22146160
16871191
231867395
211909025
468064668
151574328
382880248
21409640
430951707
56472945
454078855
454217513
151109102
161899320
450683285
146606627
135598964
236782408
17680182
442381864
20964705
218943794
437630408
296878732
430518058
62488079
413012081
225579118
408514903
113926283
190445520
422008540
247753019
346861423
404856717
21151192
23069716
67664630
217912284
410838810
411538512
414836251
226192503
414272183
38703581
196288391
410263668
251390335
385130426
250268989
407927342
109164425
288763838
146984636
393772860
21272787
394837603
61045578
34064695
18885566
291730202
373034932
389588993
760637
297534313
28360280
211284235
342743115
322599348
19501225
242947917
151485395
300999511
385298628
386860595
386740736
348664248
366036197
319258168
253221193
381672018
62025543
158042890
45543728
318393882
239095701
379589561
379283077
58018444
299893272
170341010
378621714
158814557
378570208
141275578
322177587
372766820
297106007
22146825
349664648
55279587
343094817
288303744
314396253
371431334
252557977
131302945
369819750
185836047
50407613
58602676
252645977
366192448
100774072
27925983
219557044
365005197
361963717
364335377
225106328
360670714
361365912
289494464
312029599
314053132
292946919
22856282
85651705
359025399
22150312
19622120
296495123
344375241
330462746
355141354
67578950
180481025
325132539
311440241
328500266
353886329
42656830
243970853
181844988
18751524
352671427
83753081
16257715
118550220
39427732
325153393
118865431
211963828
75096251
158061141
19364907
45604304
14232451
199784550
288822042
282791796
288625220
57495588
275562808
160209043
329035712
339652234
334364931
337327529
329307855
313591158
329043967
288510006
289897152
313434025
79054528
68607426
56478537
216501868
15616905
270173338
322012171
116530984
92228934
317281777
317797173
290183357
311898771
318839588
312816924
93677719
59385011
313550043
9620082
220532756
100000760
35155595
25125805
308223274
299708575
276124743
145115269
305278188
20249926
86537552
160403163
250192336
246753825
304802247
65190307
246055807
301460184
281053078
300734803
294070019
302044801
292070082
300341383
257647097
19037551
45921041
159381625
261149739
291091272
51733689
294603759
123583134
31081562
271508581
292978006
281164180
138087503
287197624
281772146
288291716
257176630
268570488
279150714
231434411
70425897
19753092
207166536
282788446
54968692
109003244
12753012
276976114
279073994
276228167
34950960
276805129
18741044
131481522
234833937
165485679
142533079
222137135
183551713
247559497
161960363
133609381
260772668
268380041
241352198
105222587
29329196
264489105
15305242
264424054
257666485
213789308
70657626
259330469
172064112
255573385
262071083
40282219
194372350
232131359
98010054
244660420
199640411
216802680
63563098
73030023
256179975
197125799
235995939
121566848
211589627
134793074
38895013
79259507
196014887
16227923
251660223
237023901
133474481
227060460
226224731
34907048
101045608
240070412
209264781
241292238
12807302
12724052
96430054
96908055
82990060
238610446
25513173
50851023
206557206
51724599
45383857
162155088
216120282
201164878
225666150
92983957
237106488
229852544
35812058
51170461
224057948
98785954
16116421
25728193
28274841
226739220
231971593
126220601
230087076
155698735
226145917
218577855
17572811
226422540
216955285
84770355
42133484
225429530
224242404
224782534
223973717
32567337
123263650
56461089
216768155
199571964
219553100
71674759
38699173
130982709
112306440
134930804
20726734
203106907
170113518
196293089
27464993
121623525
208468766
17088009
53044329
129043620
169471952
193802381
105238204
25718274
52924473
59339066
145030618
14715162
190684722
197901148
195867588
14575036
15953511
40052418
164942804
38586891
26385846
87732724
103240129
36405037
93241946
134170677
195158761
20100548
108725281
190497614
41253753
105251699
58820180
52208488
190377758
18514087
154955791
17181265
182440170
190349161
19352070
87623291
95205975
183519480
69400169
129866210
89802173
161007666
95161796
46459321
179685891
119420343
177684752
83893974
50306155
44496222
131275961
136276021
131250021
92447301
19176141
173659212
103013627
168233462
46003621
24119516
53071611
114819429
130488561
61824200
155147461
55648286
127875820
158022743
26271260
76333569
117966972
144872947
39541151
123755852
39778164
148931648
151100368
149059198
19751597
125993959
62292740
73193398
150076701
57360255
89271709
15785857
90424680
55290296
145270659
63552808
70714191
144879861
15879182
127221190
20953421
30948552
141918039
60215777
38895269
67391083
30940925
97546960
108391366
127558171
79344520
58791339
16816155
25755218
125932238
130226461
121275735
55083124
85572493
122573466
33952403
124562271
111027335
117992195
114844310
93545392
39172424
121422459
70715729
69060765
45129231
83465181
106862226
116043053
113669688
112682264
113260838
114004326
18320759
94456219
65658659
27339527
109328812
21135990
49122407
49528193
94888522
15717652
97207953
108968092
56503565
109025757
108415888
44164399
107814370
50705093
99742444
106260763
59841237
106133242
105528334
25226756
14675205
31433420
95910111
16455137
88310569
95670637
15974116
33044533
101456085
82997145
86807943
44443257
99622786
14451294
14632998
32357139
89290133
69161388
17557155
38983615
29034194
93699587
51520615
37046492
83695845
66677953
67460152
11233542
70412988
54314982
43820692
39831870
27419487
88092646
92084732
90738109
38511602
15792570
89889875
63479962
89883358
85883000
71566883
89271933
26007650
18501320
22160197
33926406
18333506
87239549
88068889
18692858
80888402
22088308
85985895
11274452
48085489
38291533
32062804
20599790
83937051
79250496
77314206
80577523
36877932
80285382
41290911
61756468
79417632
78728087
14977923
79049705
75794540
57786431
27933511
28390190
61825943
69616837
39260808
77493908
71329313
66144328
50749272
19055552
56639753
16505767
75461183
62957159
62288372
46077747
74434831
66763252
52093918
73485145
18403345
69193559
67699126
54927974
19041958
52756093
71592674
66581720
15067280
65848668
20175361
53101920
62588317
26336959
24211388
59957524
69920036
69883704
47836379
56865986
68309972
62858297
52566122
47353142
16797081
14912184
60793502
40008668
63742149
17394881
62669479
65102909
34315867
60472676
50786196
28237124
27297380
56470404
44914733
36241994
18769672
41320490
61156592
50185990
60878818
25510555
18483488
14558509
57644803
30558597
59560071
26079630
28362334
44983451
19696413
41859765
9606652
56342627
56603239
15584776
40243267
14320564
48316968
20987224
43719999
17123884
53527428
45606805
15553711
32745090
49800359
27573070
18075185
40723336
31835879
47607737
17328151
29234614
47105758
16113686
33526507
41624358
46309794
41911308
21608724
21046159
40936315
20425642
36592815
27417367
44142609
16669815
18750291
33823550
17885796
41851201
16296800
21085478
36399472
25886907
40112725
39754929
39750173
20286549
39600497
20785386
15582559
22062895
30452777
38924407
15954176
38228003
22649615
35404402
17316606
35514261
26295700
7662402
34468069
33415453
27057288
14444177
16641782
32698223
19628136
32382076
30527505
22671716
20526984
28377232
12039032
18074132
25528906
21906739
15831093
26663888
23152324
26492260
21211055
20197573
23220520
24892152
23864253
5659102
15694182
19620663
21903435
20657335
21373560
17304614
17461349
22064187
18504867
21798373
18369646
16026253
14307686
20461878
14511197
15164345
14592374
19629781
19517892
19248129
14846908
17295146
2464711513
67973977
3188262614
3307803447
2927376060
20791294
3288844876
2810181131
1878987517
2764060710
2427458814
3043238048
402630155
3006421067
2424127038
2382853022
2893608741
1230024174
2353534592
1617489696
423302563
2576478912
2799333908
2650814664
15068399
29517924
32493619
2370619087
1426586822
2393130116
213610098
278399131
1728816344
2196638000
2272427982
1152133878
37003849
2225449470
283197997
705229962
2174430824
213780199
1415177666
1485580345
903811340
1490559050
1482947851
54259228
153551571
1361471754
1397956982
1320173576
1302601393
1107888008
260361653
141209597
418328111
159099962
989515021
407043981
869008825
409196135
59001250
326158694
544075612
806966832
440622422
884617771
75305847
26426448
26208830
11768542
719402484
865388876
321311419
18034533
816135816
302986366
108391366
705371137
493009826
635403682
197901148
19363570
727923602
717376326
235052435
625997797
147428224
635845996
395545765
326144014
32353164
353794154
344042540
25572750
16473460
555989969
603698235
351382047
600695257
115068678
581034619
429068453
76359975
170016558
21480561
521264284
574899743
509391063
253800348
558752029
249910395
559223740
390843851
327510336
323034235
44664339
137015244
338880142
345539261
20170628
491831596
26404914
506329882
250862747
520827887
288001342
67605369
500566915
466466862
364671652
16697018
355753518
93842114
446737549
193626134
486998171
29296944
33602843
465578102
38632420
403975574
6213042
74877433
370623591
14725715
82169989
399610140
93973956
423654543
202283280
22299240
361238217
357146719
348470547
80204210
26676913
315382470
413811822
247169577
170075982
57901812
132322473
385130426
409305121
404539792
322274752
396678393
8465352
394837603
381653682
333017746
48524256
19682092
269084559
304457365
351489560
280963103
301660248
360324994
289385640
214675085
313371194
384545974
378871533
381188849
292946919
16912546
297106007
213083248
111060290
309238625
109164425
163456116
270299418
289856501
290085437
357222049
18583059
288303744
39288604
213487521
23742836
361963717
62315837
359025399
44482992
119745683
18411912
352226884
28360280
72452672
281336967
208780269
84617554
287679635
343506224
342324742
321576196
322689511
335752956
332691371
304510616
83674395
322012171
270821721
234026102
301460184
288249327
305483712
45921041
296869900
117134992
137402449
56992307
38895013
164923637
247301302
276976114
276228167
224890986
142533079
16845864
250069993
148921856
266975883
214285707
260979419
244830461
133369441
194133712
250522419
214365392
223515146
46664359
51581950
35038857
50186492
122529607
138886082
188454083
229287680
216120282
48546597
208166401
234386841
18366917
225241498
29494951
44367040
3382
186464267
17283255
133474481
203438460
227385500
218593761
14830931
184950823
21420010
123263650
211844131
201802876
40273642
112231435
182440170
19747780
61544528
75718169
87802331
161007666
173907355
68689443
173659212
114819429
27706080
76333569
148931648
151100368
40905438
146162902
55290296
119737443
63630780
129428364
130206836
47328889
33520782
126029138
119116841
54642254
115370459
117074440
15282316
112341294
112682264
102445051
84039213
107225658
46254126
110254167
44164399
40868243
64000288
31433420
16455137
18801560
59625802
97069450
65374156
38983615
18912340
74826051
94217593
27817316
16816155
73135424
18333506
87495080
48366566
11274452
81841730
1968631
84554427
35662818
15758571
68157749
18495043
20161260
81197474
19041958
16283736
41987463
81346663
77959024
36853141
69167919
77903910
3366721
40065971
1317
14322289
21966220
79739148
17464582
39611676
58359838
34022238
52751177
71359943
16138076
20369344
30221886
63310847
67971577
66740869
62838580
67422423
41450012
43520293
49618760
66241053
66234809
45198873
59867186
61176124
24232840
30209518
22302160
59532612
20269554
21013461
49653216
32553959
35350414
55070364
23862487
16445800
51085698
20220253
28204884
25157305
43040154
902201
49373928
48075412
26244315
47010010
39075575
29354944
36339871
43039466
33756517
44594350
18954209
15976938
43345660
39519037
25726490
43699011
43679786
19596228
43622465
14457170
22575380
16027500
33721799
23101838
39465181
17665374
39411647
25528906
35096291
34762368
19995306
35735797
16274109
12161222
34754524
15199974
20930505
26810542
17787748
25367972
15860016
13743152
14614694
22820114
17341065
32493793
14953544
14693158
23575394
16324533
33006854
22268449
18083983
30126332
15154255
6682272
24359784
10571412
26583417
15105876
17144004
27571538
18239864
21211055
24276005
26976581
22518425
14415928
16718613
24632416
14669398
20222542
16692057
15347337
25022029
13753612
12039032
14645922
22513876
23987677
22337238
20469752
14193491
20966277
18653047
22364046
17513981
22514289
19897004
21227291
22582100
15731831
21443859
18806270
20830163
22017380
17967259
19195914
20647005
21543694
18762098
20806190
16257434
16487712
8937952
17437735
17048451
17078632
10348402
15882988
17316606
15067280
15182098
14702529
19290706
18647850
19070088
19362611
15434757
17235918
19830993
5791302
17934376
16194172
16696862
14552421
15520732
18246747
18071286
17489654
16872629
18193921
18911813
15648399
16982549
18953372
16592060
16534463
17453189
18787798
19090300
18362784
18159535
16241864
16926078
7936832
18141958
14454302
16448814
16903925
17820312
16045742
16045468
10822452
14675205
15384629
12379842
14083276
15170795
15206649
16515654
18265163
17104293
11701012
7646662
17432932
14599117
16519491
17343006
16328548
16329446
14212033
17817214
15561214
10786452
17072217
18708014
14589866
14297766
7760822
17729063
17885796
15541365
17720062
18431900
13186532
15661992
8997532
18575560
15920899
18355938
16682752
17639021
14128901
17048547
14517840
14520664
14973669
77753
17289105
17315235
14980035
15076722
1779261
16637920
16999591
12810252
17159310
15794195
17901862
16203371
14849573
17419608
15792511
1940581
7752402
17470276
15294960
5848362
15000205
7439302
17592800
14458280
16158450
14588151
15895251
14212158
8270332
14303228
8981282
14118294
31227588
158062455
76698951
3288518938
2163231446
3273218684
289311242
72968446
19779715
3193015750
71754329
3273609529
3289105505
224747050
60926725
3246467077
843608635
3258961418
16231168
901011308
3346672011
154612604
3332318415
3117425824
2997039298
70675114
1016565390
208138875
3067452195
3327484691
2890529325
2677798723
2689706275
325238086
3319471799
3023788815
3188262614
2981878563
248256455
59587471
3240853254
192280807
3218766912
761351582
3237376687
2886136334
292506994
234198960
2647466106
41220041
2819144431
3197655228
847809786
6581062
534451854
195154126
3182044304
3222744244
21133762
3073423747
392443244
101419445
252000065
10485162
2884051665
198596848
91130080
1900552261
3300473447
274213788
2294183432
2611663272
2985145831
1196702316
3230210325
3222135942
3096741247
3240237449
2668818404
3288844876
2889060807
101707319
3180624900
305792766
295863824
631378419
83627749
2985212254
75587044
2427116941
357264354
2781551960
3102943226
2994259158
267320600
461576749
3069886005
2990240570
3227095287
3180069606
2576605710
44719789
3141331043
943751
2658436604
2277205346
947018550
2910121693
303641359
826305247
634156352
395626196
74452613
3154635643
2896012573
20886251
3152952521
2892128805
3012561618
468520528
919535515
745757563
1578463808
2400473821
317565159
366179046
17693095
22874685
2846982287
2499786177
1110290096
3170598094
3171005027
513276255
1894853893
373951620
195180528
67403703
3128175764
3100307941
231006183
1151171280
2260514101
2995186792
50115555
24983393
822763777
286271977
3119161132
16568852
2911066465
1336596828
1507336795
3070066318
2479976521
3136712097
383803159
2902165221
2323187894
240404720
234809824
351532263
477131488
326490609
146615834
3016636745
3021086851
612463006
3130572371
1160617374
3068118970
3015318814
2963339232
50320600
433934308
456799384
2577975787
1098710533
3085571050
2382707839
2994503717
2345198082
474549610
2723984316
86288797
15999071
3082470283
3093048255
27295244
2747272730
286848522
48935403
1696513645
2427458814
807337182
19077568
143905893
35944945
3066066029
2831821952
539595601
3058905769
365626248
88053063
2192533356
2359182066
362785831
170400197
194605153
2747093228
3060708074
14641650
2688526442
3047470640
1850346780
130555003
1343567304
2655594823
2562029873
18262104
555472099
297696994
1908675830
734281224
501437280
2240674992
481442738
260297229
2943923703
1878987517
2367613307
486975487
3014054493
2260150651
2391772380
11579212
2871888165
738312373
733427809
565647507
27557914
2944142273
836350213
3007067271
2647607972
711881682
244862908
402678175
1004747251
2975155959
577700868
281397494
1945201207
2723922324
18812301
2797397281
20863084
425374334
26755619
36511714
2165439127
2197823918
2936337119
1402568623
2993844516
2993456771
2327888245
2713519291
1058822953
1418487427
2990150256
2797898324
2915041639
1189891398
20877233
28806585
2980015555
2288086650
2975787957
86319124
420139057
2889081924
2244580484
933330985
2966978790
563149294
2806294440
2928816903
2888724136
174710375
313790919
16932090
2867775657
2949995479
2946650176
931165272
2786418438
885794359
402630155
26470197
2823215130
42988035
564503837
321473664
2873744928
2237978442
19541258
2903357767
2301673591
603555411
236968298
2542064880
2829621823
191560625
21793154
425876124
2835775033
236134310
22290675
393063466
118237085
244452799
2350679797
221642631
41621787
2891662867
84415854
19679561
186232054
2904854221
2882023244
2905744477
2850600291
582254565
248247336
56758053
2902324603
23329481
2828598938
2650690057
2650621063
2875410736
126413455
598243944
1904917638
2828454453
2552530242
16137743
36404430
2285326620
2855853347
2844913431
2850673193
2774764880
21591283
172153958
2695637184
358583645
226740576
38449898
2798650645
16743395
2826320450
29717083
1036403696
2337185124
2783675713
730479919
2196341839
194868309
2535434533
356986218
2799715105
19846126
2171222928
2786269682
163273910
2797797981
2844947305
86876782
210684204
2457605772
2770924353
2221124816
1266721098
2290007802
2805351761
2527585855
143086518
840062257
1191577063
2753562060
96020860
59810458
587753476
1505829871
2762492242
224812744
87209800
2384028506
1231050648
2799333908
2364555284
35522353
2824741172
2555749038
1655831706
69874979
250996591
118152495
876953257
1429144950
1264717387
26358639
2716491733
1618119949
1430739296
2331795867
2815429999
577322957
714653172
37051848
1102015634
1244390120
2491638416
2336010692
1552540477
1532465924
44367878
2250195703
2813499026
495631926
2792637278
2762033667
107174526
76152374
2617659264
2515935145
2453594017
2727758072
2803458114
1534931000
797952450
815512152
487565288
248215796
454206218
2763745143
1355132719
2746747080
2768241398
2197878528
27118409
2682460099
2314706142
896284286
2594272357
2781187980
37516479
220780239
2723041859
1004017932
858558996
49844477
2767567740
272141779
18692844
138323933
286791602
2230187056
2745960336
113627658
2176493124
2687915707
152010973
1065828542
1389745512
2726527039
2315376242
1328368056
158031215
35741756
2718588054
2718142404
18845950
1241668584
2415849018
2533216849
377773501
24736925
347967572
2698844647
211985056
220186494
2554384273
2469386462
176685745
712924154
2548715090
373128126
339912231
19821838
2584114254
28641796
69085853
2444470146
2666905446
334914754
224748873
114523768
2296541725
2273278170
1244837035
2380958648
35577635
2652675926
2586912557
2564413674
2432254236
39338531
37996645
16561861
2268404822
2612877146
30597144
337246666
2209423844
1033656470
106457664
2272186986
2192826980
91944877
2448179641
2562012456
51138112
2352156908
2520740814
2170931926
2583615968
806270725
2192822484
2489213900
223201409
15945791
2585627766
29584150
18431753
2572535684
2578812716
2579486808
80604286
151639222
57232198
2431938821
184849201
222812107
305196931
450063490
2512718503
631672314
175735226
519670421
2570587164
527871000
18204420
105285735
209983922
432292665
752545285
2364287598
2459452836
2396153328
2572600732
554861427
2307060828
243355956
1663382664
2437672495
2557316479
18084770
2535392520
2513834594
2155462266
2353766251
2207975719
44444038
2427302474
131248009
17024285
17566533
1232341356
1662485388
1067290224
2533957345
164864260
2574328061
1684133550
2531176256
1112492053
262408822
1723397569
631085006
1182004190
36928529
1376736751
67921927
2525482074
1427944597
1709532223
2505083742
16455521
65957272
304634183
41292860
299882620
2239735653
2484709328
2348240490
105349162
63958748
2494216357
2183242208
33490467
96875199
142032344
66800562
342524628
26826409
1259678466
391773928
1510469096
2451708566
2470503569
510640115
252233494
2465281993
2497317436
174151366
404451734
2414808806
64322565
1965226544
2465035772
2208995148
2434307298
1895874626
26920981
106360602
1878965874
385617387
1160413512
312150279
2376708367
2316525503
2436079500
2170391984
477812341
1384911300
2402005955
2329522178
2165144670
82285046
2434899253
400938511
167071765
1511775853
521769306
40346740
150605320
121644736
140471499
539942047
1267141003
808281961
284759869
2280553370
53506664
60871623
2302059084
16554534
1093118984
2424298086
46681404
150794946
1714016845
41600533
2429909588
2427732740
2369004674
1959819308
478912673
2429715253
505235597
235313539
823504603
14634320
280113307
1520065044
229862784
46145761
1865054702
2181072128
1922816304
244999104
15672728
16682096
282618643
840290346
2349155791
1286602664
857116837
32160273
36759379
2422316250
119926270
146995555
16519380
623230670
48270160
239919844
83987145
2412609451
2411349230
822051092
2381317953
2293041284
201849194
1550932214
2330640865
2399975858
172857281
2377430276
531610066
2334925012
320828400
2337155809
152377634
16279212
2316750962
2247389363
231015328
2390125429
2383500127
2166114169
25879309
29632475
2382407712
95480471
1148195275
2316166718
278399131
1589765310
380808706
2365682160
749113
429903649
431421505
108675171
223938625
386115395
851503992
14762341
31319057
2285534558
52227134
145771805
86970530
63202045
2291053021
44986993
2341103570
33209396
1951185984
146283633
1414509476
556035892
2194923427
129971778
1681193274
24564683
2269972940
17083396
46665741
362147138
17343006
2329043102
2316512375
15282064
593889883
68887626
2191260554
614544548
360912781
192906510
633966700
80872724
113145524
2316069295
2285647596
1374104948
1655952998
427886451
1160282502
2242428418
1950367022
976115965
150456612
284201913
181324826
222006701
91770152
2294066787
1374980137
136322338
571955712
26922718
464640117
301194505
172810457
2212757204
1525342994
2285978629
459183086
2293047782
103058549
15991717
15649762
2163642995
251282886
2198709494
1080063073
396149351
2265022818
1533082537
2281950061
1519078970
2265024577
92088511
65510348
2265041024
2229996325
105210829
19407027
2275112467
2201661102
983689568
41537504
1272462380
2247809162
2249546407
2265033546
1979113566
46046512
499500152
1605198301
1397770165
224438551
2163392984
41229966
2247937860
345555340
2158305955
1270549094
81938389
864898152
2246277780
972033175
443212359
20057994
33588600
209802054
237046890
1927880754
83908040
17526989
104237013
264700975
1458138013
898677307
559167608
325952917
2191241907
2228231707
2228950124
716289493
208363415
2205200781
441420922
36203015
281617927
2221728854
139412040
271742631
172114428
101618171
14739201
869552100
111811681
294257106
2194156921
16220617
2207907763
434143494
2201478360
2164799358
2201122543
42634961
196393596
1300116098
2181703185
2159125865
2183042594
78645958
1649186623
200172544
1356535016
597873504
2188877545
136080767
29252602
772181580
1636874424
2179501458
1177007396
469548612
1198235658
316454078
1081903728
14178966
12250212
727234218
2166193987
83160389
1941240392
374426116
945453463
1665717266
1481661572
2155219716
2161737998
2161682760
37109234
333738729
1679667697
1560619608
1891145887
266697355
517168380
1887123397
1971803149
837301315
8638152
1904398958
18834912
69512690
470196395
2148357176
33071527
120322226
588187000
1706709314
360517335
1219702742
118278831
20348946
1966890349
245693490
25348081
1723156142
260582890
1961650926
1927559376
382953058
69712529
31892775
142810032
1151543479
1940007956
146514100
389558284
1531922934
1244300173
476238744
368462677
1662930883
1920454206
1886949961
851425314
239018278
1918184238
548691303
1914441384
356818140
74578252
80996393
256944942
153055949
1513850539
30037105
459469699
125456212
149124268
69990036
203300700
599735573
23627345
129139322
210897438
23745356
1270457432
43784428
576178450
15864679
531602193
1861966208
1714787082
1853272627
16306735
1670769708
395461983
1732599787
722598264
1849800295
34995713
1548726020
39339618
355668977
1665883663
1596497858
1729755457
161737985
726846810
518877097
868391947
1446694140
441965256
120909470
22540152
1544446764
580550640
40290335
256226486
776409788
263560747
353660923
366206797
294689597
1134198050
1647346794
234491778
1346299536
173999291
412362943
487652716
22773895
21905095
314498013
1496698218
388929149
1659436590
22075828
24670782
65465295
1138286120
1690753999
1649235858
21421552
373420772
147254438
236711688
1488314084
468658947
243130388
760650834
53892640
829506410
1674302815
1673997163
104473657
288249986
444130997
323510110
1623281210
1666690639
790421354
1664690924
79032381
391001227
560713993
1360085316
402839111
1656174793
1279496654
359039901
252744614
844443685
28469711
769582878
1643877746
21672281
339663200
121801850
1649528887
1499929849
15859033
1482617004
515509800
86936980
23408887
1636746493
16586694
817187432
104862780
54589500
398128976
1333102561
1012576411
23389575
715938048
625369731
173149290
250917178
731037722
1606643185
1604464154
1603995132
1606585549
1613397402
1578366602
961386596
1564359462
1561720574
1528693116
1517285336
1511875291
1535209945
1526157715
1532299357
183642922
52493516
1380452096
835985995
1599193782
575148042
750427302
1521701683
1252084142
1265351448
1427255130
804751388
111582458
153687766
117468899
57446875
60715520
335950885
785209124
1299856260
18220307
281187988
1566527402
19031473
461495913
1549113522
1407780158
376289168
101833078
28173220
106212913
551894305
1011135996
1576170007
1354548967
35792082
1167440840
44930563
981167804
67343394
56981291
1478217470
540228380
1337263315
103299378
108708484
237468540
1089527220
1291514041
776935686
1305783216
1242683528
1544578260
414879631
18783501
1542424206
253560282
1539715123
1536996296
1006862749
66763889
1499192467
21875970
1055752621
900596174
343249328
1527823351
1325222060
823800032
1406446969
125724992
1522820894
20678126
1516096705
323010850
338362826
19243454
962738708
69584612
279160549
985166887
1245330362
256563070
879684146
1424464910
1451388289
1122117762
184759633
1489360904
1477432568
390942122
1295751114
1485069504
292456847
1482947851
419594623
958113980
55647330
910067593
325520898
38530021
37697842
1268032554
119491086
1471641655
477811322
1287267476
1454948605
1299876409
1461058674
16482208
1006537680
1369249771
107138736
560612697
1027045429
14755273
131632804
1249208874
1352398862
809337085
1080058020
357487668
71468093
453403011
24233150
454882808
278997946
1106896608
381957130
1421650908
1434690834
392781944
1129503212
14592723
127595648
102420852
730342460
1426667090
1269473726
389304037
33275970
212365988
1307976068
363746943
255835519
946215228
1413451724
1146058842
27936248
286115526
1366580754
28368081
1405013538
10748252
380381403
1390155374
254343933
28590698
18144880
16790766
1240436011
76261838
62902733
1394655822
13263282
1118122657
1357297410
397019549
1201848121
726304448
1151811469
1241751499
756875923
1382823944
9721292
311034382
1352566586
1175733698
93054037
1267334846
79911298
21337115
577718857
18906599
1216433400
1309028306
431391193
16896880
1362135912
102503750
36536146
326499781
28414358
1319535734
1357645740
475190191
298144122
1009651280
250271525
109485507
937376640
1346912882
25980833
1172179477
1283747078
1132763748
406442009
21624675
621538951
577226724
436090436
1072168274
131219650
1256619762
47705684
576140492
23326606
177176270
1327674042
134883786
1280642456
1305570091
372909993
1311671563
44466854
1292576653
1311992845
19579294
45651174
33279328
1327008266
384182912
27347556
1311731124
1288279142
1309336483
322978780
17577694
294752054
18930170
1308349020
121234689
707512656
1260587071
1246608223
183383294
21319494
714317366
1267829802
978532842
1151668117
1092624332
60694237
335385962
19593590
1154812746
421362420
124970428
283610022
431715827
153965001
855737738
1217961414
1122725677
1161305942
44513878
305130673
190717551
338097294
627934074
44691352
1185051462
70400804
1210947248
1029048428
14513005
926093888
1199188496
591138155
1158603067
1191609930
166803280
224754696
58962663
106261285
1173075769
188744250
129842864
1100463956
284052103
1194283333
710130204
486591551
610906771
214262954
1187235614
361876654
802871725
852288720
1145993989
88953251
1161865470
1176450014
168706067
393029828
407043981
298138833
1138405094
189142053
180456522
78033842
26043719
53161348
98530412
792268441
72687165
370748239
1154210612
16649758
199395685
1137418410
501138881
17341931
628200618
98561664
915254270
771101622
1023894079
527970765
21770677
974847494
60762976
96241262
897651727
12127792
198248855
15245706
78363710
397552950
929603743
382848199
16357692
52720154
329157537
1127049990
15947254
268011070
1115855562
1000274796
1120503967
902920579
1120109773
1040497909
571193937
340413225
1107399104
50178358
201935945
46237944
320748256
1089367333
19679586
546889289
628785975
43252607
1075580568
36377520
1074322944
452332704
430015721
1098800371
247039598
17542775
1095314306
285764768
1095157585
25011679
1092456546
586182640
78082393
1046118020
483238266
254660992
976045993
25785191
42121718
839903220
45596882
1072146018
346361023
906734136
1063180723
86677316
1060997204
808571826
884583126
257790433
290825509
464686720
861559514
265076691
25375670
1050718141
533225155
30089476
289367656
226771224
401910870
179366784
45535039
464336665
95336490
218134338
123258746
69850482
36373370
38601082
171246256
979317931
870652136
860538804
823638132
1018439148
103640518
870427398
785566598
764496378
748069483
746129142
731597197
721080974
718766898
756012390
707986374
633283708
620464143
1019645215
870997093
580205619
1004835348
14262217
351736842
432626442
109625309
997855286
1008954426
993909139
208721231
56446462
399853935
899975958
1006027189
848324317
46034070
233146831
50191365
39325158
248067014
324424574
836526925
989717652
871393777
843545695
87615156
342218781
78047787
78500454
456753057
35381635
873792451
17206273
25338778
260050345
18481646
616594642
278660771
369422642
944853494
190194322
103464524
214328518
972515018
608192002
632984750
110053299
15997040
17359530
968045814
293609342
14247216
14944742
23313527
952121881
952051682
78310654
14776002
16830395
858998768
135522118
632841665
20950595
939675110
931068577
313938505
121957746
899982602
172437751
53917721
592595122
344053705
604903199
32916150
19825375
54555881
106061616
374864146
289603720
372815997
13537162
69232855
106738160
417834285
259085148
905412654
120125682
194254871
841491834
583450267
366568803
891518052
261038788
622147958
890093916
573610281
408061225
883997976
263481455
568316890
306353519
244345581
102133590
98737808
87017466
817687298
877887410
875299225
74454425
94711702
402274600
616596847
50227506
778158528
117143804
720429902
871741207
66839096
16203586
22971190
869581375
869101417
868890049
201285174
832716152
531899253
221043360
15662999
18499709
610032094
809180094
544484637
23583278
50742460
4778811
504801185
857604636
794613535
602801689
441275531
585309709
855639427
274049152
500571911
463943270
200944236
789753962
55135810
20172250
849311077
848464622
843961206
23070085
53146543
19732885
803720448
131378368
432632099
455993489
115516993
91100981
836393065
816497012
842240233
574657778
796563426
100834759
464349111
26171514
754610630
321974233
17883224
758320615
417490926
188326434
827624622
315955228
762598020
242130048
25849310
322204231
825363914
30226139
827238643
93061672
53128289
816032100
820421010
623989433
127303526
758094908
794334751
44725618
273942531
206491149
601963531
25779551
103761774
70130563
532348639
619782765
217437047
105986230
16951612
411243415
241228061
24445998
129841519
539584930
789563197
111672688
87510486
552792850
786283766
785370498
43728756
601958473
771862471
333645675
460492319
572137232
569242704
767881567
529928670
24775676
424040880
110636453
18806818
741095450
747382364
456184476
262893498
190248555
737031162
478210818
767324210
303173846
340027070
203646367
628654625
701359482
757503516
50318716
97565623
577412449
19716205
17750110
574947960
23447863
556108613
748116175
94461968
386229543
743113940
747032400
245044379
743068969
19661873
728025259
10444412
611411742
556913787
436969570
730872510
234121388
54011900
706461529
421451508
637020458
216204145
636967804
19363570
63851726
19067495
717257527
716818753
43448161
17895673
629557258
102061337
632743840
18443057
528066450
39275663
28818571
296158275
95273513
625997797
701446298
703063404
628252397
171267220
603037841
376248014
23072038
508741112
58610791
280605488
74240382
40617776
430999002
256363817
14326838
592173968
62141928
630186087
629810683
615505566
286232217
60888436
582018696
627524893
374681756
514463549
622844188
614904486
395545765
623732216
123922740
120811364
99854251
409590416
622965897
587729923
387984514
170016558
599555170
611858651
618400204
582921362
17742509
243433990
19411254
595416655
238294449
14984074
617643297
49035775
75449004
595806916
616120497
477116945
137544273
381154948
17239413
93912977
574919681
583941024
75630104
28826906
334094849
16425439
603766881
24973799
605682460
611114364
338487226
286162569
550958881
606863978
64543862
334849558
607166176
14605265
302250081
538798518
607328576
47240422
592876814
48188966
603698235
227065288
310228873
16965420
454257684
594043959
593078781
543548377
54656439
555598969
581170713
589907220
24190468
162046429
149956682
594446883
16501509
111946134
20929091
598697724
390839781
227201605
17788557
313899111
80583164
18879895
24926740
274132854
512348645
439359840
587539703
219697000
330036521
578792103
578094710
306763670
582208181
583114341
340741079
326236562
437570907
569426103
373543530
448464855
111066524
585397794
575626688
434626652
68502263
418541204
447442475
15737467
267228121
583253699
216807173
321189782
581863542
579151102
365549393
580186034
502119039
116445241
19162158
181985221
17239069
493403765
568736682
226794596
574538075
465535605
22319937
569302640
24448884
568818547
145390387
348799358
571688411
449122527
512867106
243020544
569647794
414041530
28066607
154615827
567837879
199761317
484879602
565430443
565009081
523781509
46485024
539639811
14465809
263826243
563664824
21242028
560257049
562336759
19356373
341299395
3667751
17025186
151821739
18387162
558996178
459573193
217804739
222206900
557791991
483400118
30304740
432715743
31409448
554495799
115813132
18726353
270598890
131244491
293182860
371375428
280502042
540976197
462138053
230428349
14963486
486275052
473856270
372572406
17509945
285477824
49115368
390115308
89517086
478937845
246940839
474962247
425255472
42442837
17347095
246919821
538379098
53619961
546447524
172457982
24736605
544831935
199038830
42786852
19971474
78116466
727143
19117584
62862144
518716362
293128471
293118050
314027937
376949739
19684826
17167335
66154251
132416341
16278006
289900655
514806103
90699238
66562830
258847196
79655966
23715034
397673567
34828756
62192417
72198641
30925396
120774446
27662874
131691282
224024576
541460235
248215154
537760950
338880142
446737549
282578861
472097230
539246829
445474682
342962495
19112165
335712008
28824136
323204247
430167739
51163161
420018554
480828218
417478821
100620126
71024877
527965917
50476610
405929155
519521403
218289988
468119596
526931356
14282672
21704995
46582095
325037775
65667018
485017585
361238217
16121271
278681185
506329882
292594798
523328643
337759763
464776116
16935907
253640699
513172830
513309908
454350648
403888408
17159976
515528334
119785334
132709672
364839471
198637041
167451084
404843653
514858243
270511406
311914629
515028933
275194638
513718966
27877295
17314987
443888863
285502847
316357556
308542910
200706553
17315765
479062899
509170285
507909235
67217568
484357537
500793180
377497721
342858660
169571289
27457641
374082977
117204407
388328034
482601967
500113345
497968924
484312419
23973641
33898299
497362040
29994950
329147050
370601551
37443932
464159257
272110380
16100908
144730737
328430739
168760005
487697081
36176455
486480885
87732724
16813717
473038333
218317912
487930760
72106192
431357272
485183886
31929718
491569282
305138031
81621520
32530883
132350303
461083082
334780293
236506210
487634898
206907844
253941220
484543351
28157609
22772992
471343488
480722372
334357232
485776225
459714154
320769390
445248490
217532546
17563091
19093611
402764556
460896473
483244537
483253162
29812651
108336352
473584724
17243554
426282451
277251544
257356291
99722142
418037725
288937693
25524472
385971556
473304661
187814909
478611317
457613728
478478181
277271287
477030435
473981323
117759178
17007608
278096906
180225656
248879975
473840330
23495011
384766194
473235759
467032499
28114821
472191810
193626134
14267832
16207158
468729322
360388075
436946772
71974055
464972919
463604176
74848052
463181295
362339598
256225105
462330023
466182343
7434622
455116038
18493516
464718545
464243073
29396042
319671803
36215014
57979212
305380795
148212170
434999886
38226816
462220514
26478528
375750063
58489734
441052871
304313227
437527517
219497069
57050905
67767772
26948627
347243124
20382707
16240525
401037211
456267023
272778562
457077986
321114941
441109813
18730238
246632971
310730952
11180212
288408661
16187618
413725622
344253946
32390193
53122847
453257925
451550171
448571258
431051831
22884548
447186347
442308307
445931466
116749635
390910513
439596634
436338679
60220034
268082139
171086602
442124876
29544053
428305914
434210999
414950362
48120192
414322923
436057759
430976274
433503773
141314123
73191345
412299216
357146719
412377282
324911382
154620063
41308320
64908451
82316132
421443436
158226516
286563323
416943823
428020058
46733667
67806522
270515815
373670142
45606805
426754212
431654388
34979119
27684058
283641884
56473163
191139478
393539789
274956607
429091341
429254718
386729030
386726594
386726233
202283280
74360748
275690945
19800806
353529688
386723480
33889417
424229266
64878039
384341888
40397358
408121772
294168246
62614362
84131294
384904654
55394837
16980752
345641095
421482802
74774755
349293863
356359065
260889532
84378787
372564467
404143332
416179786
407351002
415057198
19975787
213834979
414646480
323239850
397314821
340369739
359624331
284541727
344263876
274999107
31629436
407068486
90602790
410765578
400628188
110168975
399780168
407043680
405428595
407104096
401983894
398447404
407855785
405427079
18277546
408634310
385130426
253120357
227097598
407463360
399684401
404997302
179611301
193515866
362481565
406584801
97157608
165430443
89702271
403661611
385019365
39298267
404425927
60966674
404215213
403309931
384774565
398366745
376154223
20770149
367038319
403003109
189320783
390094223
396917761
84072624
272200009
400786994
41046897
400313861
400269791
19354415
373210784
394837603
399376794
39459803
399106882
18463844
28293017
19717151
347276297
397912882
233800082
292948012
215053849
270340657
65098049
395301513
362784654
86564892
12270322
33318172
222558597
39882689
280531336
395434084
22709487
86814490
90649892
288039817
374329453
21420010
386719522
32492934
101968207
392685670
340452518
308002622
393119550
365191817
392840112
224075438
387642884
193529990
389268043
344368439
389135259
185713008
390136778
389944161
317673042
294995800
46466253
87254077
26263734
330103322
49324053
184983552
289385640
312128287
60740297
125874837
388349676
130594307
342883396
292438477
147573964
329496309
68799534
385951149
358165816
385563527
151173639
384321653
377257201
242442568
54620808
75065985
384361242
28588467
267078838
253556137
158041798
128323841
377404416
19808169
17044026
251064272
143915986
14467408
251331735
328736290
381382915
180686416
59801386
370155902
158042890
370231454
379930395
12787442
18832727
146534980
372474234
330378578
37865281
377946099
312442724
314894210
377388051
377389781
35890731
376831649
63439599
354373970
194587229
297106007
114302469
199035035
201355578
75268007
259412680
5649542
365488975
370413596
374759718
356981546
160826292
374138465
373938420
69062138
132565357
275762828
304468067
361281773
308903884
327648150
352704737
33191202
151228271
210687846
302084148
35475290
66819204
270979095
171981139
216526134
369851996
179108168
369706667
205542759
229375644
16624258
24094397
320305276
267569086
368691155
51839077
366053809
28425340
286378670
359025399
109164425
365757814
38120718
364990080
127627235
272005429
349645455
14410929
87623206
25297422
267119458
86122699
155523862
325690167
363856792
364289357
363642753
26004024
267583096
107831772
69201033
212326675
305634171
64911784
252379105
321436678
75790403
59505074
359491886
105184614
141976714
352308328
183913822
241255197
343389289
325568204
338319224
20390104
234891681
350930209
15563814
179461158
342710270
264352045
277568572
348324379
297260393
280101799
349574817
254195489
139710686
347857515
15015524
16116519
22202952
164254921
349433815
248150147
203684941
33227293
333880009
50853712
325710815
22119576
16194172
346627002
346628800
55433545
319686450
344446796
30064358
16579726
343593686
243655186
221127430
205596302
15458277
96940494
263921579
320753632
9491292
285509038
199568587
339755935
201350802
96419925
297423662
84617554
154118656
36355899
64044159
16028857
56659159
44962075
58568521
326399525
256349576
44224901
270558883
190754855
309163953
332409737
302794411
138441963
221495646
145229778
303506603
326809476
273628368
330789710
217368872
328974827
328975031
328943970
328969177
274251516
145062902
94492027
325960152
19039441
328154682
135874064
116272181
18169988
268161875
116338003
301181587
145671206
183736679
325616770
194217985
217035615
324523397
323239716
309053555
323197876
39323292
225076308
322012171
277271097
299845860
319015122
321203208
104537774
314102748
43051682
20531243
87727557
255820335
246898269
141356266
318416035
42999515
257316627
283881332
42665853
302368483
312088748
267127623
307814563
98565887
14935412
234372168
63907873
100231183
260032920
19688275
14664071
311947161
166816694
232413374
308295392
313388076
311898771
128387859
285143151
198508503
295741729
155771088
26334024
140514522
260168348
307252271
227583992
41397618
14837383
54154814
16686536
281598440
299798497
11637332
109969025
35045147
293618490
20083313
253634112
243774916
59812374
173659212
276424333
274679167
148665577
89719583
27680898
22114997
199838489
304459418
246414227
296619467
305062887
59196444
45582667
301164011
303857588
16728666
45263372
302787566
302539291
286289498
302302070
275196228
218673086
99142735
105168495
60476342
28308220
58617596
299128265
158100219
301543518
151041862
279630499
295884571
276951515
34020922
300325157
299952863
261035830
299905744
248985497
225283541
290085437
298640478
23806333
244646051
45921041
39594655
28395223
293053029
280497652
297636032
191563802
12950182
15484973
57786431
48004372
253920475
209653096
116725564
276836371
294263917
246810556
110065618
70725622
178702952
69052133
151305965
218358427
293159731
293137174
142314791
31081562
291863883
194958611
262288963
122227473
38895013
289672049
288924879
17437735
278065113
59722579
163456116
165316779
55629146
283877031
283883313
104280526
16432791
287653369
217997153
287928903
140942118
21203823
34145536
98486329
120843647
121069607
120620723
21354462
14075212
201869292
281598003
283011828
267848480
66042775
284108880
280503311
127241366
73438863
279085608
44991012
269507061
282707997
282705020
282317819
108931568
217483047
32769379
261586217
67430224
265734509
139806809
237862863
212771854
267278538
281225020
278774895
280636939
280699546
24617810
226010807
268867030
132663841
98200833
261995803
217901772
24779715
276976114
168696336
273769886
231756730
276228167
278772077
15540917
214290878
277077087
277167523
254175379
164580807
82411462
25888929
164682232
272209764
16817067
51846873
276163865
244286175
18534799
26361946
35862569
263406524
127954212
15206871
169363309
22813422
132747799
56378468
276163772
270866783
275216370
259898122
14640845
249190927
161272253
174011720
163151894
132403222
168160578
158007738
47505302
215408154
132419474
218147303
39896810
266659214
224735411
263859819
15152296
272392699
39211040
37137478
142533079
158032799
26572646
252839206
78745126
270089266
272140504
46887082
157409561
196905232
250080704
268303398
211261440
93244606
136004441
245398833
211717944
214892616
265725948
34913959
118713060
119507081
60735223
28636254
30242659
42147933
270406155
126369196
202457467
270195477
190337035
186224179
28675052
226188022
156892768
153932952
125249583
266004556
268334862
33434994
247381050
213824949
20303706
264681036
32941980
249357943
215448353
70746749
142780741
258944051
232933692
140767726
261483411
72305828
257170128
101946572
250505876
27853390
170134368
38337386
104272330
171731400
106390505
251246604
21824361
21667704
142577611
100617759
239627096
262775056
17091864
46247561
262956661
21659112
262756822
16132457
40282219
168783827
164133606
261019736
260029172
217531561
20956294
256097259
72883569
249213475
260284951
18065266
213563808
184538647
118767926
40052418
258991050
252134155
156617618
259148670
41613603
182879008
97148054
158391494
257010511
112282237
221751956
132743289
10799642
26369695
159095406
134874780
101198336
24240377
14437914
151083417
50524852
211528841
16044065
193834733
115696359
26766355
178514311
136908679
95744442
33568260
33449751
228210314
178078840
238270074
191872651
202260630
14401102
45360911
58268581
185246210
16406682
22954074
243927705
244976824
242565738
236545788
138252439
188547745
196299376
83993228
17603392
222262795
18399777
71549296
167951580
213754594
244688623
226848514
99214788
239388283
59594745
149236670
133006128
236983348
37703552
109173299
241389842
235769507
49353159
216120282
191924040
155655305
172746001
191596401
72660395
44614314
33354870
239583451
16923689
210089794
91353230
238034533
12078902
196518899
28943421
217173395
160932452
127875042
108483985
210490305
227792518
21426671
176805234
202432806
15008539
208166401
78231392
135924191
109569680
57360443
38172802
80414286
16782935
113396172
115529361
227855270
10989152
231120966
224030389
112775879
15657263
186464267
226117396
223721893
212965737
153487703
43348496
38455108
84954888
126697440
54156344
17279354
16314227
36066745
36808965
217682504
124968522
59269782
131567882
200205006
223507500
89214909
211605083
104637987
27659232
220189568
215690354
96025205
14843373
60645117
147350456
222561410
217257807
205594718
32062804
199571964
124223866
44148901
158421869
216749749
18083983
174395163
45008432
211396908
115002787
59218435
219996044
205648386
100559316
205953008
129613523
17989953
61004651
214048900
16195981
207294190
28258942
81892649
110640213
177962830
29176008
51385516
122474714
205594139
14319346
180523580
22278303
135466554
88190643
190799297
88477194
190526144
14705444
58686750
22280445
172382226
214261528
28366095
204554964
164345288
152566754
214343845
86125973
28633227
149214228
149701259
125104164
212619461
187354183
20815041
22512143
72946617
39537664
95363183
18809912
132502181
26385846
191434604
204795355
84884644
35830238
17951806
19732683
9375862
40259326
99774063
93932440
74793252
192565457
201278685
22206107
198864616
32767073
95475411
14585998
149577279
199108790
107282314
20050003
35080292
196763665
198258481
186615158
61747019
17862096
197576571
130124464
85147039
58820180
193388322
175788546
17042078
16240575
188081897
140134564
20485981
194828613
123324321
88393338
23105172
109388121
43883442
21247280
87493971
20258816
17122817
164330196
69400169
74548748
14543524
192500070
124223862
66499777
14127358
66429081
171799570
191562437
182440170
25636338
158872325
87802663
67164452
189794342
14760191
133683726
23253880
68152354
156362733
161025692
35537862
51562013
188274983
38513573
90207017
76455013
115762414
78838092
182019692
18296809
80427101
154005164
96994334
83367000
38892114
184177015
164636190
40017802
8894452
89802173
26573545
89052670
132565455
26271260
159326608
175878356
161291504
144608759
151030502
169958621
123298002
19016840
109689119
115456548
175254716
171097606
97506457
135583582
128488323
177684752
18082624
22671716
177940159
149600542
175462500
86864070
46122979
82465596
21413951
134819121
174778228
18433952
16478953
69373773
149547764
20553335
120242843
146216830
168928563
14210677
14686098
18803581
156555728
14269963
64802184
152588260
158926840
74540644
161731650
16953480
116484766
14535177
152044813
24725678
156693977
101590818
120088140
72587429
52065430
20873152
31170194
160035939
33767440
15486468
143406517
133777371
126321545
76333569
148840192
32429667
56407138
148196940
127645589
29952341
123645261
145708889
23434982
27733204
76813200
17439693
87728522
151100368
34342247
134575876
73253501
56284579
147780153
55290296
127934854
145609451
42412487
143185585
137734234
138356613
117520442
127735579
16149397
65183038
17234086
138420482
43199901
103789855
16700025
137588927
97546960
108391366
79344520
54298292
73109708
17102203
61801629
15565076
16044589
20286914
55452861
111491102
16861321
114841807
132501809
38966959
15496407
19523533
34271917
130206836
28098717
110614505
14921301
119116841
55239090
43865033
64170661
60735602
126281236
41224721
96922286
17368500
17863822
87623620
116343047
24411717
113032797
60715321
45266268
50088781
51407841
58791339
109463342
96722049
116243726
96346911
15064776
34283141
101029559
116652774
60559864
50749272
110502895
113750396
112682264
64146810
113643881
113054322
15369025
1098131
109535052
55331926
35186692
25065878
105478691
102563752
79763586
7725112
44164399
43505367
46800201
36455168
104298127
72521010
78938675
91166976
23609996
47355663
98695924
103643597
105161965
32223405
80845748
33363235
45815179
23470569
26454087
19775860
93604470
20696759
16931807
22413992
54039485
26810542
21380866
18626424
82657892
22804107
26518245
95939892
73160669
10777752
13694382
90067873
16331709
23766575
90644878
17915915
65053003
52106931
19413329
85902946
40323493
21654208
29918476
72324086
27580623
18164662
15383592
12506972
34295436
25324110
17912749
45352957
17639636
54926726
78618120
61041940
77478576
34609599
76962181
33533934
65886708
63367203
63368554
74159941
62216204
71939417
25524461
63483180
22720040
33909155
37364676
25240071
36504682
22556408
18983068
18782697
63310847
63003920
58280974
46213641
21411180
41819475
27555581
14134419
21033349
59200615
52427630
60241818
16070637
15678862
57827221
28774235
17035684
53951271
55183953
20337441
48110818
44632385
29149904
14799105
14333769
33896079
49150665
14825565
38219171
39473284
37723843
24871338
18883360
18466323
6795952
17542265
14599117
15498461
49947807
23101387
49520992
28690184
48857644
48797364
48791993
48386429
48382424
16050032
19767943
46035463
16368216
43345660
44906955
16283736
22914240
22718407
24360546
20603062
38883393
44196396
23994876
14446439
43984696
15769187
4083781
39553498
29475136
28597735
26368450
20568083
41736341
14749699
36952656
857141
20102364
19358227
14126111
30183011
25528906
39600497
15582559
18647850
32740336
38149143
37364947
26746318
37587142
14491792
17015025
15459785
36438292
15298761
18679867
26316986
17500126
34202570
14774712
31015329
20643650
33611051
34001204
34225481
31000651
28377110
14155350
23631835
16439546
14062554
14285149
11178502
14215632
32774284
16580924
13649002
22711549
19734598
16645335
27645777
14562968
14617444
15223456
14055820
16817883
28242706
23330343
13516082
13825402
18208763
16788288
12402652
30939520
19495715
11856672
9725202
17450354
11849932
20618855
14325296
16549700
14083276
16407300
21912364
9712692
