93778512
369730472
3302443774
2315376242
48831366
14410652
190905427
21829480
2323092409
3069886005
3227622284
2516824286
43481614
2603359631
3088571446
1656710258
1942254560
3288844876
3074716854
285177964
2901581907
2776796728
3226745632
23644707
64532597
3154308569
63058314
3141211175
3086783734
86177206
2427458814
2978247995
402630155
1180248925
3027725145
2604653493
631939901
9548232
475927697
729051019
30112644
2546318557
2862980265
8708112
76067432
473154998
23453489
2382853022
33947532
116943222
42769016
36730299
21695334
2615443639
2832545394
2780492666
634870931
1054336718
1494412664
2799333908
2649340218
138817445
34674388
2699053554
2610809662
2207090202
32062804
515834487
2484692678
2270571817
158129535
1291041361
113946795
1376737016
816147829
1510469096
70976782
2427991009
162841166
208736150
288595798
461019877
304871956
776028206
64728018
337935658
333758997
415564248
1053846506
762522656
78394414
103301233
604914202
740716466
535921137
437700164
135798498
288356649
115952079
1663561052
220551142
133380469
129925854
221365096
271633129
158873166
113458070
35716616
98152948
729754656
106949709
284521653
75914659
48455938
14424441
196460431
62059277
519679932
314396485
336617131
292506185
174894347
503773900
108404159
595553011
220131008
228525011
2228499776
116932421
309161253
1458270174
65674414
193337897
597548392
232438555
180447123
162941474
144961723
546814202
64787206
181054143
111886806
300492037
385228677
195375804
76107700
56620207
79205610
119206923
391543660
585315004
608157165
131209242
854617440
333354321
256716240
134298997
890155946
15025033
434916159
321843509
236993617
76081905
124140565
81169309
261535205
320029192
393534387
222178666
263743060
266554653
115779699
155286839
317802150
36031721
307833398
61677654
221357624
80181780
164535079
272152475
184972253
399572017
266315526
196543542
190110996
526933555
360501161
239327899
266851348
122501747
76220689
60301539
55652142
305435559
137505000
183789129
62047077
336731928
529904082
569237315
280274805
383259269
1649196307
57552216
37019493
515855210
293166859
278156792
111892194
17734042
903109160
105506834
235505886
831764448
217304905
232968342
803062465
620123311
1686767546
462142724
1188298345
84859803
267652169
285786693
172474095
134233961
173619940
307946289
735545868
1015653523
96551140
1033741454
32616807
477632688
172531107
297623319
158103010
273513897
1213803596
172823939
532159063
219035080
269139029
72642167
124504132
434255141
287587191
26396844
76334392
586441930
144238741
191268230
113035520
31246430
549239644
1076855629
513710300
56340460
143901743
187177016
216899687
153232846
453327255
1447650150
32732080
275822767
161028503
72183962
341453911
228177906
615195803
219247618
1349477473
282321743
132181923
339828578
376165423
308532967
208778301
166316981
1485148164
635585786
128739052
287298776
353069831
33377378
239498697
455281466
577778152
51475511
115555102
114812091
751818643
75829209
315502945
93413339
104354235
542870040
245879924
162954957
58048456
1056072277
328531875
316081714
226618783
291104090
213813737
403012333
276005843
133052823
313500493
104834726
1094890622
1651207830
294185122
90030586
140942441
203323067
167263220
552377948
524907401
214182663
213402306
221934343
139703857
856246597
261307427
135396462
110695788
84629145
96022492
361824398
126356643
399671291
48878478
189247016
280984347
170428600
628318438
275285046
202405896
368817468
92617402
296529516
74217029
67128078
312672291
97444445
108462733
140870316
144923330
258240348
335792003
71598140
154947864
165641703
107597125
398982274
811218332
188491530
144320673
813435846
70346773
21650321
429006887
295331846
288800753
390087951
111319905
43036032
324076466
375774077
41019633
523849791
414046165
339294385
220099862
636009694
1365141812
2160192596
322414997
431056395
187584053
144177616
445946494
144658993
302677337
429290579
319306162
407188417
95938168
64999242
463145743
161279794
481967535
148145696
242600964
372411656
94870409
106950376
372354635
121430072
173361782
543458029
145061037
60081412
1342695271
119545772
57105140
396483586
168868723
377474271
289610741
292622774
104584109
86117709
87406864
254475136
479606969
1032590004
219528788
171800337
148543947
259467743
1337689280
462994996
174909344
201049157
56731646
199761076
303396388
298252843
1912446134
373077713
278751559
352672741
204895094
574712371
443333043
145592568
312205529
253524829
417000619
120667614
62875792
76703873
124655682
175597548
73410713
282714422
564958478
289124955
1498384861
1137809179
120823258
882298038
178325124
275139625
152551895
769775833
66387243
161911437
375839959
553749940
515065757
217952821
578411615
523140671
74046159
294606896
167447362
420369172
120121607
308068947
89455370
206784276
60149267
614494741
106095664
894894181
198342979
68738202
600834226
198163320
164109868
67913475
395491820
162080674
78383155
452634385
234257469
121765927
422919953
77582787
375505599
87010284
232455539
56375046
461392325
1360056930
104583266
58957293
229529484
69043051
117515364
993718472
400544560
494656747
331925627
364455525
103952100
105128446
89014003
326011903
552262674
148536710
580970911
491764723
108433639
210902375
501783214
214513684
82676437
81862231
270399544
67612180
385228148
1140763489
324076659
309405304
534377202
243862976
134597907
188592105
246927278
122756077
574731912
90178786
144579578
216443995
311519415
249296664
105853161
200451997
233543582
487276727
92071845
378861184
90978309
161435960
183241947
325136423
399538155
51512149
202268259
499158056
722831233
53484774
391335746
319300130
147364551
135681993
27238581
272950596
154361258
41594878
293810495
540200151
173900867
188589368
170467568
573169537
301619449
182085964
56187895
85806939
182087075
383012603
179901088
51537692
235780479
1357896672
229806911
335342007
460200289
51224439
277146848
401829496
86846236
22988266
170445184
1085950386
62968935
193120000
1406827387
493287094
351577167
55896424
724398938
94591167
195624291
233555054
790740691
304410604
156366056
150187966
103630631
122496444
630743643
864255415
68541545
273641900
1034021888
99703300
177526969
224913620
131552882
164392280
37043807
360088811
83126487
542987403
600279525
157849226
249480498
449426734
142506319
306377819
598405316
358929372
211022541
90885021
543765646
701476610
217873611
160464543
184786690
1345514011
35327434
136144468
501889987
278544027
1446109362
349109338
136124380
571529977
194157898
88593637
545565252
117109569
1093393740
107768304
144947618
94275273
309793454
78047931
36270748
189560924
115945987
392800092
164864173
239735616
561668895
255734710
436905031
381067350
153188326
196808061
40273534
52900533
199066022
63316561
139190207
161767806
101603449
1608997442
69666886
289813097
34234751
464127126
104762578
195878730
352976835
953902604
835660920
284759921
295657745
117401906
440303531
49993758
144654816
64014205
171590995
978820160
106769154
272859097
889737577
196745796
83819346
193723522
173606354
405434310
299057479
761981815
90197495
1365956185
118214633
427283587
175919888
369899251
209581404
148064964
26925000
1552086636
577342298
321414803
231159633
391136592
1658031860
1665551035
181184859
51779973
30203081
509623575
112568938
455834561
90883537
136431171
458549555
204740169
75847150
566197404
238607333
77766572
64771179
273721423
175175199
68302484
120296664
149599244
486038885
54648352
224743852
53415271
202428508
230131984
343763149
285319058
79795908
77555078
354915681
193217373
237385789
326584456
73476148
816117566
550381151
120302120
1678477682
96132405
355619703
321001856
133842907
538901984
311093818
78083609
127009703
305387066
85626322
324242842
92306307
64450270
227205096
160430025
884112372
94132258
444273337
187658180
410371712
125773558
162188169
137402054
610996771
101809229
280932307
598767974
935199698
193681546
101343429
221825360
337179349
75423042
611838092
258684659
1657443810
2413622625
107065261
166887697
204048767
381192986
136511574
135673683
283259747
164502849
102709843
514621272
219640653
96231072
159627914
119798438
518140294
186412555
103102270
77670540
88060028
206867414
52075727
197527919
260277216
169780897
288403175
301169876
236935956
731878506
54094753
355149047
295843638
167525267
62151472
192349843
100061059
39357522
47668312
1109601204
1206166915
205096579
308147101
525139324
57084384
202309003
141074473
277844254
106188685
92579434
311460822
173978266
636725289
139832970
233452153
155703428
529356227
738222067
426711433
614953983
272020261
635602496
243432088
115458568
49548413
33466544
1269430412
423728521
153146506
249762804
165104947
1524665690
142366460
186506183
524382139
16002260
51919361
318940805
207606628
146464365
1252187863
75838988
998541228
986352607
46805592
72499493
17227436
147409713
514601731
429228644
613069145
1685211552
237075492
463044555
381565557
53177779
151213246
1601649434
46194807
184998144
71965493
118572273
107562396
226924175
118096762
40764314
68442184
437961331
99899900
241945676
48344853
98542596
348728472
110434823
194393275
102518797
87020201
135557739
227101929
55238824
277219391
199010313
135845153
1311861060
631536742
134236551
296633304
192635742
337997198
184822839
72078620
396269454
1372741536
415723665
501345907
1535080404
149018454
185912171
712787660
328148661
144891056
396037311
577833066
711697705
183880950
129642785
78206596
226779385
29352071
126740018
328010665
749066870
87572004
205041521
341025252
302121550
598818761
163056730
452566532
101025998
53049233
128003049
443673035
469803618
223511014
291461193
90227172
498231498
83937669
280671359
111606883
1346948911
87339956
422373324
477243780
109577026
171580205
198403209
180662222
250102758
111435638
121135968
1198328402
550532855
79311815
214039715
62283537
297488904
357446499
1708521907
830533338
268106119
380099224
173659337
268124361
260813509
131020501
701968357
455422202
110176031
137276780
170859901
293320854
912640177
193719620
194329019
281380284
227775284
527806586
298135411
108366649
821995218
302283190
483319996
376210708
330030953
311743718
103744243
124623715
287841790
179969518
79892674
314116163
571317400
300808437
106544640
225630916
49160360
1297012934
130893864
248876650
85470082
972249421
112910880
165216181
464855463
1275771042
961462951
320276681
502820298
163567650
307378142
38918168
131166445
126765591
1631497154
1733106174
470315475
141443942
349620174
228823448
106993074
80421321
376555916
158766238
461623430
371576497
243890400
361027958
1633341996
741214568
189674710
103926235
168400359
300417912
113280732
2174454295
284987111
211769851
157396280
358538138
338385367
81895263
1216741100
592186204
335546584
220000544
65506700
182992740
578929780
315616501
188061392
1600214390
113293588
329934814
91995428
86356988
124174224
155148444
148844498
363908278
323229705
585413408
386119048
174735874
317037881
114153091
226084665
554320670
599727162
339578366
198741321
259004723
266834682
1679674064
215080892
274564536
168874008
148136531
386893704
553105694
104623909
371542306
148068319
196019887
593413500
130352305
60160712
192710464
378422123
374225318
77047372
276899443
117169545
53258835
149678344
428949753
408820398
147795023
109141601
116943464
228637394
91288768
64920380
341868618
227103460
166620552
241713977
54869893
108923218
96389821
266184905
574164378
214316645
363436217
231452350
134177551
759077971
112340449
118751776
166022680
159242704
2349709713
468614495
183436237
633445409
146721251
211651581
193492270
208231986
392971193
316688875
406266670
296292957
307640913
97185275
2389791511
1629305526
1184929340
186924551
294065740
55452504
103870675
153926702
1154272902
193982718
93755384
73651106
117850212
105173544
417022656
326446013
215408167
334835684
162460214
88056537
515869151
523285739
104447875
822459630
166627381
209146971
613788679
1152350778
186596621
184793484
206764166
320233611
384971762
864525120
315081508
139425893
1100617166
143461329
202408903
242820296
166163666
1696113296
385692423
278035473
91176540
517755056
329470828
465141202
97767726
316154617
261256613
98461238
542612609
191271913
161767844
197269881
196383642
180234833
80275334
337965464
354049668
965334852
840941570
248479809
1146621961
231733158
96440733
187678978
519931088
70846374
44992881
101060499
282140979
1126568090
2346328843
70662056
1615214718
334065771
277468104
1498758775
73688980
133773284
56779699
509633094
104879005
221535395
144076771
484447525
360023296
248241936
358343351
162463688
131843915
195644707
1688205625
122218563
24620889
441103922
213743663
110441851
575690760
365185138
171158064
787983608
358953010
139508361
1731399152
415563513
463076999
168495391
393066893
386345933
803833128
419784999
334259068
49883566
40566514
99714077
315843595
228012224
554421120
272582980
233170696
49163824
1604695866
156983181
174507652
127846465
635571791
163337473
26578129
262182321
468969686
272766233
501769782
91887848
552080759
969381169
1430217986
743590459
1369500702
139869251
375889987
106895313
394594011
252111110
50652429
293325084
134253805
279677506
390735300
2195844852
108507546
363915605
15838083
1388342990
68811729
17424426
375741813
142882962
559219107
66946305
572491251
195335893
369693049
112453703
27126846
191253441
456568969
93034581
1940203614
916067251
78784489
374702759
1545250963
333768106
97806814
190805666
53762450
373143780
467022230
118323222
108686003
126292765
1730489497
153224584
136701776
433585361
1332092863
561519818
1380971713
1595124270
337786436
42858251
51322247
75081049
1423043588
574967450
79549162
172558215
1269658682
46039134
148457085
98449051
329133794
130501564
334283577
315282428
619314005
344037254
373755717
159093021
194363443
479055641
406172836
102834612
1416783462
184983460
181274085
551436349
899831496
416020395
1198032926
199342990
319095309
1434728887
104161925
151493536
70197245
1035544058
187654882
100218567
144550325
500148530
59007931
67124264
393990158
385341585
407735364
1269759919
51540923
732937003
1720189321
471137483
69142807
129309383
629374182
622205641
39784059
102802317
105630136
531821925
432963730
50449781
140987431
84698415
73301911
77725408
83759590
388661182
2172860306
278399131
2352431220
26472529
517168380
24955637
2231591575
1525342994
18851415
2214439957
24247883
1897601624
64725818
549476819
213780199
1638373651
1631222377
1685452446
288249986
38022940
171926859
201950558
188941422
519057075
1485580345
971302722
84744108
144692356
1482947851
54259228
618718760
26274477
102588606
1289753816
1302601393
1107888008
260361653
1301334548
1278218868
710009923
141209597
389064020
33880118
363753832
87340865
1177718582
17181265
170063796
613662434
159099962
407043981
546289236
633329469
33655553
199103079
831356378
336627681
785116118
825925975
45341284
115683111
252663120
944853494
34553221
633200982
917128614
952593630
946195285
326158694
771862471
38958010
851913409
440622422
804805561
71631236
817943730
500122039
561736554
227284739
552067203
24929739
436969570
628389562
556913787
589603294
19363570
393402640
625997797
635845996
564875618
103911002
19354191
164436572
577426099
395545765
612682101
537638236
447442475
334849558
603698235
223480710
546050178
488369001
403016538
254719698
170016558
569302640
414041530
34745980
384542197
23099254
453622568
430976274
553241448
49115368
450171574
149894219
173525044
338880142
37899134
107930967
448192687
354952355
46664359
240735454
30807854
23606717
43982223
446737549
18730238
113101599
213334956
161876451
103073252
441986584
375333909
224856978
15405494
111663538
17446747
400617442
408184735
202283280
425212170
376318648
295850238
349921070
38703581
19784058
82758528
328510486
352764094
161065809
394837603
43153640
398322742
14464957
397387189
36520001
32135024
151553126
16965547
385336502
338055727
65693050
158042890
103821657
308244438
132269275
66247353
94254879
370914276
314026232
363361487
71381372
365186255
167397296
294265213
74166648
40350866
292946919
355326095
312029599
351652488
316122457
353848624
67578950
246259527
95565513
250203117
128193202
94467400
163248053
204402374
313034182
128007254
273326242
323684718
322012171
43051619
273626737
276370210
318125137
19983468
318012847
47004112
304677459
284689446
100000760
311898771
313141468
15839938
16435565
304562202
202443682
282066920
275804670
267233025
91032359
254335409
76111820
31081562
47234781
212946252
264080774
167403180
283317012
129623870
45921041
19535559
238784741
20093553
279150714
26910154
163456116
17513981
281065076
93759471
276976114
276228167
151973976
212251343
142533079
35561760
12587862
267002310
222583582
213467660
257180209
256986867
136485819
104209660
74069677
151041862
216120282
216403355
241367402
24326393
199571964
221454545
8484122
65348667
213351262
196130975
78938675
177971892
17399774
137419015
206720945
19041958
197901148
59722579
92312888
28334340
182994241
122404270
182440170
143135457
181353991
176788242
161007666
89802173
83893974
177684752
50306155
131250021
71639332
144678807
173659212
167423731
166732704
94643834
151687819
65122454
153624723
116263171
27853390
151100368
55290296
82830519
144849306
143683884
33622636
75794540
79344520
97546960
108391366
130625151
54182311
63552808
15441363
64556941
89799464
119579051
131903270
126453535
108673798
101321818
99993303
127350608
113089720
98731076
94506207
22655779
123707151
21515809
102571586
58791339
119116841
18369646
106183061
18699304
22290987
15063278
16738787
87495080
31204382
112682264
14365068
76617191
113516800
82112823
112345474
113643881
85620946
94169587
109127296
16799649
22671716
108968092
106451408
44164399
40868243
99742444
56013605
90707170
14675205
31433420
104518958
82625137
103017045
16455137
59114835
90522062
61844217
14802019
34904414
18801560
71857421
100628318
14500534
80465184
86498450
88416892
14298131
97149152
61374729
16587571
1359561
52106931
61173115
62297217
48687293
76461428
85883000
87021130
62261904
78811670
19043431
21092946
51216530
16807341
56411366
19953904
25199005
16451635
76991137
64469281
17241652
19296493
21721682
21712124
46743975
43099726
22649358
85841499
90067873
85205543
44970976
36701483
20397860
27802266
39998177
22627888
21140101
46764631
16284484
44962041
14936174
55100269
30101965
22550468
88958817
19562971
15065820
17398447
43443431
50749272
28473902
43332918
32828529
47018037
68981247
24280219
15751834
6351942
12462582
16018375
22466046
16316684
88552052
45579175
16510359
46744315
91196239
15183380
18478452
88674828
33823550
15279465
31563068
61329820
85215006
64416800
53072789
93467113
38484525
58044082
13672412
15852942
25560065
93883953
18262104
1533111
83883380
14633814
25276558
93093878
6125082
17312741
54756523
18869445
11274452
52150611
14227897
20868424
77051236
23862487
19450841
19732337
18998656
61560116
19347475
21836409
18376621
87732141
83909455
28340290
15172175
18537956
22498859
7528292
33835190
28193730
28487033
22957864
17527642
92297437
22495224
16050032
31202883
38672099
14277795
46001523
15628274
14530030
15117375
24854571
20433776
27838923
13306282
19836954
29118181
21013461
60376978
75362308
27572347
12133382
14917424
15274836
41624358
17352423
45458460
23798980
17850012
14990608
74353308
9921932
19664316
14347566
93567266
18316081
23474255
3302443774
3245418620
361422950
600228394
3289105505
1633348302
2489454114
3366523809
3353090721
28443462
48831366
2706584388
480571412
3336384447
3247991772
3328575009
3087338087
2926786830
2915834701
867127141
1433803981
3234806557
3188262614
1675932943
3131618445
3227389322
211235414
3299023005
312180014
2462201772
748490754
3001545110
2534354124
3288844876
3195768667
3247806544
3116137149
3073051349
3184658323
3190123004
1342011121
3175773086
3207858593
3175776709
3207863638
3156828167
272141779
2929291821
1878987517
2685978440
3207616473
2894151001
3164061626
3081673405
3149374494
2856950562
3119390803
3089255577
2574914348
538389046
3139459755
3140050062
3135110442
1168716386
3131164733
3108650793
3116641304
333474699
2559096522
3059724699
3075182176
3110292731
3102425967
2835906535
987950096
125672670
3081902251
3085402563
3098344176
2868165105
1452084228
3092618872
2427458814
170400197
82121544
222086413
2976324523
2746259126
50704018
115085266
3049138321
1888182168
40872782
2469903954
402630155
2415652722
2811447045
1056521784
2673304280
329259511
1405365685
2923816369
3018217357
3011047310
2611280119
1342506212
2982190696
3003338445
2965966652
218834072
2987100197
1944398160
2995145639
1449211681
2496097237
2942576115
1413263053
44037195
2987595368
380482020
16462161
32653930
2979779061
148167985
2975204163
1363085479
2360738161
2360732342
366175383
291961089
2961340684
2953262302
1467239364
63037018
560516333
1140517813
2959384576
2371470351
2952084597
32119740
19412505
2901030599
2938586040
2888544998
390603110
2417045653
1953176166
2467839280
549872476
2722736187
105177172
2924322432
2922084103
2909683025
2163878842
20461216
2897612914
2799604084
412231600
2774865449
2776294319
1626845066
2577048441
44714532
545827141
1352866410
1538075522
2362320216
2899548655
2202007045
2875008694
2873923864
2867486992
2864898184
2782021399
2315376242
2485413187
17069504
2246430123
117553594
383046466
273477831
2585929070
26936245
392532535
1470004808
1069893840
2832527571
262511639
2835107541
2732038933
2743954827
613656974
2830796866
2825193695
188267094
2804804574
2811644322
626825862
2809173339
177200483
1026541219
1224291919
320483699
181269300
243329030
1463976980
2832090919
2799333908
2596908336
1452005390
2707028509
2699027623
47241596
599924686
1071942650
831163050
2790980972
2791126412
2757180165
408076893
48173321
2750066913
563343608
2779713259
1109674452
2689103265
1646058528
2731956358
1967310894
716987719
2726239704
1510587319
2738239068
2307406981
1616966700
404819771
2650584876
2694025188
453148755
2712121706
274666153
92305497
2565468439
2677714352
2512746356
2618936019
864575438
2547280123
170016558
2229900943
2192826980
84415854
405715501
1914831859
1500632298
1267335924
2575254996
246961837
1497499200
2559894331
276079613
2301226496
2582456078
1356874754
115472116
28372991
1694560435
2328937350
2550608658
2472956780
2399935231
78326134
11724452
2351192760
1568419549
1500375588
1512885392
1500775975
1512717678
1497638893
1469356801
1509725832
1470074516
2543816705
16681373
1335605628
2215031071
2492752771
346679275
2526603316
196624003
1891074786
1916218848
2431057356
2425932372
85606624
21734946
589053842
167638323
2267366010
2441945935
2470444284
2470317337
404603450
1525342994
234057437
2334888190
383947428
2166158984
159233169
1670928385
2445073508
919541904
1285214257
720138703
2406971299
1385207809
2432158142
2434626084
2434619406
374800127
2412196527
2427063500
524536675
264983377
55286336
2402489046
323469801
195075405
70465769
2400326232
2431679656
1248013646
2246121449
2377427570
2302374896
2255899809
844211095
2389364546
2387361102
115773892
1434241688
917870534
2380726921
2373319662
278399131
2374896980
2370883398
1879256779
2370952873
2370408583
2369100601
731258125
2350342069
2351471236
2251755205
238723870
2340841706
19146182
437660561
2330951978
142022451
94687040
2204077429
1489341302
1286704604
2225449470
2291315164
1033475930
2198110942
86609874
857499692
2292731282
24133964
2216186365
700275737
2287414849
2274796297
222901570
179083387
430820377
1948223802
2251762730
2151623004
701622027
618138186
2274531974
2266575378
2273320622
875869440
2266548890
1244577362
1638718758
179376614
2257248577
1705426982
2253199346
343404993
48229652
1957561843
602997972
74045398
289502469
412691185
2228056292
2227081506
185746577
2227025252
570115750
2209973899
295463807
2216667314
1656832844
1887606948
275460646
743525324
2188749691
1872082795
2179779017
18690831
1853252592
322039742
624272629
618558539
717598635
2176520819
1511045329
287830140
1675861008
915329238
221438578
370440729
2178584407
1967114136
855180866
816646843
66807344
1932783836
2168298564
2162029224
27272933
1585397521
710273780
581904839
572219939
106054996
123953343
279217847
356037156
42383845
1675910755
1929669140
1931715146
1882296697
96836297
1551902966
549476819
78591564
1886439078
23422289
1869283520
1885642153
54662868
457928480
1855447633
1691001798
957991470
1871330766
1606675434
14216895
213780199
98332957
1107522818
1483045818
109678492
1636951681
1725603708
1703314220
1464753745
19031473
395466744
1692863977
1641724477
1639826306
1695836401
219146788
1667788160
111079284
257398673
566596887
469973239
75091560
39149268
211614051
1598655224
1651558117
1437309932
1623342086
1533124951
96104097
156727913
1510797560
240566401
1627204142
1475104332
345704992
307871649
1525694822
283143217
64715082
415070526
1616449117
43417019
515946434
410171526
59152146
315373948
708936194
100317753
22890638
97362286
116983434
322175372
16331641
1567005006
60761788
21186282
16458780
1553926897
144918684
1568606191
127604808
130412081
1269355448
68625622
1239239341
33116659
260467012
323010850
554644061
1546424768
1435700828
334819795
132321702
66479130
49115368
1176728882
35528536
424222378
25189775
33263631
952565881
1520961493
352866787
18452605
74307325
421883302
971302722
64478817
1469692308
1154812746
15400246
1384083372
1496106757
1482947851
1324765351
27772566
407998864
334103057
34710922
423654189
1279855170
176616870
449016919
30987439
597989749
1443249768
1436072942
30305871
1438591074
1420994334
1371033612
56756662
326144014
1269473726
974754584
934729590
76242992
141209597
253406692
537189492
1408568185
456088212
1131212364
1390257468
258850099
252278310
60496208
37326253
1368976088
1302601393
1350345344
520957962
1362191606
75719288
805905176
126840001
346807060
376727209
1107888008
1346523253
260361653
47250389
1324685017
17717593
273362603
1021271094
746564330
867323077
161657564
532530834
389188017
110714837
1136839592
401289923
249952261
162085807
1272597480
343412681
472478249
43385107
1301240222
295774596
1294059264
569302640
253221515
1041011592
17311563
8539242
18775850
18702878
87340865
452179661
1066611888
1206229393
231729047
437107620
418682964
620198061
1261890608
15102664
8746882
35480433
1208435894
1239638468
863242741
1006079786
1228173133
336595777
325947486
297633314
305672090
38897436
423983829
231494899
1191579716
507098133
1173162576
351567634
584749848
119083950
407043981
112461082
373688582
214123019
617575768
228452044
1162943846
537122633
382227704
1148703024
1134931772
44749366
978722484
580254937
82835500
133216711
1110196884
1104799694
43533876
1090322142
518014206
1022572297
1071904603
303239467
1065750686
240108683
708351576
1053594085
200863710
111754887
108674015
1016024046
14223005
129304508
117959634
1006145744
32062804
23740372
759653461
1005358760
436335969
1003564184
226760865
101704339
944853494
118828764
231735917
18874383
979978188
853132056
975447248
964859988
561797506
329145621
818057396
595087159
294152906
243103998
956293478
933683881
68624057
553539754
587942042
858804846
401401231
27683916
52698669
97908578
36287942
904230084
874421773
326158694
932196440
904366784
599058776
15081919
570925119
236367224
377196529
830376728
199453127
902083476
883997976
239925666
864838393
545222619
44737035
900410527
888305821
895372836
593295967
440622422
62874328
871804352
704453953
363504846
16059858
626525204
868890049
867300115
229346198
856683306
48110818
325604625
859129668
477149422
280833349
92866543
316832974
850590968
53146543
842240233
138857443
380838824
296869883
845486874
843661394
841407102
618262249
835367706
738056556
156129927
587727891
394057137
432923556
401771696
623114303
807445874
80116950
412683685
567389108
819287022
817943191
764223001
811993110
815198172
813673554
802743265
767012354
356803837
558329930
807639284
789480758
13009792
429640179
428291395
799329037
347570372
388003018
607859463
789467106
17453280
705371137
359566032
634853436
770021155
769827056
772048675
14958016
429892928
503674249
745009764
757971654
619320872
276790454
755512418
603698235
753709506
462599759
611299192
634743845
633875893
746491466
270530362
741160970
220657249
556913787
17739438
64371341
731390490
19363570
301707709
709613180
217549463
421779539
463836438
71954012
297516377
716711912
717104636
716669191
396454993
597134929
474952012
289531548
312823344
711929508
16719555
528066450
705201572
272037821
709345458
704316288
600772256
635845996
375881135
35683708
240599610
322564974
49565776
361776127
237191782
282516787
520446515
634319814
606547455
184654359
29022304
627341703
113697077
630310802
565630389
253800348
81485786
626322152
552555823
611983568
62829034
50515069
456007843
31889311
621917053
410824426
28984863
465244081
159252239
620337547
619320940
620121231
213754594
580183104
60723026
617060558
546449181
206964751
15517868
559796624
31743507
612935474
42332629
56241863
458959533
26413428
97157608
610847053
536643807
579417928
566716844
274416029
242610297
485453293
606863978
556586358
334849558
478825329
574329777
431661433
606025931
525098055
603236930
605617888
370258704
605376540
604365135
232594098
264549983
312691403
433300602
602259890
159097530
471501702
589729639
501473992
81361935
156825542
16557729
569334243
600000028
323561721
54004954
373944024
571067902
590693394
41333482
596808247
104501592
517839583
594959740
465015957
201568039
593581340
569962011
373992604
590955667
492169125
76587121
590321236
393439496
577426099
194434563
189407562
292111624
157783549
578482523
76359975
99164601
477861086
586651159
491568209
33035110
529457099
430976274
429252369
467616396
575077615
583244782
583169772
567495025
529761262
140561484
244749886
581970363
347396328
54730943
564748792
537568287
322846036
578379659
425289603
577174600
168857533
575323796
574538075
180590541
475258527
216529797
571688411
536662275
456845910
312461650
82684173
243836880
524978851
558466195
102265039
569903538
243020544
414041530
42632939
568997360
348201457
258102704
567237410
26731077
96207637
557153298
15812463
79350776
539413966
175581894
562127331
33453929
256987792
40797182
61521905
355850630
110486310
471699918
560236847
485882776
377177823
507384506
559223740
238959193
29560543
19737629
532416523
537797502
523898582
331944929
556389743
442238144
490311905
256718001
547157569
554302040
554017246
243307287
489963256
553067126
553538532
488559754
203733508
19363922
519588982
191651936
550849741
417818560
550699438
54264281
262311522
25809615
298257726
549646245
549113651
548725847
251273630
534332450
508066410
546768288
55492751
160372190
14570930
528179901
116696370
543155368
370601551
542076472
471035381
535420467
541488771
498311952
372879367
537760950
482690147
338880142
539702922
46221370
258576854
485438369
417698053
153724931
131878202
534585307
123622630
523313118
480206406
374529415
383214365
143821740
215791351
531552385
524557993
453521017
419458248
226013631
77468195
526354159
528322296
163484179
528069718
526311686
526447957
103643659
318442368
313160708
434985282
524985359
417982750
66988720
523968026
523759100
106426150
523576823
85136193
522184827
63239015
116476180
521178535
39394915
127393694
459014079
239864872
338274029
24037808
35082621
111606613
25833827
230747010
363587726
516720360
389037635
515979500
459835119
107269916
210232794
513735872
439247462
65452386
512268071
448103480
392454894
333264092
510915442
494338543
304451297
235764266
476924023
509754044
504938972
47967106
480828269
278119411
348069836
506483529
390468974
341294439
379313937
283322992
37057034
22796149
489986075
381557747
356080491
388328034
500565142
500180473
482601967
500047726
492428003
429250998
357541125
446149269
429216382
417766516
276689148
493819424
371025021
497521048
25119464
428009489
470291227
424194451
376816575
298683399
54289147
415399936
493142605
360880310
241043512
479630441
218317912
347734654
490152069
19609919
364671652
488907173
412906781
451126644
344730183
483777559
483612859
483548676
15691464
18253923
400033097
322083944
482438305
50522881
75683789
353686010
468185837
140560853
479523712
412033886
19832913
145215804
462168603
472118184
269320843
467547018
250579794
377417970
378210928
30346477
469953041
61855304
336090576
33550291
163281347
463181295
467650750
250774529
466660249
390284480
463928478
322273408
119745683
253810773
370456921
230621413
102873037
458864451
27714800
462075220
458065274
245223877
247123823
213655536
374263497
455280751
455028415
28338309
398124474
287494946
220865536
394845117
25273829
17001133
451619281
432154823
277225851
448224624
24977961
445991366
44279561
87470248
21452560
150486301
443069157
435935218
21432384
318629805
362018850
438022032
169645432
436433604
426512193
368048612
437338245
437014444
306533671
169953547
36658961
382262964
434003340
183574319
430045960
430816881
22548461
429937438
423700557
26614535
317817691
429918438
328815364
412592245
202283280
428706684
428111632
322926475
318791742
422380425
415835337
371875802
393981593
424806669
423528591
44356599
347972927
347671097
420052956
419759633
220030363
20744282
416710905
33585121
17351471
192105454
360989088
411019445
405427079
408634310
371465427
109164425
193515866
406584801
312477208
404997517
160586444
401313557
396678393
394837603
14917424
396668620
399077793
389599225
396603447
389705407
75076354
394737939
254133268
28360280
375756776
389268043
390390884
390385273
18915867
289385640
386967930
386730773
76451174
354449512
325644574
317417758
378278972
75354349
384208598
376367255
376820049
143915986
28870036
381623941
381374911
158042890
379756268
356795215
188043932
90375907
363324065
264315269
371695701
86616991
56544578
297106007
133431287
14363699
333515775
44598510
57086029
272114251
38257322
177158101
319505915
359025399
267954402
361963717
303123754
276080952
348421630
23296514
351918632
112034865
346886296
33146441
58734970
272734515
22968860
339031469
106534644
133146729
78777421
43162895
160929070
336133777
191853008
322689511
328174603
225515551
321413935
117317083
322012171
277271097
27140486
98733611
15237937
210898473
19308735
310499501
159006240
37406453
311898771
38616509
100000760
60182356
163457202
220357437
246024271
251371005
17375341
290906733
230634209
303907347
197315031
294070019
116833234
23379393
205514475
31081562
285670262
45921041
205334804
267848480
43932174
244297466
257169058
109003244
243177834
276976114
168696336
276228167
101294904
147198957
273205823
142533079
256086878
130042589
250138269
126079935
211717944
152739498
19273711
268334862
267002310
100149938
260460416
14141197
164291771
94054340
40282219
204072648
236095471
207569706
72883569
202782486
250885634
26278277
254386853
255929005
102310612
255295283
104906508
207660820
110733634
211534915
127391537
139230624
223515146
249264124
199114419
18998656
158100219
245447208
222262795
244646062
19695231
71691476
245267502
161089507
190584751
134528794
21548991
240670277
236577611
38228745
156295441
240317056
199424065
34907048
20834666
32622186
133474481
235813565
217521325
103728431
75362308
234132575
161773913
222765025
90188209
232899289
213417890
18522234
226781146
155698735
79259539
225375135
132079890
35830238
226503392
25728193
216767331
151041862
166584208
165178659
222691144
222207301
21793546
123263650
223035455
199571964
29118181
191941564
51167574
16363980
15851406
88477194
16745935
63409312
177971892
206339998
19789602
15939054
47749331
130195798
210677994
17686764
202729572
47407501
9345172
166330197
194221580
199334131
201684147
195993133
201547294
87732724
195993150
160731284
23466935
126561706
197901148
190684722
176706991
181164076
143135457
18673924
182440170
190799076
75718169
123380048
166653118
92542951
15839938
184058148
135352406
182620506
119043314
161007666
163885610
25763683
22808957
177390539
122021843
131250021
158489102
16011794
156747149
108699398
154668411
166191690
21502380
144941819
15695651
21899725
18348379
16441749
159185391
153471967
114819429
159965692
112351430
148401509
134726135
155635081
54825375
65689819
143406517
152782227
151100368
73480348
44946367
15539362
17027836
83893974
19851031
55290296
64935161
146108595
135557689
108075041
122693539
113666424
97546960
108391366
79344520
106888734
18907543
96201636
17066724
46940279
119793618
136364919
127202473
89799464
135209777
127316663
132538433
64532597
130403470
127483939
125333370
46913532
119414434
76108038
74774755
102714187
120974583
120602309
84872900
58441054
119898915
106183061
116114541
117164133
16738787
113788769
18034533
15067280
115621640
112682264
15565576
40849757
21817757
113643881
103136876
18320759
89802173
112034601
111334166
110759598
110705604
36723303
41624358
18795223
68471549
19552593
55749746
106149179
109301883
108968092
103040620
87205850
31056129
14944241
105346672
44164399
103058867
103057708
103044268
103043484
103042107
103042994
103041614
103041114
103039345
103023746
103023317
103022812
103022269
14237559
103021562
103021016
103020162
99742444
101847352
31433420
103745762
67748167
102090219
16455137
102552173
102516561
99671830
101899326
18801560
20528102
38143329
62400309
47573410
30246218
98071521
35756736
93278225
98434059
51989771
64945301
18152669
76685930
58791339
16353195
92173825
89509257
94107851
72563048
18029498
52803092
93778512
86125547
93135530
17822556
92541722
64276059
91926738
46943605
18414757
90906382
88919308
81992308
35567608
47967726
89038428
20167604
47711613
89506254
85883000
58192707
88958817
82967345
40625843
18501320
18333506
68379685
36570756
81361225
62830266
20773885
59200277
81766660
80610115
77690520
35644266
21736521
28506495
77279546
39004829
44679470
50497567
76863655
59882770
78061949
84087960
73390628
53935110
62946283
84221982
20663063
30394705
84131896
35974945
27181836
44292587
81770239
19266563
79298747
57765651
16596064
70031600
46964611
19098222
67381592
18589522
62275986
76792477
64754354
80871292
36631657
37898343
80983246
42057810
39618246
81885614
18257182
73442643
78231392
81980662
63633542
81380555
17582617
18071696
42209401
81465335
15521510
29801356
57716723
63524788
25534432
26074017
77314206
27119750
56098851
77095239
66722629
80880648
69015324
31446437
16505767
17375330
62657410
19456833
32836877
80680632
25510555
56822861
27114035
36324527
58061912
18176210
17573788
68366837
52037095
72292718
32581033
39777013
79585396
15356467
69193559
34656884
47406652
43803114
64958442
77959024
70822654
26809735
16557449
71122191
25262272
41267806
75648300
39166904
54709948
15189926
40696781
75794540
24682598
72224711
48162204
62587718
16699495
56715082
63552808
71275828
65238095
35615167
42865716
46560358
76767795
15068486
23835815
36790494
63396863
21546136
24898059
72923387
16312422
49899041
19586694
71637090
18405311
75964824
68743096
61227707
47275096
75328629
62354028
16413061
46552556
47738866
75126466
20948569
32641249
34760711
50186649
68062282
24896910
49518187
34136248
19515771
47683473
74407190
27074692
17839055
39102780
14134276
19308138
62394205
14874649
69586607
24411111
24608086
73631892
70873007
65365558
51892390
35454454
73324023
72793082
65136351
53271418
45626904
72648110
46736285
72510806
19220217
61023825
56101867
72230631
22000809
20665273
44905264
60046287
26155646
18719751
66301026
38741554
62087504
71090256
18409645
71360227
46254126
71175653
28799609
42703889
71071679
18715066
22232157
52106931
54291397
17418719
62321102
9836582
9749282
23972996
67304104
20290668
60861133
70461787
15937402
16266663
48261599
45779598
17930053
61706746
41312843
5925682
67026494
49038014
47914845
55928396
67349957
42449425
52535527
65316094
67661147
22071724
42752074
17602228
61586607
68182165
17354797
46476488
17116152
68917640
68476722
68916817
16966928
58038880
65924863
15746647
33520946
55606244
25458378
66805247
23172966
56514396
60982802
37717280
43246704
22423078
21402214
52957777
30177928
67313935
26547574
43940338
61187499
45325362
26574503
44155558
18620441
38208210
37703552
60221059
66740869
35102126
60594441
29762396
21521770
64387344
37273693
65712317
45888991
22075011
18814158
43392024
32843798
50185990
38007150
22936506
24226681
62641507
65422402
38496552
22748992
49837825
65205605
20453337
44702800
65012486
44384628
20646864
53084114
29043381
63531649
63533499
63540017
20159474
57500929
15882988
64104175
27059567
43088785
64004931
28763389
47798025
51014857
7625522
63188203
18129361
52623826
37696613
46032191
13889462
14633814
62966516
35080292
14457588
17758088
19579595
45289771
36028216
62321376
61968166
55748658
20260341
62153331
25593014
51708897
30766690
59027437
16367571
43518224
61846357
29271831
19596228
44944919
61143390
14754123
50117370
17288112
21114461
19615034
15568612
23971640
46307174
14327270
42756367
55884115
38058061
27665615
14252467
14549637
18074132
55878569
22994470
60942404
16354755
60694928
20556292
54479240
55683063
56102357
45015254
19852650
16033158
56493702
60235496
35370859
60088636
52032850
20793776
15304536
46783197
59080320
17952083
21025381
27076855
59517072
34904414
58774589
23821484
54229379
58359838
18529650
56319988
55326917
44518872
53253189
54336473
42899826
29548799
16410165
28154442
35531539
57631994
27348157
12389962
37162083
42905971
38815383
21027059
43919205
40556724
19733485
33545247
54369496
29109420
46743975
45930024
45764940
57087838
24794253
44740201
18374729
55149891
44979299
29709452
52503292
52400244
46577149
18033662
45343970
54959988
15222256
55607507
54807274
21500044
15085620
16709549
14164855
10779802
41533030
22805394
46964904
50532112
53869613
43836707
42440561
56155273
53013832
48140796
15245648
20690245
26334024
51116001
46431668
21179543
52499292
46144919
44855375
20359366
20220253
22078798
23155760
55104937
27920578
38968175
40447584
44707091
27696615
54704244
28192871
51499674
46431931
29255605
48572268
48526446
17221783
39136803
25393674
46165170
48117202
45522502
46131748
34690897
38370135
47018037
24495510
32659573
40249333
19415802
52126690
21206851
23498773
15319478
16529277
20867026
29261998
50808095
37992412
15867356
37168978
50079576
26552485
31532139
51031657
41808766
15685444
27860494
47583251
43871399
45677732
18295700
43317583
49503821
48046628
48912813
30133463
21132252
48272496
25528906
46624164
46623598
49766463
49734008
21879934
31191804
36786085
49389306
48063491
42597750
48541755
46228767
22720860
3228571
41919743
24341561
48387478
27377195
40723336
43906238
44864693
20582803
35038857
25058159
27073663
14610663
28437907
22671716
14388166
15053630
281563
45905812
29247517
18994764
17562533
30948163
32465216
42131068
45484112
40830041
14816386
16278748
18448147
24929739
46792090
46749408
21699332
22640452
46380596
44563462
32889986
26899991
46189996
46561722
36611873
15684121
16636702
16147003
39571075
45373141
16265869
41576550
32886189
45549289
14471957
45871089
15905461
32553959
45440708
35741667
43235050
19247552
21046159
42355426
45707965
16826254
13571462
24563716
44021913
33345216
41698104
39666726
17885796
45151231
26996891
41877572
14139236
37594235
44315546
24091083
15444746
29195806
29614957
41840102
44747276
44681593
27466065
43329833
16274109
44240702
32178689
8699062
44161798
40191643
40192332
14675205
25356215
19987598
28375663
20424017
43108022
39850054
40360386
28869968
30133649
41408247
28503985
32342948
42839480
39191836
38187534
30558597
41549940
15369667
36896035
24413119
28769399
24828537
21479179
37895093
29495525
42227100
39418556
41879712
41996429
41302512
33450843
34481598
41933890
32234024
24520243
34731547
26128478
24854571
27800031
34670731
41314142
40828149
27730714
22514289
41263135
23723927
32392251
40120533
41044686
19337315
17461349
14083276
40781614
29423523
25302987
23765447
37633859
40206246
20343117
30636207
40202233
30272272
23592300
39934022
38770078
24122752
38779773
40288023
40286812
31065775
37972272
38897241
35897504
39789362
32653911
14346399
38570793
39159171
33953125
36451688
39221061
39453494
38917291
37905227
39200214
23226568
11856302
17123884
38983615
12885662
36013373
37815997
20799075
37286445
29265474
37108807
37321286
36351169
14231570
20849176
37256459
29005137
28961842
30669508
38646763
33603137
35404402
30882488
29496256
38335021
20395416
38051859
20713576
19204741
12089552
19859150
22649615
17043778
30404717
35096291
25898134
22578516
17601250
27824246
37841232
35404814
37768162
37483366
18772394
36885955
18029069
37253342
29296944
36571882
28173797
19892459
31088067
18865098
35094234
31142327
32627138
16939433
18868839
35922272
36682062
36599291
16853485
36580077
16905483
23785337
17316606
31835879
36068984
35592802
35514261
18805844
35190145
25835957
35335079
35332226
28179681
16050032
15067950
25950220
34829627
20544405
28584590
21559785
35071360
15442984
22303547
24974924
29646000
15134923
20723858
20109421
30725400
18426725
21922630
30760102
31373779
18809823
21816829
29521460
34257490
34194412
31340035
22236736
14377192
28316994
27930964
28295255
20848823
30527505
33569631
33089610
20851186
23659502
21528296
33095896
14079425
20570461
32901060
32844924
20603062
19748817
31651622
17884382
21074356
30903701
25212718
31123228
16481781
21727312
23987677
23753991
28779216
14914920
24770695
30881091
29715346
27279057
30170316
19572645
24208687
19053661
18467164
30396280
24334286
15698459
30328582
21369823
14589866
23128648
28774235
7624142
28156670
26151030
29861896
29834790
17802972
15727089
17468381
16872081
15693876
15202615
16726910
21569745
15824545
28610903
25726490
11274452
18122928
27922157
25703470
26268663
28656326
28779802
23454977
25080455
19499676
20930505
18791776
18537956
23131532
23023438
18136341
17122853
27825331
27690805
20782263
25166133
27065058
27386871
24102021
27323131
18910604
17446887
20009995
25157305
25087120
20707360
26818652
14334898
25122361
22518425
22741820
15600217
21401074
18313412
22252534
19708867
23146393
26189448
1734381
15178369
21026125
15195171
25932580
16692771
17894233
16015341
22580106
24273893
21399847
23997355
25504908
20919317
25266880
24714123
15375854
19767373
18746970
14311334
16047270
23827115
12161242
21383927
20423440
13236332
24827369
804455
25435478
25122917
25358664
22412506
25270589
14215437
24901541
22730004
20512795
23898154
10667662
18591276
24352228
15554127
20613049
17059543
15766263
15143725
14865439
21056692
19746158
20720009
15731049
898491
21165214
18755600
17800867
22283735
13082862
16684007
19505358
14377875
21892675
24640969
5210841
23831346
14376012
25017131
17552642
18602951
19043416
22572719
18191676
19003863
21496050
15813846
15816264
21908744
16514698
14939955
14669398
20593207
16061242
14915342
20755753
17352423
5511332
6772592
17685196
16067166
20154668
15121781
15215247
24696923
18932164
24533387
23120418
18809983
16899075
14650898
16438074
21021180
23619482
19285677
15728029
22892601
14990608
22382935
21091399
16313751
3558671
16719004
18694101
24039155
21866073
21307315
14209451
23043084
16901974
20951900
12880282
18277078
17889601
13808422
14897218
17531023
21687078
14424031
17107763
20464203
14571534
18766109
20029005
23090174
19430148
17006246
19050855
16022682
19538165
17837140
19887630
14600000
22028457
19301763
11704252
14437462
14412331
22496344
22933762
12414552
18102740
16610744
14690374
22810670
17265871
13212582
16597337
21296651
15204086
17664752
19814875
18625274
15811509
18860342
24191714
18291413
11522502
19155772
3549541
20246868
14454302
18775205
19399805
18083868
16561212
16365366
19408005
21234790
18635425
16112983
10355572
21225737
17494154
19904677
17342973
22910129
18553261
18611035
16523341
20265097
24199917
18270085
17237218
21651551
23427725
19612054
23864944
23699800
23651017
17041563
17596014
41930770
1306079515
3275214372
2413031681
798776600
3260104338
552246075
3253495782
3244533732
3045426888
2604484333
3100604983
2937341424
2984172330
2949748952
3064465314
3113385830
1878987517
2315541037
391419342
403285787
733504380
3076036478
948279224
2592131924
2462201012
2553851126
3017768380
3012270296
2940798072
884414966
2905708350
2704181419
3002198959
2894002956
1535105796
2997313723
2989603055
2991813061
2591554634
2956269378
2955306973
2427111323
2939379762
2918751835
2882845029
2770955946
2350719832
2890322935
2280752290
2415131170
2830496978
2878368720
2863305392
2840823475
2164582317
1529464886
2401192483
2507813678
2472059836
994761288
2840559038
220464704
2795637921
2835017736
2793558587
2770311061
798482826
704266266
2792816126
1871589686
1087282130
2784995256
2774288294
2765515862
2760566492
2718538550
2731062289
2701681627
2712255668
2697242940
2734296483
2358886618
1602792606
1913887394
2659965698
1448622512
2649687043
559700424
2646066210
2644602841
2633921070
563893000
2612420688
2567315118
2613350376
2383138858
2589446160
2606112488
2216597265
1348519225
2371830581
2534110638
1926539024
2480650446
2595488780
2565867866
2583394062
2574171967
2176464184
2510850261
1525157665
937198105
2549552899
2452346759
532176283
2349276300
2524890782
2524405344
2524816045
2518611596
1730226306
1614228121
396218383
715345841
1270149727
2492509217
2517113481
2481804692
1239683683
1477710061
2393390577
2521196475
1703701237
2515031261
2259130701
916664436
2321959605
2331213695
2504154297
2235657267
2265736491
1349401074
2438960884
2428750851
2336873434
2391622263
2450460383
2419087581
2254242361
2286619163
2464947514
2223615754
2409781295
2421989066
2436903741
1548341545
2422504631
2402476273
604677618
2424067930
2413571481
2420410613
1399518217
861587750
2413452219
1877786652
2394547287
2407833892
2400238379
2399646622
2375583744
620462446
2238478691
47861814
1362088993
1321859408
705740921
2351536816
1694688896
2288007905
2356057606
1008552493
2356342012
2356866825
2341077772
1910509398
1903433780
2347035280
2162416602
2320859177
2342361582
2335094516
1496780276
2329724794
779002562
2311761401
1570571652
1917704833
2286242710
2314938195
2283415275
2315221036
1588465939
2204873830
840168355
2279543254
2278770962
2243233155
247792093
2174423769
2265429861
2187564321
1941594504
2257266585
2254178764
2176951360
2256024657
2206625796
1337190816
707872678
1343026308
2166698439
2236796753
2173813391
2203135229
2234328915
1712297149
2200417707
2250848060
2199819957
1557397891
1614181344
2200083185
1720697688
1916233518
2216936483
2214296902
2234388750
1893169135
2173710717
1066073036
2153834595
2174955347
2201642027
2200739199
2181079319
700838231
2199776185
2190011573
1894224120
700690672
2192564632
2191093067
823896852
1623752388
1477507554
2190202881
1658653495
1554267362
2187130089
1288814282
2182798456
929544378
2171447217
1651882112
2151508647
1446298422
1734503576
1954903776
1934758628
933407822
1919666970
2168384343
1295080112
1721801234
1969706264
1908096102
1979274224
559845123
1262834922
1466596807
701334981
1668725412
1652065820
1613013888
1586086891
1483253174
1408627740
1736882492
1101313490
1727203848
1438100040
1736627996
1649673193
908241450
961796648
1706234395
157627958
541242165
966647929
1046073618
1376615161
1671695090
1698711265
1685311076
1287288062
1128903811
1626650886
595893955
1628669978
1611118537
1317066768
1152548646
1354483879
1573437624
1533898729
1304634320
1518432590
1438193664
1395905347
298953765
1548131718
1567329482
508540545
1542670226
1310945516
1542353436
1541365686
724892328
1538884429
1368022080
161222504
1341623672
1520032603
414987827
286126885
1338590089
1375165074
1516853004
576658172
1430432533
1361097187
1296886669
1323664921
493100017
728893
67973977
361912807
2444697391
1878987517
2427458814
15244888
402630155
2922115476
114810863
2799333908
2327212285
278399131
2352431220
2180386695
2225449470
993128551
213780199
549476819
19031473
437678749
1514309221
1612916053
1485580345
62028630
1482947851
1479406081
153551571
1425756096
48006927
1302601393
582449657
1141356954
1107888008
1164925158
198284120
260361653
141209597
1089172938
508427230
537889326
159099962
407043981
1109522292
1106872584
1032456932
710767860
25375670
273421972
549675086
188801009
16858899
73160669
326158694
736098319
353529688
440622422
883997976
11768542
89940843
19989479
48110818
16738787
340741079
37794420
842240233
634664594
127257775
425196476
778997233
32353164
758094908
227284739
334849558
797691595
108391366
106984494
776644106
781434822
50429630
19191015
197901148
31189478
3034981
586772560
22319937
391699882
372662703
19363570
513428000
625997797
602195221
635845996
14579415
395545765
620810672
479719936
603698235
458519469
299272486
363143575
115068678
430976274
138753057
308995701
201935945
76359975
233997777
524997168
6435542
577340173
573725812
573420223
24830077
17181265
414041530
22459895
190778605
559223740
557075327
54264281
59785891
316357556
426534479
19443
200309354
338880142
495256112
14091750
537262514
30818383
458019558
375797594
504718012
452484544
14886375
488760519
418927849
468011027
418453648
451011144
135711175
444423210
440106106
393608480
30873056
373670142
280251040
289571338
357146719
375858141
408634310
385130426
193515866
15433452
189320783
394837603
289385640
28360280
380988230
258605206
389550562
305358388
185955017
17794930
151485395
276834682
300933304
383995872
21798145
151553126
363252999
247546954
163456116
294070019
109164425
17145825
289856501
40350866
371958839
288303744
359025399
19352559
119745683
182180763
187432638
46664359
86133744
280840653
257522607
333017777
304457365
322689511
29300750
12664822
298184207
322012171
272607675
288686609
246055807
251476409
17827889
38895013
247058432
45921041
279150714
90384333
282848367
282533355
282491065
282458503
80892139
276976114
275348787
142533079
264162594
19893824
14590614
16513866
15717652
261415664
261404978
207802737
35038857
196014887
131003396
32122677
251518923
170016558
151041862
158100219
243679295
84240768
124856513
216120282
239094737
86610556
88735953
113101599
133474481
227906908
229680944
25728193
218593761
223188880
22709100
134930804
199571964
48860222
32032035
123965046
177971892
204963432
206924574
205696664
204010086
95444818
59722579
160731284
199334131
196034240
191205857
173185910
182440170
187722436
12043722
186884541
159793782
177684752
173659212
35536111
168158815
95967455
165871183
97318920
160162773
55648286
76333569
121198581
151100368
55290296
130114295
54679175
43160921
103987714
129473768
18504867
43865033
114882889
51077652
117841559
124562218
27147923
17450037
124519248
123053411
15829687
118871201
18550277
101447803
114201275
110330717
71883219
44164399
107996938
67941146
31433420
16455137
18801560
83249482
93940205
52106931
14804707
38983615
12543
91897519
89942144
85883000
87258835
76751363
87795898
43199035
18333506
36162240
14446439
85701359
11056852
18537956
14846101
81436266
76616353
73135424
50246856
18857232
77673165
20120523
54926726
18954209
36394743
66870482
32577915
71071679
14255478
9116012
49737336
7255652
43360393
56382305
19927928
67650363
17356408
66057624
66212435
64495365
39993739
15450161
41031186
35947000
58386091
15925593
14441010
57859953
53147665
40052219
54862140
16116961
26309098
22042454
49420000
16113526
21243620
45207541
29354944
43345660
21310485
44177609
37696613
14088961
31503252
20655261
18029069
30320271
22671716
11274452
16050032
17311410
35484696
34944927
8046872
30964837
14271908
35002322
14332565
26068427
16309996
17155650
33395351
32413167
17121210
20019623
14976066
15829496
25871129
15824545
713263
19897004
21906739
31456802
5641282
14867713
18076957
16518494
18173450
17837380
20858267
14456954
1127651
77753
14194519
23862487
23987677
20910651
18864393
25393457
16298876
16341922
23581418
749113
17619279
16600241
14400041
21062351
9659862
21817757
20544405
1854751
17966863
9166162
21785623
15885266
20830163
18673
17155995
18219524
16487712
14113794
11098562
11808982
16873988
807642
18193921
19140336
17651094
14973669
14516186
15336208
16476741
14675205
18976147
18788462
17654848
4796901
17977508
15281153
14353461
17668063
17338675
14734167
8861752
15830573
15808950
18478452
16534522
17142001
7616432
18420623
18332443
16530867
15206649
7439302
17639021
8695052
18355938
746323
14207804
18168650
15294960
13025372
15139382
6216402
18161333
14118294
8997532
17611718
17093617
17159310
15866947
17842077
623133
7040932
14139948
14102224
3822331
17159062
17449143
17350685
17078517
16372245
16084422
15516004
7152562
14436308
8727732
14404278
14117204
14228801
14384158
1087421
