19247156
472132412
403268886
421940164
3355683958
344594172
2746683784
410194508
3245426395
2715125594
1525260127
3227389322
185437031
385860899
3074716854
15210660
437085904
3115989051
17602262
2398081213
3064069357
3061672392
2818442869
1428434406
618946823
2982871613
287906873
2575281056
25901547
33031368
2799333908
2828615550
23530860
2821762650
1485868393
1280972672
2207844577
47683473
2664977400
1198207400
2377179685
2548764577
63818960
2293734474
2373162392
41392335
278399131
2259190526
830005177
66725682
507241555
21909421
2306168720
58834788
2225449470
2291878627
2287134865
354000835
2269350510
2273214590
2282169313
18191827
2281313534
28924939
2260226788
2279540131
289616447
2255099058
2255091606
2251930951
2165113428
1525342994
38772655
1887606948
52052715
802311734
2181026198
2174859751
88265548
2158212806
1971267942
433229258
213780199
95815384
214175005
1646264984
1651210136
796840123
1525694822
101199638
1359235886
1368088374
1485580345
1482947851
153551571
493462794
713038351
1302601393
61913211
1107888008
260361653
324891982
523529306
87340865
958528124
946040443
838883532
953719614
929044464
326158694
14755273
136385885
161087720
20864660
440622422
849807032
825940004
203182518
807841369
87736949
781730665
751374367
589603294
384725512
635845996
500849311
384548215
490760221
403478664
603698235
462088271
308995701
40116996
414041530
350881771
50558559
562258766
88541434
546050178
338880142
33688673
491831596
454350648
18436196
323284201
316357556
497929739
500048827
48608125
499253138
275665495
452484544
494679605
481553531
316837194
166512519
305305618
174688615
361238217
255318432
305752465
62384481
202283280
413220294
277135559
411974663
402822009
399345854
314629102
160188248
394837603
72239171
379958877
380349059
289385640
317301114
160192870
158042890
371758311
28440647
237480935
352531906
20602337
270936343
84461659
306939809
322689511
335018588
196647588
322012171
28126435
262897934
35155595
260168348
196832982
306144270
233213391
36131454
56473163
298424066
53128289
183932949
279224813
278906906
257209766
38895013
278911740
275094049
199962693
276228167
237062883
266484200
142533079
263756945
40282219
135503027
257403877
172341029
234651761
112472200
26312030
207660820
85330897
42383845
109003244
237430076
18502404
76200673
231120966
34136248
213881853
36748148
150044902
212065185
169706255
138193673
24825275
95221047
17885796
198986402
94030033
209729791
196886473
195495040
25718274
180887017
19187206
37824142
179235983
196471953
17939564
179962382
163551339
15857048
25383000
19346337
186634454
34947826
116523316
166653118
183709156
168165030
183837366
15211300
157869398
14344497
161007666
174664628
145654811
154284401
177348745
155597534
157987515
101572441
83893974
178681846
18498801
8759102
44239472
36945353
163958794
48731281
172161918
42151509
14511197
14247769
174398060
80422315
19195914
24698555
172847273
642033
130615842
119083950
133409139
163563957
36294507
26335328
59269874
88803528
21899725
134170677
118961187
68125641
77252753
161689987
161587205
92652325
97532591
15798413
157409619
124254580
14466538
33006313
141219070
39377814
18930764
157348379
22091213
150076701
23862487
19041571
5911342
155535132
154422748
151021644
30638206
140199725
29101559
149428560
149426524
149423438
20547712
135433519
129044409
16033272
147554312
14590614
16046160
25796386
21959387
17464581
30049790
18559988
18969414
28032338
102456700
100774167
9548232
92055565
9582962
30814736
15831817
36658279
25914818
127594707
100728500
127747315
18333506
103987714
87612913
12409342
16593362
39850054
66418949
120150368
128860382
101270447
125221808
109051723
126770460
20207789
20447545
127914161
127470692
7729542
17298532
67019447
110432012
35007807
15978288
16164520
122177392
78771008
18399068
12756212
71605994
20244542
107201763
121149750
103067027
93562840
96922286
111384321
82904295
105882361
11274452
102477372
37665222
116026986
16738787
21438665
19715037
108731329
22568769
111388610
115121435
97171328
65642972
55421408
7992652
24743122
21967643
15066760
14803701
111076929
110132886
17368500
107755792
17219108
54291397
105812427
17241895
96219175
49145511
33846989
21887564
37457006
33558045
14086467
813286
72886657
2719662764
254719698
67973977
2944607573
2603359631
38011280
3288844876
2895344881
2624642775
359523492
2851371670
2806294440
3137630132
101594834
2840587178
3085402563
2419033361
2427458814
1878987517
235362301
402630155
99026766
2893608741
2899115456
2422575301
2494290961
2851281069
18708368
237374723
2739292627
177172233
2799333908
2155295132
2798038832
2485588849
2222227925
2733129184
610557381
361264901
170016558
2583475604
2528776656
294011002
2472652452
1510469096
1411955480
70976782
995800938
1965550140
2429097374
1410492313
2370619087
830005177
278399131
15533279
1884470612
1152133878
16940529
2326405570
1665295344
2225449470
2272987439
2281415509
1636678398
2230397965
2228231707
1961128880
1970423070
27654269
2162279644
517168380
1972722804
543509289
36108481
144370232
574541064
1454662644
20356084
1900852764
549476819
213780199
203089386
1576763191
1685452446
1634234562
519555032
1486594242
1536224088
31897821
26009199
38592062
323010850
419716097
601217951
1482947851
392388087
153551571
113709253
487768289
123632804
275012389
198284120
1302601393
141209597
24181811
126840001
1107888008
260361653
1272641539
1280300198
42656295
36448609
474432749
407043981
121537298
912788702
25375670
995655854
221068485
326158694
440622422
311190853
883997976
775307592
102754776
92276218
106087973
569647794
77348338
760727304
828041558
139769681
30439860
20850058
777979249
227284739
116023384
781434822
778856378
197901148
570893520
31189478
589603294
19363570
610047345
479483747
627792618
528066450
487869395
635845996
703203607
624766863
576470042
272531893
395545765
422287243
331299608
147158010
599138041
599113166
603698235
37010025
37172533
502606126
76359975
589156426
308995701
479899121
137902474
449435831
14220692
414041530
240732558
18159701
29250725
175581894
116588886
451913162
74768702
199911960
429995221
172457982
419009878
519567700
338880142
446737549
317818716
338551505
16199232
365561600
470416337
416277586
427447741
412906781
25847668
509171329
466466862
482601967
467886113
429539771
274785383
452403439
455116038
161288085
478611317
23964498
19942894
326144014
415257671
469025331
17469469
11579212
21679691
289325124
29133821
75573233
446904302
57421330
450658390
172608107
344263876
435833351
30316237
407131634
69745024
202283280
400265440
64426280
194417256
267838049
409157925
6988672
412592242
405283103
104129076
414419882
411264003
385130426
388976845
360604182
400233018
394837603
364785885
39170683
317657433
325644574
147598935
285888243
363361487
338055727
374855491
15916757
345368815
73066534
253221193
158042890
66541607
323339126
343942163
40350866
290085437
55966207
288303744
260777185
255670410
357146719
279661821
364508043
248943681
28360280
292946919
66031975
312029599
72445871
356234287
325568204
12366782
326738415
237935921
84832316
90028390
18712051
225310715
186064575
47331409
280549531
14083276
111380027
235670349
284813421
341917472
65712422
93663716
322689511
310257050
87325512
131991002
280777380
9699192
312194882
112512877
17945015
148418872
108391366
322012171
308760331
44706902
314183381
52106931
89085147
204879870
84353318
309703644
282215652
108931568
45921041
243658875
17448580
296609350
14563425
34689060
23845626
288944325
15781212
38895013
66451431
59722579
274399747
128178543
24929739
60627931
119648021
27359972
273276670
284410660
155906081
78322246
29787193
280712720
55972234
43932174
23041301
46473746
71843252
100912576
14098484
119131036
271395729
15784742
107519711
19788712
276976114
275993418
120481621
119296057
91298698
113507857
121995575
236001164
46547352
157990163
228247125
42141986
91335343
130876440
226879097
55298654
187571234
43781032
61279843
11242082
15645871
18359218
217659035
49934142
25885519
61725984
180674125
271965165
67536168
9654112
12369372
30180940
40282219
71021075
27138849
15729760
43015063
25107510
74213196
105423947
19028821
238697996
28674979
259865542
235856121
273736789
254057071
13306282
262322843
265007607
196168200
121298966
252556306
35038857
92236133
118925870
257415317
16261638
217583784
226290723
14248898
231206334
216120282
125867143
15694182
151041862
12020372
243396158
210855402
199424065
17885796
48939155
154437008
230087076
224353426
60742595
199571964
142264196
167072231
177971892
29622981
44656385
14254670
190684722
156319058
22505608
182440170
75718169
66834537
183055789
14294650
177983363
161007666
177684752
147688429
78999431
32161809
141106368
145186224
173659212
21596811
11973662
156301758
158133313
15729205
160761524
20318213
55648286
148359581
76333569
29601460
57135779
124111041
43840608
17102165
80683573
151100368
152620522
39485994
151574328
116306167
9256552
141927551
10342142
74488589
51884867
20815041
16645857
6572722
80303580
128109135
144206268
150278988
82355541
20795316
14953544
76975238
55290296
38358662
102250802
78927739
136001366
38488820
121421798
30948360
25502100
104587495
54278625
105568859
114988333
61801629
113978566
119422852
129049130
67124028
56384948
19152774
127985013
116530984
43865033
73639309
42332299
91432741
63552808
22544194
29732063
121851380
18057077
23798980
60465269
78231392
43888471
23753991
16495375
116500990
27962414
86609874
87804321
50741545
119116841
14574475
46254126
112682264
19810378
58941959
35758171
27485857
70750841
23145075
108968092
61469375
69850956
44164399
99742444
17749430
14675205
31433420
67748167
16455137
15532102
18801560
99004729
28450054
67480124
98307235
14738561
38983615
88772728
36125215
95860137
25825071
52806165
19325534
73135424
85883000
36427606
19927900
82645314
18501320
18333506
11910712
18692858
56655961
22728898
34904414
79297099
55538105
48932069
69881570
11274452
29047311
19605836
16425496
9985802
83956751
31418978
38751930
15457383
18495043
23453611
80070159
83922086
73260497
80243523
18949053
77927726
80288060
49409296
43317615
76851565
80053982
17213521
37557785
18027123
67884615
26350255
38458001
80011569
19898016
24155106
16229427
75362308
36434703
650903
72292718
15192463
16656348
15444384
71071679
63842624
17511879
23554934
61096794
3924841
26171773
38696332
37907671
42705902
16050032
24854571
75454970
14282672
68319494
38007150
74566462
64293309
66813151
80091588
25180897
19362341
45060247
24395630
78242722
20465804
41154013
61733468
22998284
77921028
77901010
30279074
38510820
77578663
77171195
77171034
77171015
18782697
61896597
7886272
39127518
75335624
17093617
48325149
2599584925
153375701
48831366
3331318251
16231168
3253084496
35208175
437457963
208138875
3160654640
2780163492
1491407220
140373173
2168550252
193153327
3096901186
1433803981
1566487604
3299355357
2603359631
3003939239
27644430
3086783734
3298427531
274213788
1732087308
3225828002
1886622624
1196702316
2178063068
3288844876
631324166
22266182
3247101213
524247848
168071778
3167585689
1643277121
2973912205
64532597
71382295
2701223299
2806294440
1369649934
3110713954
3136238712
3029794233
197571464
1878987517
98470813
523735729
3099750388
2947101836
3091699293
239098006
9196392
2427458814
2668772958
47658963
270721390
2900179216
21185993
82371343
43285399
3018203460
2988934469
382176790
3064999043
3052367972
25086747
75647079
221171311
2919613240
1334719544
3049644658
24415922
19500801
2902199347
3021717150
3007252468
2178295279
1630929908
14132655
78047489
79258668
18523265
2881380346
3003541432
2871153784
85070848
370467437
489639726
2794101167
2987376108
477236461
2936560402
2401677692
946338517
60716829
15478478
38449898
2382853022
2147910858
2313975122
2946865548
2943884909
2923171521
1240671666
402630155
2930303963
140527838
204204012
377008934
400178857
161079574
2881830011
618570516
2913718513
1068160590
2400927741
46018065
2887376074
1148568882
381062292
1276330320
822652346
2880830369
197970806
2866545946
345790395
2851281069
314011033
2843851829
2573828275
121560389
2293681226
370388400
1232354696
2838404722
34828492
1045406604
17451813
11238762
2856183824
1055593891
2420343559
242168596
2609294620
462531782
415406337
2207563514
2750677613
508550287
867596996
2556862045
2799333908
1031019967
5705802
1118446944
621198631
1147117112
2776881439
2240677245
60808843
2460666368
1510587319
406992862
140099714
2716061363
2257216563
2751003680
785774670
163483932
57343120
329009698
1861858388
2200160461
2398617596
2524797332
267650690
1183957016
2365846386
1899978824
2616192218
2658546480
1121359628
2649146076
2285326620
365626248
1908166400
2303348191
346159926
140281301
2468385404
13068422
2174705623
2573049678
23068879
2546581789
17385685
100282769
19632942
2497876238
498165285
1732849346
87805584
1291726178
2423563303
1944199536
2467150962
526901186
1702942999
85654644
181735712
1510469096
517321054
2402539236
463331339
2403292102
1143652735
1101547586
481568265
2373121759
358716407
322631923
111777312
2334234236
2429383106
24344307
1063364202
2388917144
351973347
1238777023
2364352050
2424830548
1078103694
287491740
48110781
49133789
381514190
352150662
278399131
2275576321
2290576909
2355442386
2297931254
51418446
2326300251
14885252
246478208
1465446474
2369421421
1484723149
1602328711
764716964
2352431220
539523842
1580337175
765679668
1615203277
304481991
2339214241
2320149672
19031236
1882568370
2291854388
139878144
2325885356
564898822
343796208
250320383
18853723
27305381
2299238034
35888228
1978158529
2191357189
975081247
2172774096
2249309084
75851114
1525342994
2216023580
18752647
615233587
2193397548
39801841
2201016826
407205904
268100150
173834817
1954526917
1221750752
1967210857
1958520895
1324577425
15112195
2177837509
518072964
1931175145
1849548510
1006702105
1923944598
1863755791
451918209
846056641
2177403716
292711801
574661934
154728576
1510743474
1559908627
33355439
509968210
842473710
1909104823
208191185
892016568
18312582
424994899
1599101696
32929781
1496866458
313725887
1583890434
408323792
1598994762
73451552
28425705
1529119512
398351602
82494966
97434158
587422946
250668257
1871563760
19344885
1083934808
1633476157
909098006
472731857
607692433
512894086
36865772
1735121425
248215830
174408620
158723962
1638124728
269877834
790220288
1692287712
1401056083
597210108
620565877
362154225
30284781
154825551
585789940
1033651843
362061315
131444174
351223754
1543802508
14755273
1549718898
15081919
389696253
1638631676
27320785
67960140
319401279
1412227105
279184000
234057437
929230728
1330369243
619894843
1396544916
50172379
1080955310
34648296
20057741
1470799280
27959199
46873464
146573443
526799330
36385431
1512386444
1520139834
231360518
1418806484
1313506218
1547577241
960972684
1409479062
1565834340
277450150
188941422
436547135
395437283
761275446
330810591
291457861
392574228
96134968
971302722
309570643
1183021154
19822657
1529673205
64712361
42404293
184122949
458686339
132046547
455367384
17620304
18910872
354418622
755775332
1329289382
1482947851
297987127
1387629547
1106635724
53980529
479672849
25889796
455008207
497877458
943739508
59830798
1259943030
48110818
1080643448
42174549
1013336534
262706764
145357695
357411717
1420985887
14579415
44818340
484009940
254045815
184675355
411873339
731243232
1397771328
1356973471
1303017698
1148953375
529734416
1009095043
558171579
508929512
141385589
47348069
30593410
329106229
15184850
1332846697
861090636
1283392621
1320204734
1113189277
260361653
329763442
34710922
479626551
141209597
414879631
1141356954
606694003
1295691734
724504274
1303334695
860770872
101301761
25533724
60164704
733286666
77480657
475270759
1080289891
787216086
293589802
1267934730
574558178
989273198
1229038568
246043606
592724047
516867082
231104880
325167336
275246179
111618851
1166147395
258511026
893331068
1109126851
1160847355
469735120
119083950
407043981
992272897
1154868793
388590063
882443845
703675280
36131454
431391193
533428962
28758860
24523332
1098430074
242390352
920772025
360766927
36988841
390516123
437631687
179331589
24929739
573422238
1053004033
737807460
1080714787
1080610364
348480734
150767369
20759040
409196135
954686485
536574695
273421972
995655854
982704954
633604435
19071527
575717014
119604009
1032000308
607684656
226849115
39362919
24089794
114954711
21774975
18819580
112061452
835930220
987689827
935789827
269685577
862054944
944853494
109366328
42825369
156590204
242443423
901596540
224513614
43010731
952253839
343150136
950552838
610423137
851316282
384978060
256225105
460216439
51264921
46817120
316528837
603101204
69307829
918895129
118529159
906566624
21526863
427794511
382297591
557047572
751796294
627232325
569242704
25582154
44737035
256496398
874421773
258313006
233197481
16059858
63702896
52411205
870691178
868890049
426036202
84729400
174898053
618320095
175468915
16738787
139744512
808846532
146480145
366959276
127257775
281572770
19559951
807021697
552874294
73143367
27598923
777979249
227284739
602272659
780633031
705371137
576354139
771857707
713578902
199143804
631632940
742892671
754621303
285935403
368564120
563691118
18698017
47587977
9965562
76773978
17331154
727604820
19363570
523590013
633085503
627792618
528066450
345795341
625997797
635845996
347758064
626573202
40535968
602531907
113697077
614737523
627612063
74757364
395545765
326144014
304964758
23949237
32353164
244242405
465535605
46620509
487869395
559502438
273595769
334849558
594723436
15864679
25848930
363252999
603698235
17812803
64700143
462307814
240749857
456724732
267443325
429068453
27692318
25401635
317501812
557408377
569250780
308995701
246959615
76359975
125192590
539338456
575526352
472310620
577426099
576222557
573789712
569302640
564760857
503217837
414041530
569210497
296786819
133843958
24655357
474077881
114496332
550241736
98458831
115813132
463158123
164076048
28138265
462109621
132685937
288290958
191706396
472454442
254719698
316357556
57893412
19246321
451027884
50019165
338880142
523325909
397984783
125475934
124859498
315373948
454112019
440124995
21290240
323284201
454350648
200421052
460080895
179969312
14141570
498010600
87493971
455752376
254807292
491831596
324254525
496083305
495293930
388328034
227188351
258449834
423349335
493430206
446737549
358141264
435615116
82838016
14568290
246757406
484661974
455925807
296529265
45016218
473543648
233358828
23150454
421138886
18911592
431686334
475588981
170016558
470594362
150648973
433380934
455116038
465730739
427593847
465310098
428473015
230632096
16617472
318194318
113101599
305151737
42923372
69647358
191995514
429765661
436481921
438687402
84412657
416947047
443394911
242184434
428305914
158821374
22248690
15662799
357015312
425556689
25727484
268096424
432166690
148792858
114788893
24340728
407307768
18646925
380523905
202283280
44093781
20551121
35803640
353529688
401794216
414388491
108330063
47357402
38703581
388916024
186099819
396282156
403530978
385130426
397372885
26788686
281915794
21711212
65637389
246024271
16553366
82738348
360002625
394846391
260397966
400550692
188248946
394837603
155558014
58329190
68011669
386449383
377037698
308715003
210089794
120385561
213754594
393337902
28360280
84310346
380235737
176634419
387999224
69048113
289385640
386860595
375795592
46664359
386589254
338055727
383995872
384158244
105874843
384361242
337056345
377404416
376866038
158042890
325644574
153630808
41619700
38511419
381672018
340552341
109164425
352226884
123965046
53529637
357146719
292605233
214581698
28274841
290085437
78832560
272976388
288303744
359025399
361963717
36471368
140450430
275979875
229316635
312029599
28094698
292946919
359880190
40350866
27136797
86511882
67578950
103821657
123098079
275092079
71508775
240094239
319468953
301914169
112034865
36658966
160631170
57822200
349594959
267149818
285670262
311271073
15693370
241306414
253221193
343606126
304457365
217483047
104954164
246753825
59200277
329141843
19187206
335018588
322689511
329025342
328991313
289851280
19820672
329353509
121186806
301609429
296619467
287327290
167381319
236974618
189659678
308622598
228109866
188096076
312161638
41275330
242389907
322012171
116955000
24486519
46513763
250714232
296843754
317762186
257667873
14336155
20174215
267171658
294070019
13361342
32062804
67219687
18518755
260168348
38595662
194470286
156785569
203223519
203938295
43427345
28704177
262573394
281426356
124656428
277271097
262573613
76070534
214817233
259387951
297300617
28440647
22341209
294390457
49902022
38895013
31081562
23903638
37723843
86758017
35068371
45921041
257176630
286823117
280545762
20203945
282800782
214117728
276100216
11637332
109003244
276976114
245480585
268868270
257419401
112775879
211717944
40282219
264201098
177260351
267002310
257723131
180410174
134528794
265182271
264665952
165113719
100052135
23673883
218610297
20981716
35038857
44232195
119845705
220357437
237244673
194624921
27359972
115425513
216120282
18011594
151041862
15245648
244106305
229070285
187959991
115547642
239166642
79454717
36317345
167221801
154071452
160932452
18440335
99722142
51581950
231120966
234716644
63552808
49894100
213417890
133474481
211217449
155698735
58948367
218593761
186206767
166584208
123263650
199571964
176077040
51167574
67533979
58055775
74754276
59846819
213133885
18623071
177971892
31170741
20770149
65239612
43009213
63736058
197356257
197901148
54409649
190684722
21540353
195428959
25321774
58820180
182994241
17181265
182440170
143135457
59103901
166653118
89802173
163885610
177684752
83893974
22671716
17610907
50306155
131250021
117317083
167047549
164231560
21214626
145378129
87727820
39377814
18478452
76333569
150076701
44484303
11779392
132221832
151100368
55290296
147042160
115984753
141880528
102456700
81412512
28185145
97546960
108391366
79344520
58791339
41539646
17571566
24326810
70128071
57387407
129426793
28507954
119464297
37486310
112771996
99993303
43865033
107939119
64171920
16060782
55156056
120660709
84872900
105882361
11274452
56004404
21438665
111334166
112682264
17076146
113643881
112445877
98338078
20179524
18504867
108968092
16438515
78979787
34940533
44164399
19891281
33488987
18783267
99742444
103552791
14675205
31433420
36584032
67748167
16455137
17465832
18801560
47455750
50712086
11279582
21410807
16128683
28579025
18452605
45211296
90033713
24824431
19090300
48085489
73135424
89038428
85883000
20102364
18501320
44435617
63303967
65720170
18692858
36162240
52106931
10348402
17257233
28487033
66960457
24187683
24232840
21548991
39666109
9548232
25728193
15195171
80325912
83948632
46743975
33581920
11162812
26271260
54933782
17513981
14602233
12994462
12684762
26519128
3236279780
21799361
2962533885
3288844876
520921872
454380023
1878987517
2427458814
879161563
78410840
3057200824
2958986787
402630155
20414217
2905487635
235362301
632309433
334714680
18838711
291959370
15789693
875732250
1450343294
2542879282
879096566
2799333908
1527640802
2789842856
2651382260
15607043
70976782
2447739974
278399131
1525342994
12810252
2225449470
1426685918
199931666
869509350
2167511792
113946795
206226881
88693803
213780199
1321016070
531629602
993128551
27555264
43168702
1485580345
1482947851
153551571
44593344
1377441020
1302601393
1107888008
260361653
141209597
55251632
159099962
407043981
1158370441
36448609
21954636
577433246
1074166417
891821234
292387136
70986752
902141551
714825648
326158694
440622422
883997976
22265355
76039467
410838810
128937192
603698235
716739450
19363570
12724052
448725930
625997797
429068453
430976274
39988607
8527372
338880142
19181549
425321960
379958877
487441412
15076731
68607604
378798204
55575373
435582357
32567337
450592732
17545965
202283280
57109499
400912275
189209572
394837603
154336089
39260808
32191065
28704177
109164425
288303744
19377578
8276112
67578950
345601862
349292364
248829548
282791796
17088009
247013045
322012171
246753825
287890950
317797173
75094908
306388787
253574198
49861115
250192336
38895013
97546960
281772146
45921041
59722579
281641443
20197573
276976114
23876843
267002310
264097046
238610446
245711367
16227923
249373551
250522419
177532719
244530498
163456116
216120282
36094020
105651581
226739220
243975409
73132540
199424065
160932452
41106353
17196758
199571964
136276021
213768689
177971892
190377758
65392383
16242449
17181265
182440170
92983957
108049466
183519480
14496837
161007666
177983363
173659212
15425587
155147461
141977109
39778164
151100368
149059198
15879182
55290296
70714191
134826804
13403302
95389176
136001366
63552808
19641776
13492872
36762570
97121633
16459994
22290987
107549761
16873390
16989476
21162106
111908359
102511935
114480074
26643689
64761646
120865258
99993303
32860247
120786554
107814370
16510156
115760908
34334009
58809383
112682264
14849573
113643881
105655520
23947803
65658659
21346576
108415888
29234614
44164399
15704958
92408847
99742444
41920879
28359242
14675205
31433420
67748167
103240129
72857532
16455137
38911056
32812453
89541389
89403105
18801560
52106931
38983615
68732791
22011433
27419487
92582677
88049628
16816155
90800321
81301378
19601676
89038428
85803142
61801629
20987224
21548991
18333506
18692858
11274452
15170795
20344535
66763252
16696943
28274841
73485145
61231339
47570112
22752559
30221886
23069716
69586607
66144328
67971577
66677953
48316968
58586261
61554561
9381372
12831902
22268449
57838663
15882988
19395187
62509723
57096889
25843813
59542224
34651221
28282442
27348157
60472676
20860569
17897772
19897004
14599117
18769672
41320490
43224340
59574994
15214601
34381685
35180455
34536741
41911308
25886907
58082324
44737169
55933213
54715297
45725717
43309026
16436098
52524991
52566122
54220599
27417367
19415802
49812217
50816619
25898134
18010727
43444196
22457873
10305322
16294239
39405920
25540995
16116044
17223474
16146588
16058119
15136551
14550525
17143775
23780681
21369823
28280166
37507542
21608724
40936315
33704226
44142609
44869572
17628977
17437735
29426326
35718068
40112725
14364126
14314467
15582559
15769846
30622096
15206649
25091687
27933511
6729142
27057288
22062895
35276248
35644418
30262617
13527492
18141345
18537823
33573386
17606374
15824545
20540652
22671716
30527505
27609707
15526799
16212511
18355938
20824331
123707757
3235727263
218297436
3235119715
118085849
3265784635
17270177
3331727092
2903728244
3299256891
60926725
3241409716
2743444862
3159263809
3342665951
3305946963
3192556496
3196733743
3344075488
352414533
2876837325
3248455994
2937542292
3246942224
765864488
3233753083
2211564570
33994299
5412992
1850202151
567869077
3244220061
3308872348
57376755
313441983
594923847
2737333555
2516824286
188265368
2838444386
3295003571
2396442121
1517156144
635610191
274213788
3257986107
1196702316
2896233187
1109021592
3288844876
2910305935
3140568303
3123693910
2468006506
3187062696
2207759570
3010737180
3044795069
100590758
2293155920
3229604500
3181984969
3078249960
2916025473
2779065410
1271338237
2717607301
2894151001
2990706009
28343947
427797615
145318322
2806475957
64532597
1638904760
3193380483
309853264
2282716658
377953403
2904968423
2361500726
47419808
3146291751
14432306
2859441005
2600254212
97301755
3141002298
151991596
2876156036
480862981
1362443486
245796494
18074797
1154471148
2382707839
3105120222
18233585
246347916
3094857898
149241183
2491577408
109200073
3087253320
3077705850
2427458814
3091003449
2934672541
3003181630
1667209178
1873897400
2893779754
3069133197
89086587
2287087680
2207932555
1893389059
2995129129
3031380094
402630155
2909789852
3038428752
1221986545
2897875669
2198368989
2806294440
3015875509
1878987517
509113671
3031987864
2923386156
3004287266
1396303892
2376932282
2769431309
1976995950
175608171
16462161
1027167318
21699276
2162670752
2994151531
2781141477
14434287
1870250166
2988838560
564388720
2827759910
2881547392
2970665397
327427453
814155906
2400215636
2575281056
137121715
733811024
2860023583
390603110
2382853022
154245054
2361044649
296042634
2922746011
19830871
377976344
32216509
519854540
357331663
2926170242
94107321
31363117
308770666
576286625
317787083
2233346598
1558898904
2899559897
1357699016
2163963716
2906759874
2535218732
2779529193
2895238057
276802125
322229057
2864878120
2860751831
358079959
813750342
950365932
38449898
1428084098
2821442357
2841232923
16851316
2731366081
26520142
2874328639
1187520396
1665857581
1452327168
181511585
2270076903
460667560
857829313
2471198340
35641954
709248636
1253554910
374141126
2203395182
371893753
280958545
2799333908
47048827
492564461
590865813
2805611444
181258616
2420750838
2646170240
2402255100
102584924
599115280
198476783
2612595438
1182530118
87521380
2382359168
134959567
2192826980
2615812597
2207592954
2227341254
2674657964
1412465924
924811783
15607043
575517937
612263834
122770149
2646307874
2612933256
212073692
2599940868
2265002689
2587638296
2475797318
1595957946
400223688
2455258038
1451717364
748192471
2280986220
28205911
97553004
2489562708
266054206
2341228096
39669478
181879057
2505491808
628763884
2460662251
2459849612
222538496
2402539236
2459148594
2468620628
2180476632
148821797
275665495
606544375
1572780950
2437557685
341384044
480892672
1654666045
727494858
1261009200
1347349176
524536675
733276206
2409984806
1265644136
2375859265
1035915853
390485782
278741336
184255619
10123812
1307501564
138180256
64929642
2297931254
2203741886
479137857
278399131
15803573
431744926
2355009024
144281316
830005177
1906995714
1320132788
2225022806
2308474723
2273207821
2326859408
236335319
2315009712
59259902
42527556
36359397
2225449470
389230129
2299625724
2297230891
172889061
1284950995
133077316
1623389274
2283955027
1112567250
2239789812
49108988
59941549
2235008304
42534680
1355157205
1244577362
135188957
206339998
604993167
86807943
167151550
2257341829
38235518
1525342994
119715561
1596229662
1625730025
808143164
75552647
64469545
344399523
1464457254
2205917341
496489156
1849548510
1927527138
2192943013
305066137
2177417689
1923192528
2189293616
369191999
39180780
1364776320
1365361616
613639371
91870789
1089178182
424883573
727234218
1487523907
517168380
2156378445
39339618
1978138104
1890556692
35711458
29747410
258191749
1835684005
67322173
16928518
223377547
602343096
1957572553
1881507846
1915124467
546563829
35392300
147503828
1360683301
1901718086
1604016650
55862313
942482005
210942647
238247216
318097427
1675998037
1549010234
1864595868
24515059
39983833
1498904413
1892501053
1886063202
106793317
636931259
1615139696
1859256176
1855441640
1049551194
305017941
549476819
213780199
209128573
126334963
1530050042
1643714641
303520654
1834764175
437358365
1126662571
1464753745
1735121425
22737380
1509491984
116459607
1101794870
245049796
874959204
67087381
714294121
381819348
532718747
1051226364
181264428
150800311
790421354
34710922
634040122
15839938
1465716870
540622370
1648442413
137086785
134430981
38725883
58430732
184923224
1636544304
817187432
234420423
1578619489
771862471
1619603156
1612927650
1345204626
175678033
54667479
148020465
194847546
1525694822
1524976458
303981372
1410494436
53273878
1596465744
1483027393
1259607091
576245418
1559455843
75413145
75567156
1436255137
598999128
1485580345
1068738662
971302722
1528213568
1247358528
1526116712
1419953712
592713140
343598276
1486948740
1362458540
42758413
623383644
1390628612
469572109
1480273016
161591158
1482947851
386738290
790371366
68479359
17068041
247371023
956658284
1412983994
553980493
271539042
1449960744
153551571
1435676156
292665814
326797074
36649466
234057437
989666515
1450649538
37480490
1339551523
1163000965
270754406
1421493272
200762952
40746203
856432218
400215740
606603595
326144014
1412824458
512101450
456088212
235268640
330131088
1214570670
1325357749
1137243498
198284120
995330274
417902143
979965170
39039539
73149518
1321833138
1302601393
718680606
1141356954
1357985551
1355306857
1354563044
26399925
445690775
1107888008
15964047
782348136
260361653
204093195
1230233094
114559945
119083950
39977973
1219950228
37803650
97590086
747873030
389188017
141209597
7983782
1284315187
48233564
166316102
21122672
496987632
1119760580
13757702
30853206
851566579
53172952
838121725
32662617
1023356588
59286609
288293380
476739995
471943652
69400169
27744803
191608443
1141316354
1183140036
1093043414
352582834
568275981
407043981
301503257
1154441970
218830809
1156840620
216203969
350137760
314130286
49835315
17181265
1029134900
473858438
837012625
791751326
1072253581
174808863
1093281992
1002922891
1079638526
306474838
913704104
145588656
902463944
905095266
34639761
942799531
414211717
142313047
1008218456
409196135
376251401
1058329507
620351481
44725618
610423137
1010598320
256205122
543156908
218548044
960933547
995655854
940278818
142369656
323010850
605916362
20786398
106258651
904886851
59458623
24986882
944853494
987982728
410118265
341626295
563945046
377800386
490113884
950284686
14345276
938267221
326158694
36357026
710821268
361636634
863485003
520650219
604930492
794004416
875040368
440622422
890790726
483999198
60430014
351497099
29721082
131633637
570935787
21366671
733677637
868890049
83611359
139545919
616313942
321311419
29257009
412737696
232988884
44187537
522563545
476205583
402946338
139631335
591085770
824111796
631365046
813161731
453379045
552874294
536185513
803122512
626261563
606554550
743879192
801721189
87541550
88221949
166156539
603082556
777979249
716907416
552718290
452538404
197901148
481635026
171531297
22444454
31189478
517631818
122117170
143131366
733546532
344921093
705141169
15316932
468291242
56471970
631245322
319094338
391699882
730786040
19363570
724185788
729627042
634787530
389719367
60324761
18287336
16164520
225083237
625997797
225237666
635845996
528066450
700053930
621111011
520992577
395545765
151213841
16526843
94719372
382059997
620411780
148332654
64614882
594693578
366118158
594867540
586639418
595467930
498249761
91112225
73628979
334849558
18170376
603698235
560472490
33158528
176634419
451951968
223931987
429068453
126384736
451279394
585482864
308995701
53146543
26609081
522427648
542606627
577426099
382523864
256374866
557408377
574538075
158619060
315944723
546672721
43537384
103102322
462429122
563074128
414041530
140528873
199631655
553137176
269756708
302724285
464473724
111946134
25196728
115813132
546991082
546050178
232383372
540574949
484903912
14562968
13865472
135352406
541320269
446737549
542087927
254719698
320691195
544707753
545303305
306125922
509208650
338880142
426042974
19031473
518064586
479756563
531625417
275582528
288320158
87493971
436914484
528310064
291692590
454350648
13822342
54283460
527046323
14570930
510072923
443059456
516918129
14638974
523407646
270295825
22727076
18036329
493551570
325158940
478832907
49240289
33809240
437813846
14141570
466386006
391710976
506634865
25284331
353836247
429417974
379958877
40497283
488812656
364335948
186009514
139769681
388328034
500024175
422290810
183227314
48110818
482098346
470801826
37899134
494052071
110747446
488581152
484897092
491572869
26726297
491019526
58719034
487712668
422920738
461417326
24926740
398014437
439935002
309724677
431303086
480913569
480889389
473543648
166266187
478611317
412906781
173837355
453529953
425447707
406838215
178928554
170016558
431686334
322190076
21260296
184881288
258662037
22702702
468911565
65271157
425921194
12831902
320389643
97036699
459771654
459644083
286262578
7434622
50515650
373047456
42271907
429765661
449260696
449260438
143133487
45887010
194850428
444256276
426085246
357146719
315007174
267843683
293182860
431959077
418837452
140315418
202283280
412299216
72282538
409440624
34868240
363908860
246024271
125811915
191169374
416472485
33526986
385345890
254498621
132954470
104302864
385130426
82093321
405916094
266616895
109164425
193515866
98137646
185662415
250473988
39814425
373077954
48819973
304457365
37220777
193650683
26569394
345387808
401845160
48812885
15783636
394837603
392264501
214517985
398510874
33730103
25957077
390076993
362242069
390979768
258605206
372764282
66621948
377202800
14885252
128682985
338271411
376191563
238999704
389313457
39858445
289385640
78396054
385795965
378638632
325644574
10748252
353770606
158042890
103821657
63003920
69124082
373998089
375789575
194587229
163456116
114502372
340552341
72606904
291846282
117661743
373955878
252487391
288303744
355424751
370311830
18583059
71960771
286085760
287334235
369299359
368868665
369657454
369484105
368516286
192470340
62315837
164104517
287979423
342743115
27925983
348911242
364334602
71508775
95766279
89108581
352226884
252975526
352447141
28360280
292946919
336278579
359025399
40350866
253221193
312029599
212459704
356860924
201865005
342864267
148419883
347052820
354019061
289494464
185870614
345000187
287591314
46308633
351010068
15895251
27985573
298111613
348512291
115727523
344156936
346808427
47357402
15856687
221191334
28508952
102591374
22275015
128193202
342856904
326612976
341531912
282765310
231279440
339858570
336625195
196533510
233034583
339005219
329296334
337961438
337893886
337265463
195551335
292856344
329027949
87857581
283541653
296875096
332531400
19187206
329140063
297871146
312074140
15504560
297776021
306312737
32933236
30543530
259338440
309053555
298115222
322012171
277271097
318130902
320945927
222555416
182632909
306319721
100517118
318113059
133874980
158202884
314094299
95527551
13361342
116536873
46995792
314853390
313954549
249720155
25439758
260168348
285701866
90747665
309837581
275725803
273478881
278712890
52592400
305295026
305374319
83002445
285664577
246753825
45604304
34953486
29559691
301460184
24425843
294070019
108586999
280560071
199126670
278911740
300394547
295523289
28437972
297477228
297300617
249361857
38895013
275383720
29181880
31081562
263742197
282115823
45921041
148865347
166156108
273269650
257210719
268570488
285654573
247358653
267848480
47487167
282839577
229610637
80612369
281100829
279130937
276976114
278084508
277009265
277587198
277069962
46292156
28437907
275845050
34967164
197096276
142533079
104611875
224559604
211717944
243107675
243107735
226324609
30137237
21141223
263945496
42306855
268334862
19561610
79581405
251972607
155192439
217531561
41142501
261967789
29088076
19001970
126712236
247024374
133369441
255929005
256325728
247284180
251741904
252006046
16099189
232984359
104906508
33953125
222117592
194624921
246727118
223515146
125237392
76395634
246826007
186284857
247855363
206755386
35038857
244333305
245674757
229619663
229207182
244384450
244168329
44693072
151925938
179505392
137966519
67539207
21548991
77035147
98848668
214966407
95296214
239625315
31331628
25728193
24292334
222262795
199077547
192280807
181652912
130158887
155698735
160932452
230775158
51581950
229325747
234802473
123865715
83974178
227246433
17573788
90188209
98356195
226713935
133474481
78046239
42389671
230087076
18124859
229906554
117791931
26020706
228439010
218593761
125393364
106867410
92073417
218897212
151041862
193522221
224412564
17989953
41031035
199571964
220226766
15860016
16054671
218283174
134799704
130982709
214128307
15859350
215435703
126382656
120827612
23387446
194033220
170256753
131978235
206354912
139960278
54594124
26385846
161776633
19448989
24638920
203557224
63794616
63552808
103234284
21545881
182440170
22693812
89802173
161007666
148506019
147687006
135209777
163885610
178551591
69722507
180188845
177684752
10329052
176948682
22671716
50306155
131250021
100853035
146723488
164143769
158489102
16689603
137470096
48655118
15881875
30087203
87116276
76333569
135541443
151100368
134528794
36376149
143608501
55290296
28131819
58304391
140198053
75794540
79344520
97546960
108391366
19329324
85579822
93741342
43386507
33510247
43865033
58791339
119116841
111075965
50026944
44691297
114742355
112682264
62882249
111738949
111699381
108968092
111334166
16438515
34733701
44164399
99742444
106033770
97020369
14675205
31433420
82904295
16455137
102545012
18801560
89345225
97069450
32405704
96877296
38983615
95436695
52106931
14951123
48260366
54603591
94368489
17398655
17027836
73135424
12014132
89038428
85883000
44787047
77007137
28443212
18501320
18333506
75123099
18692858
66735626
36162240
46743975
81881763
11274452
24973023
81144172
72641194
19169363
65986336
14246841
15815307
82497783
72224712
15519408
60643214
75382909
76432133
46249947
71983604
71311319
65262263
65762532
66750422
29757068
44672132
55003869
15971715
39232130
15768240
16623227
14704104
55379849
59841599
57138517
45259880
22278688
28134825
29542388
42906869
29709085
53581970
22502595
43963998
19189832
54215386
18364005
49091333
46035855
19022811
34730581
34334009
10214812
46877746
43108022
24389228
41177385
26052717
22375086
44241197
38703076
39379851
38570793
43497240
42936623
30270360
39006371
27815572
21727161
16185604
12101862
14739201
22283126
22851407
19287786
20449691
39600497
35341756
25128291
39430643
15582559
36282050
17918189
14935079
35534795
22507341
34278941
22109679
35880286
24962309
25619656
35787395
36206862
20747799
36162725
14260796
30082132
31173219
33353768
35851063
17791025
16796268
22024926
25455729
14055088
25254795
18008326
27343738
30220856
18990394
33723239
29646000
22325544
34835056
29261034
31964678
30043957
14493713
31118323
32342650
33582307
27263637
32812380
20273965
33124719
14820608
32794013
26524743
29114830
32502850
18394875
22890638
19563014
20641233
15744329
20329608
13735892
14888996
20643470
23343182
21013461
18561151
24366135
12699932
30921522
17953024
25080455
21238552
20897689
20004155
18110437
31021010
27808129
16014481
19298156
19835581
23849331
29546732
31187031
31185664
21733879
19038142
19933480
6670372
5392522
743763
813286
24916472
29784540
31212388
23114816
23599323
22684987
30353920
15813846
18418984
16511853
28347963
22336717
29631173
29520332
17867513
28933107
19790734
27039726
12880282
15961241
17285878
20506424
27373939
28803396
19362341
24106688
30523762
15222126
24956225
20193452
16670549
19415805
30444384
30410601
24199570
23187073
17682215
