20290668
2949917403
3150109947
493609953
17506774
299385432
863612276
2759157810
3237636560
831293419
3278690251
1936273861
19316312
3195362139
1203440929
3271205964
67973977
40608011
2164500385
1633348302
1265189605
3054119722
448002010
3260753850
2830404878
50340730
28537113
3062221614
2356244840
3262595928
2458722779
16231168
1877282396
3343162780
158072520
180284037
3250995714
208138875
2212794529
21803463
1433803981
3310838848
1838421870
478878156
3243420462
475391319
461576749
42681186
3316021719
3081981297
26579786
3145371488
2564020934
3032698869
88313866
509325988
2516824286
1418473062
3235286377
3235264861
419648971
3307121374
2773298952
3228504150
1954293848
1603635662
375199858
2603359631
1364571889
3305939884
2263003165
3144970103
2989509615
39580517
475393715
139766213
370139056
369132045
274213788
3197640834
2794185304
1196702316
3072162859
3288844876
3090356423
3197995002
633932554
2163082459
3193592166
398099717
581581057
255922888
255789963
17030537
15209135
3188262614
310516760
2401384657
3186788328
2752728714
3237438941
555288110
3151827430
2885948733
72474994
2434619406
1877432580
2950751308
16462161
239547049
3058034809
321904926
3178937101
3177294882
3192776673
3177019724
61071454
434582940
105598309
826305247
12511062
1140275190
2835987276
2906905913
2797191883
52067471
3116072605
2851867319
78999552
3085612002
1949439727
520921872
284241195
378331675
43801669
3156828167
3149374494
2866171420
1544344981
386868082
2579656417
3070873884
587045574
3115350744
2207944837
2277059792
38089415
3105120222
3074326129
3022819222
3100507508
2965966652
3016636745
3087253320
183665674
2279893327
289888893
3096632732
2977371950
190318463
60741179
3092618872
426746279
3078349568
2427458814
3091348581
2855877360
1112424548
78410840
2874163030
2287414849
2468115396
3060197654
888699769
2933224073
2984192235
2492974551
154304258
3050258355
2991839630
38351797
2923816369
2899082581
2272216837
1056521784
19181549
3022305063
2894339911
882311869
573231325
2892353763
3029326696
195503811
259905674
2992371153
2792868161
329116776
1573873243
1340407861
40397696
237237653
475927697
20025265
395508392
873900000
1869075786
46145761
2995190532
2993844516
113201620
2485703119
2374149074
2987293481
2988838560
1273392986
2744360507
2785726433
108481454
88750715
2860834432
2979223354
2983322449
427797615
142840378
2929291821
56554540
788158068
374423056
373210639
342601720
366175383
42988035
2938682963
324775451
367304534
2914683370
249501459
2958772158
321160730
2373967213
329751829
128748480
2766963182
2260815797
2354265151
2162140115
2941244564
42664672
2921784448
402630155
290334686
129914810
220764307
2925902472
1315669686
2563658946
365626248
2891488543
2899827652
108455487
2341397196
2922285596
2924422838
114810863
719415986
2740911298
83862312
1010535968
2835722206
2836031773
2326203014
106233974
87376263
215664352
2434626084
2859084760
2286920017
2583841201
261761619
518838993
2424091854
2178348182
1952336160
298768006
16051915
2429342484
1904160859
2583771258
2839506966
353069118
2889990002
2312545436
246575413
1669160394
29475133
76750524
26946134
2874973070
2879828460
2873720358
38449898
2716849609
2789759323
51363001
2829987785
1055593891
2853550488
2612315010
233688023
463205843
2814909859
614251637
1155145458
1419820334
626825862
303016665
19779568
37435412
2836874756
604624986
37101525
16245069
2812686433
2789989169
2291083836
2799333908
2824419998
2777964501
485368840
2150966682
2788976936
1591582614
2751011654
337995070
14543446
2784796568
28061584
1226217716
249757682
2458932642
272141779
2754833549
162208208
2757180165
533465215
1109674452
560182119
2776960766
144799483
14446656
45522901
52824245
2750235032
2451575803
2752763125
2749900579
2749213550
7352422
618670309
2740833367
1979046001
492077295
591898737
375327272
2707318028
1604038328
2729512765
2480754895
2724250518
1923248646
72586707
2703466616
35615885
2706724554
1576445352
2697415591
35897828
2695500673
15028743
36498984
66927319
2685963865
553809080
744648972
29224500
202664056
460387612
37003849
1365450606
27968891
2618936019
287664383
2438069604
15125708
591152635
2656973125
2479903974
38735122
1694560435
926947046
1325443226
26034974
1113185132
169356348
1541470488
1963589582
212252163
359909399
63216241
1711591878
586164386
132392929
2631506841
2592615451
2285352378
14875036
2584988148
1606770625
287830140
20344776
29596653
19713521
217800178
712429963
1241321664
2292990992
386741615
141076092
582170599
50046405
292970304
2530820851
2529314287
20680256
2511327084
132538855
18411867
1036056242
116308681
2482569278
1716800142
2480389393
2463472160
2479199174
51356195
2475680869
2350498927
1948322683
2473397017
1154764310
43602605
2403158892
2466202561
2387600154
70976782
2438664830
39582020
64206410
2458476654
1675932943
2373319662
2455134186
321278412
18485250
349014326
2448516697
1924454322
17619261
52593625
13753972
38645867
349819715
271109829
2236602162
1096111454
56788628
37366095
2370883398
429789038
784239564
106456667
100789965
105215692
2168968867
150456612
2424435817
524536675
94574270
1856797764
2423928704
2160247443
269581275
386017308
2416250306
2416460340
279130937
2409793963
1344397632
302342971
21097076
2400438182
2336615329
622400954
1604908225
2336483731
13718722
2394986546
32974078
2390848056
2389970862
2231924395
442249321
19097512
14245213
2379584664
2378881214
1405228338
2393117159
278399131
187071405
1889513095
105507225
2374103432
2251762730
395385397
2368898192
16729659
226282591
27483257
842367571
57360255
2360952278
1485021
14676022
2352311168
189222778
857794309
1291041361
2351745392
42774308
123959163
2212157306
2340683258
454198199
2333832238
8841452
2329375984
2327443229
87760180
417281684
620214335
1616119681
1169168208
989436326
2318384378
1699301336
2316048476
2285647596
1374104948
1066721906
77688647
281016800
2308704001
2242578614
1491617588
997200127
2225449470
181727579
876466231
422893220
2188172417
2274603096
1350190758
2278248422
2289377858
380014611
2297348672
18189866
2229565658
2291211020
459183086
1525342994
98904927
2264739822
403646228
2289423504
104044363
180911611
604682128
866483658
1547086261
2273320622
1418782885
239643121
41533373
37346901
1651051201
66734354
571484911
323195337
24484628
2214394489
2238497971
20662502
714555356
875869440
165622748
1289063796
2271601964
2270861312
2265165295
14366134
1638718758
773744130
723078872
2255804923
2255173928
1128980352
2254311229
24312570
2249862199
18493404
100103001
1159552561
104188571
236153594
237046890
42152822
1948194931
28672256
2239520965
1936606790
224702664
26944566
1908597054
2228954545
1442227008
2228395850
2230153232
2692281
72363413
2228509771
1353051888
1887329576
2199949974
24766973
2209695606
570115750
130905941
1331903556
1665744852
1887606948
1849548510
554403657
209410945
2194688953
304774636
933062814
116489991
2187551341
2188740019
221969081
1077774350
364850346
481276165
600521358
1850024749
1948222092
423370240
1675861008
1929669140
1860445002
1950367022
96727525
580796379
1167941929
18097717
225111772
2150402932
280346943
40834465
2147675936
987650149
1951841611
1968715308
1671785418
314025556
572219939
329719643
1729366292
91234271
205317889
174794992
307198594
766695354
233146236
75518014
1921621406
813695082
960374257
426602056
529825215
85025700
44424600
1898341440
134905284
418405274
106793317
1612633903
1705208316
1025617471
1901299711
1613941476
1896702181
1388909286
1890111840
1889501666
1882073629
1252570092
1856898894
1874415378
485442298
1598655224
431485831
1861951274
1858927710
48944883
57217419
1857991514
213780199
1262736908
1636951681
28091680
1736872369
1529476952
462378647
217864150
54516759
956453454
53482373
345459346
214325971
1718175260
1713347378
175373912
22013981
18253923
1692151622
124276385
254719698
1428220296
15707586
1673868612
1606675434
1450133432
329145621
1679827993
1238871582
161876451
1437309932
578598416
513248436
44725618
1464753745
1209703621
328719395
1630961239
121488899
1638703345
1623342086
33156503
95658688
16313751
72636999
1631849082
22075828
19207563
331296142
485533140
102079081
1613084984
276693962
512744346
67626937
1596167725
1301603965
1393635494
103640663
42127516
75069166
1588503606
595055710
1259607091
50494995
46822336
1564742910
532520448
498575083
1278456534
67343394
86030557
1561255050
599794342
297527427
1551238561
1453126712
84131294
1546798693
548538335
22552091
1485580345
1498302350
1465779134
1541308705
562883064
864083924
375881135
66671715
121287435
1531563277
1301448313
1531259185
1531209126
1531210676
632025686
1529870023
1467773178
29291566
517168380
1523616762
1444632398
18332836
1519743606
1514264712
971302722
1499362760
820333808
36786085
319643921
58817216
1499412006
1477149709
122843548
196180566
1473566328
1482947851
804752396
1382333125
1449991951
153551571
35690142
1468706269
18783267
102137672
141103082
1449960744
1245956336
253460244
1362458540
358667866
32995539
309111396
1436318628
252878704
1417974091
1435455326
512814058
1420994334
372994348
146469635
1241659729
974754584
21375479
17929934
14579415
1110225895
1396216525
619739179
123517120
1404932600
323010850
562713805
1148772414
291252989
1387517730
1387568120
1357901635
245965417
1386787820
28668315
1382317939
75719288
1375717916
1375563392
226760865
26176221
1302601393
415001805
1334102461
1006908098
37841232
111670354
193884440
507098133
122301843
453389008
392225991
1348821816
1107888008
1278218868
515163628
260361653
20701480
73634662
1301334548
16513931
39312976
1329702721
1301445392
897984044
37803650
90379103
580205619
104473657
1269473726
787710745
86325206
898890925
329040924
1176728882
938657858
375876294
196855786
1119627373
44385300
67323783
26638858
318438948
1283966959
87340865
1161298530
1128621338
1081775166
437107620
232633093
1036200679
65636507
76218148
1262281184
1190175944
248277117
60941987
172398072
523840252
19631759
1257770406
21517085
1252572854
388492811
948663642
1141622370
248817685
284695423
426173381
481566633
23474951
178170336
225057967
219197441
1177107168
523417821
1205012514
715035306
1196194627
991702800
394882423
471943652
179815200
1099565010
290960319
1187934156
478627291
609346396
915538747
1177725626
1149504468
21898041
55310498
407043981
217637081
613955666
1150540392
1158464436
1112779890
28507954
49256851
437976747
431391193
1132434481
1029134900
379416975
1101533827
81291750
545342120
486154766
566371435
207210442
1109178072
17598513
1111899662
1102321608
26143524
51170461
1099934976
1099205623
417893365
339972174
974735174
325776356
950337553
950313235
604642603
75375980
271019680
272305407
398726789
989043114
253299006
35012822
792852992
271444278
607500786
573460440
162749774
84341544
809569610
126351165
771353274
19842383
1077
64217676
15665878
21793154
93121248
118828764
190429545
25375670
1048330753
67184526
564141984
1037052307
499093436
256357720
908803747
41904115
516213745
917545698
74044936
1024581228
995655854
105242528
858804846
1009606710
1002338748
847353558
1009813580
862916244
110482033
202283280
309713312
1005897799
199458560
991494536
94712748
452529917
988513748
226247395
628375190
485051625
102754776
944853494
18874383
818580469
987224370
185751072
129304508
358154724
113390411
282162261
93703279
967299078
611864832
18282849
980708958
977643985
915254270
465170238
358250950
917128614
579884611
972375836
94089260
28196047
969671659
714825648
430275259
337965895
966825254
604300579
960797802
331374588
280606793
962670727
962004764
593295967
954411938
68624057
952227925
601423632
19832913
943091904
943065504
942353766
894692076
86585797
468214757
326158694
222071431
720357668
702920016
921996632
29841009
917271715
807445874
921622099
919957478
156378733
482993938
344704732
314080518
912968738
462592735
311190853
878447774
374387781
910137601
49992577
17500180
440622422
258313006
475005811
892880504
25776543
890522358
99772409
882230528
24929739
874648520
875720802
141516637
871998480
873485852
872500400
22804107
15937846
540355607
60430014
871020488
92916410
416792653
849807032
868890049
564291613
80310852
861847416
859194103
280833349
857320998
726238326
577412449
855944713
839234533
131278108
850230026
851192161
108859759
849813799
727836529
825940004
524997168
53146543
17789637
138857443
399929746
278087581
19468598
842240233
515295993
618262249
838683727
582573512
217050980
722560170
502053968
833259458
704735371
832875673
832716152
38226136
131318619
829551043
284532147
479652993
786184981
820775346
20510068
174843499
820925352
337759763
110127784
321513170
820831344
818709330
84310346
285213974
105822765
308683249
562787769
440437773
536905167
807841369
805566278
588871557
804974857
804212976
70343514
525984544
705469567
800263820
589439335
154994385
797086136
18747559
17380878
796145388
22361169
454336275
17468904
787994071
788401364
422890655
518716362
25915690
347534564
716907416
705371137
221918623
771862471
28532915
773585100
149317437
340097664
569242704
769731128
65633843
564701640
758004846
769599122
629553844
766930520
538260208
763912609
108483985
379462883
740989928
115085266
25272120
752068056
362845372
245492437
472158196
566833950
614647673
100277367
473318240
255630753
209538227
588638361
212323439
734901283
118569387
107268370
734257254
56488586
618320095
16047313
380953848
19363570
17355722
632217146
537309350
39703038
41357084
713078376
585309709
606845955
346513260
620443271
569250780
709272336
625997797
403016538
635845996
137687410
457876535
562994930
528066450
389590504
505685933
590326034
40394476
399788601
388396827
611500507
395545765
53363962
36770107
627612063
26362193
165376302
571931984
624565894
220642475
607287010
617155297
21320792
45445828
17724067
10716072
417019061
91875395
477667007
60723026
117905750
88561123
586639418
69765156
532414257
151989264
479115857
613759146
20635115
432685318
612557075
51336581
610824275
113050306
594867850
523380841
80887226
590314269
606863978
516867082
334849558
140040133
417982750
403435008
581004064
603766881
404819771
603698235
17965351
245349682
28824136
390353191
275582528
289376224
18142777
416379225
569433356
470190716
22511961
109694293
450403729
369343651
14831603
57376959
68083448
394307367
429068453
594566649
343150136
304633471
31296109
53128289
81139209
145771805
36931969
521264284
586144668
259237897
430976274
91589431
339006089
563835760
55495731
582255619
46290410
140561484
577426099
265768821
346959336
267086632
328626523
570558011
30985855
54265034
574538075
574221651
30777028
14220692
473388751
213334956
571688411
307610221
18093423
569302640
142321273
364640428
556126836
414041530
43431720
568620929
550649996
102603177
195167635
567252263
557674905
513261814
366438179
408582016
140341977
54056687
500161994
473033627
562062473
114789363
544356761
14755475
17428471
559223740
383194798
518064586
23191027
14128901
249156989
16568777
539474552
227284739
14613859
521384582
371375428
34806092
8527372
311271073
449230263
519588982
478530937
54264281
123884474
97157608
547672409
19031473
20819063
316807836
36041377
267363634
45341284
200309354
275665495
541477059
14570930
160611595
370601551
127393694
47466723
149894219
129649029
338880142
72585401
21880525
324999788
240813483
260468814
537760950
17495928
123965046
374668324
60621484
407856617
30044826
69482618
532291840
27336071
81415122
450401008
470657622
175679874
218949930
527651593
503199219
527027045
25653744
20708853
384937669
17923746
97520924
506329882
523297927
22727076
521593785
454350648
305301062
75448391
394446362
316357556
14713373
325350450
369797217
146190017
510385265
374263497
507538010
60918224
436602659
507527560
507749328
436045478
491831596
379958877
157777436
352866787
502249879
501996921
422920738
156373790
225689424
388328034
183406392
32319996
431916254
455426115
98078133
482601967
259301697
499399044
488413375
22807308
305034934
480887236
498221145
254175868
480950611
493779639
491567523
51305926
356080491
359642380
282717311
486394280
30912643
403883442
456152934
75249298
95936892
451126644
388892606
485991805
296969459
485597930
484018141
455116038
461610684
59790190
481723499
378210928
23771696
347436552
134491077
48557165
54390719
452991932
471615885
435368535
28943421
41891073
37532864
475470745
305428100
102250910
431686334
35869721
170016558
475086446
450076014
470440050
109249785
459049279
25549050
24758134
308480227
16971428
71437320
382373006
464719464
150800311
22921526
181193802
45751444
239663744
333430902
193626134
34711635
395950904
187411724
61855304
20775310
116762639
15040545
17454138
131246739
453999675
463181295
15757826
452770354
302354539
165185625
270429498
31271589
464249681
466253411
447442475
41614630
429123557
298705742
376990438
127702192
29097034
462549490
163032654
223307067
53951582
300160066
461823288
404760548
382262964
254428884
19625518
285133305
450719788
95946343
343427319
260950151
385847905
16933716
294899034
14763087
177081045
408363863
415680448
456402827
288408661
132982293
407100592
42923372
194688613
171295866
443864238
447720559
448318846
34967252
48865603
446050557
59834704
358870251
56501775
344288847
441054723
168644119
361238217
438453762
34947468
252820645
96259315
157309922
68890044
281095865
392382213
429765661
436447731
111621227
400263423
13921652
9080
73294799
315431424
244184972
28257129
76721467
15670124
15519374
430034400
421676000
218602504
32593404
428554466
148577666
384904654
416906406
424229266
423869233
18170664
72239171
398301100
60406980
403206669
330511282
26351193
390665561
29107608
125811915
35719379
333840097
53679759
84378787
78268784
399576987
360989088
403771807
414131596
359624331
12240932
159509125
337477214
411618436
43204154
410687124
400628188
405430523
385130426
409445759
70704422
405427079
300480404
408634310
62424525
404277248
40505006
30653539
291892379
369221453
308668519
401902840
29338842
407156329
193515866
406584801
406474579
354449512
48819973
217319143
158041798
63439599
189320783
56201859
292410309
400945521
28704177
378031311
384855605
361488797
400223688
373584219
243048354
394837603
306533671
392914728
285144197
234576518
197685996
40052418
16435565
397477149
389599225
32143283
330354472
389313457
357146719
237972160
38703581
304457365
394179483
25833827
386435568
210899760
154356455
308550827
389268043
376555250
151041862
353345472
287327290
374794847
322175372
180160760
184281343
147028439
7251472
340360192
308642750
17546862
125475934
59846819
289385640
306944005
386730773
74788003
95856661
214675085
382218885
19798766
159099962
384598094
384384564
384158244
14517373
325644574
17154954
143915986
97334092
138526099
111741504
158042890
343598276
9727442
188437749
217150889
376514033
224938017
173703849
8738142
239259714
379748789
284225391
26911711
10021212
168050343
378644318
357157054
376619657
102722822
41409505
109897181
213083248
373781285
259669649
372564467
76041936
140738341
376484525
174688615
109164425
20653637
41165284
256239139
109688967
374635566
13913272
297106007
132565357
361320341
371126769
133431287
14363699
99142735
372072213
288303744
340552341
369299359
239096851
226346803
369094792
40746203
320305276
130908662
38225039
321152869
53787571
359025399
361281773
121235308
222086413
365456222
328104101
54388376
287099804
230020661
361963717
71339609
119745683
364302722
255628687
360846226
19673977
128713344
31451104
21954636
9810192
279397364
358782108
40350866
360535679
252379105
312029599
357052794
28360280
95410832
292946919
358249996
359058919
357330921
234799463
358211168
279095535
239662318
14960284
87749601
348106846
14826060
347052820
45604304
308717960
315530356
319468953
166558126
71508775
132770142
228108743
343813722
18450727
298100230
218607562
348275058
347850615
23422289
100018271
285670262
19157813
248829548
20807831
61254704
342422904
43377326
15224865
217751793
15458277
250203117
23021417
173340973
45497329
333791145
96627117
296336008
191959925
339031469
328154682
318224102
213123500
326672519
336741702
335508901
14212158
88961864
33715192
20419040
328855505
337016205
80750823
289727547
46181544
201912811
333640491
16854164
31409264
273786944
262462397
277860161
117317083
30354811
237441463
326539601
324379552
104664475
306388787
85906552
284380757
283877214
25276848
17387247
251758714
18561243
49273894
189659678
223299541
312194882
290298483
266764385
191831122
288269757
15895251
316870501
86814490
19948013
322689511
243352269
127101893
308711265
113234048
234200119
17972520
255905947
36769670
323783621
50758110
24539231
311146927
229934039
277271097
322012171
140728310
277534792
33466851
311141457
319834426
320945927
296776156
246753825
143285818
318587313
28870036
253221193
158589236
97478569
7082702
309279790
19308735
316485230
32885714
314595331
14292670
249704508
49506820
75094908
277779620
22504093
311898771
312913478
250308651
88728605
7641582
16012177
270299418
21131436
20728751
309643022
277195355
77315885
64730935
275196228
249720155
275725803
274249463
29700589
300515395
35056570
219348075
270575326
29975894
305767714
296619467
233358828
70128071
279249022
15267968
23063223
241026996
23379393
21047210
39429438
68727155
161025692
290085437
100809366
299423945
298507677
161551293
19353946
287975544
105242077
263169619
16586694
33877370
11349102
14590614
240475282
130174970
61035681
98356195
197592024
204072648
65419850
73442267
19629551
295025594
238805102
65214004
36131454
248601169
114691828
106302043
9355982
121558178
95121233
15629087
38895013
17795722
80467867
31081562
145563473
292018705
287197624
63799598
14905951
215722081
227431793
236198310
36890792
64044159
17194090
227536515
114483184
45921041
285009583
111230011
186081555
284376763
284377311
187054424
121610242
112489800
257174347
193584993
174044833
135352406
28364532
103821657
144692356
14591766
284126305
14759322
17044026
78322246
284599309
284484014
18806919
281101133
54998393
15947185
95273513
49287937
207766395
283131171
277277874
262218470
217583784
96786923
119296057
205542759
278766168
32302122
14632284
188782461
18008755
98367782
39317860
276976114
14643617
278853481
276228167
52400651
14602076
130406020
243330354
62842264
168709172
257164258
218829832
277009265
180533613
143207041
166996346
22258313
277301421
264235891
161348515
269552336
60496897
69845169
8746882
147362489
16035406
212712185
15914638
16256253
15299413
275942773
235275362
48026592
47407344
275549045
275094049
16662421
22638297
43131505
261979506
21517384
135614364
45504086
274017867
17528877
17290349
142533079
229719768
271760029
145347513
224074946
15976849
271928052
266927614
63037018
211717944
152739498
246405077
75300121
73043657
46011373
193959462
10228892
126369196
22217875
97474610
260341945
93797393
55216761
268334862
32692078
150726823
251252022
16429093
266796095
242409744
52901665
213345945
266662131
264571799
17974442
261401051
110851357
229960020
108880030
244530498
174454158
116833234
18729296
256645553
180978977
251914549
256086858
161095559
261722168
15800926
25724916
22829242
261586078
30543530
16794731
241806617
51104452
260500122
40282219
160618779
260025767
13978422
117833000
109003244
259031565
153897948
42954060
22000343
16707995
156652411
249682104
256020787
225031185
255641175
235561099
224286611
33358465
211949951
110733634
103067027
211535576
70792934
129223752
125966180
167348734
123010710
250369703
119043314
245015274
45035567
250669096
223515146
33585219
247380402
104906508
163456116
249641359
169341675
249472013
244333305
33901196
33472080
241292238
35655344
228268198
244976824
194624921
243374209
92192265
96434230
180529787
192056781
216033960
41208939
245447208
35038857
231206334
243878058
233017992
38425399
79060202
223488963
153505414
216120282
224745422
95438185
224353426
201389966
75309059
199226563
176845665
182942474
160932452
13764832
231120966
208166401
81961881
20374363
151169727
88670216
133000351
84576666
79634396
176870050
169801288
229659460
230449617
230055516
226117396
89637402
153953927
27821983
133474481
16655797
58948367
49675670
18452605
174801347
115425513
218593761
15781499
188915990
210754356
155698735
219277121
216767331
33747935
166584208
15919556
78031447
158414469
123263650
213960357
223101523
102671225
199571964
35830238
18915867
221397936
217814831
209226179
3007571
219553100
78046239
193846850
34940838
167378097
57172036
190454254
21781176
82626863
173992730
50319006
17343006
33955397
16172327
18868901
171542216
132964108
164643843
95363183
83581730
14798852
89799464
16795387
17989953
40428022
157199280
67767772
11318722
174424273
72883569
88734009
177971892
174338218
25003130
151574328
202654123
204208795
190761471
30818383
26385846
126636661
45872704
196019025
190684722
204393330
5698852
183679544
178474229
14083864
7992112
59722579
138888418
166371222
123652879
178027913
14062221
16404520
197901148
201112613
196172612
24628664
60448573
15868431
61978044
37568811
67420877
18456034
15568426
161375314
51301797
48219423
109453657
29958751
198208998
74639562
197567644
131298195
196233074
67453946
28153206
119083950
19342363
159619790
34362887
19791948
125174350
15860016
9345172
134930804
44417219
17542265
98418595
132557575
173836579
22915721
193210601
46817532
48229652
96081360
50964190
182440170
17027836
69400169
188046302
19995370
75718169
90918135
18315948
179823682
9358042
171323159
92489015
24183598
87777696
123865715
180632082
123380048
17164199
166653118
20461216
138090206
184198254
108968092
62584525
36762570
144512005
103013627
26683909
43258281
44292587
118115004
113693593
62511567
93933089
166690660
179280218
89802173
39300123
21064366
161007666
177983363
173187509
29987819
16350589
22518425
171788136
29002255
16481759
169525045
144941819
32458410
29452005
14849573
177684752
22808957
83893974
157813580
28703779
152489337
93704537
169212180
71335852
133451020
74307325
172495667
131250021
55285126
34710922
46573667
15551812
172395442
131940349
22626552
127523115
44207553
158826836
83873868
26573545
172496125
17642448
55125473
172085599
156747149
113708190
61544528
18339188
76355615
156136903
24158983
29952341
119905280
26576322
95987772
154800013
34611544
24907632
72632578
45580305
159491411
166191690
166564942
91478020
53156154
50306155
21502380
32473018
28447359
71310977
166205929
29046105
165856979
73310442
132237731
23717397
116863223
14986408
20523824
26810542
20394730
56898533
64722415
160564527
5420332
80298102
158519116
17589536
15551936
133430077
59885000
33955981
18813897
18348379
47700160
26077026
98744945
30735466
20988524
134591973
156295441
48184025
21596811
113114433
37036394
114102708
157369791
151611500
107423064
55648286
157409622
36361956
145154694
152482834
111754887
48357267
29715731
23915100
154819385
32398157
21509366
41879712
148931648
25532843
14343392
66797683
5054961
14267832
54201022
86692803
49886180
15642618
151100368
21591279
68023261
94420015
150980009
150757694
150531537
150526166
76333569
143409114
132232008
8276112
55290296
136118023
128931574
147045678
20865979
147209070
17275024
15547079
91904420
44946367
28477666
130488561
17596962
127721041
145657970
143706693
102456700
41422301
144641613
110781962
18341432
143641866
106154915
36797732
131528998
123743383
79344520
108391366
97546960
19325411
51840066
142684736
134223935
14574514
71691476
95958982
79534168
117803017
104956509
45458477
44513878
16075392
132294011
15988528
75794540
121224011
134161592
133879298
36782022
17066724
76959901
137810859
135208958
18815650
15154255
28654271
19255955
46229957
109263925
19714293
103031865
39179315
136353495
37315985
59370946
133439368
124340570
60796121
34404268
121577280
128846731
105019054
17075572
5676952
133265485
23967642
130624986
25763539
54052039
40776061
40970256
22650588
73563769
121179384
17330272
130239693
21424365
64532597
39047949
125580876
44915459
72945183
127483939
128639894
109962158
34042337
89433641
119207165
31000651
110630925
18355938
100022411
27087150
19308138
124830394
18056078
102445051
119275532
32860247
40109098
27911624
118289676
19723339
92531520
37091181
35849263
121601973
79472695
86609874
26042726
43865033
122177942
80595921
49937159
10822452
96922286
33264501
17766365
81959196
95967455
19976462
80498549
39377814
104501592
101847352
56837629
84872900
29557644
16854311
32553138
110735043
51407841
118559851
101890471
116861447
76065584
16953480
97548794
14563201
15647704
94469515
109932080
36439166
117870193
16738787
69741571
111426686
108808415
97709745
14125577
15554107
114050151
99878398
115610657
115578630
108561701
112682264
110609917
16420991
24683150
63331566
114048070
33221627
59362443
22359814
35616990
113643881
2610191
18292479
14693927
19663037
110322854
20720287
20532213
13429992
14589866
80659837
97045060
46181978
59884207
110003946
111334166
22782577
89035743
104228972
96436570
74543118
56736299
110118506
17721569
96916861
109322829
109301883
14860319
59888828
49429930
14944241
44164399
14289232
16234345
99742444
92595208
63230376
41509482
105591105
76374712
36584032
63058120
9548232
66594366
1742701
10748252
17198999
92309704
99389139
82553597
16561212
28359242
31433420
17069525
9062742
16070637
102181647
82904295
67748167
103787317
83009161
93765540
31900793
86030912
18965566
98936882
93895458
25707034
93212281
14134351
25455332
95994424
100569953
19518866
93758759
74214232
97041434
16455137
96715542
29997206
102781133
81196498
15738990
19341895
30230172
48710903
36627018
15482519
11768542
69850956
16164520
26876852
101943742
81796703
18801560
97804293
51532127
16320631
100853035
15134782
15742514
19273104
38060839
20862406
19402723
28366957
78355403
33394851
26350255
100077049
17123992
19406718
20344497
24899874
95929646
54530751
23451657
72292718
38742528
15965861
94496818
67641392
14465456
57750677
96743218
97486261
20534861
36872810
81215145
38983615
33080885
28009658
14125702
86379794
32062804
37029466
90067873
73225712
94955226
89357746
18674590
19780515
42080417
74231978
40102386
23472996
74866262
87493971
86243594
77936730
93699587
71562369
14742431
25418148
92162405
58732398
66349281
30646551
50316081
92288143
55809864
76075573
90317710
91021021
16562663
23249874
89273300
44989504
87982760
46940279
46943605
69387074
91562304
14450886
62297217
80769239
14357755
18220635
23614196
13279402
18879847
90994518
17815836
17527642
16194172
85213656
29289157
83803219
65619699
15443890
12808192
77454385
88884541
25609843
859221
24916455
32264075
38248936
62166912
74613924
88029486
55703572
54976212
36982153
77751867
24084722
16603134
16587571
22270451
17490569
59860795
73135424
11053732
37858656
23057885
12014132
88571173
52720154
61252043
85883000
54884278
11776682
17169012
76751363
61355204
56539551
85998405
15299377
14318471
16809682
85681002
26029178
49225974
21548991
88268780
18333506
14212033
18692858
29334776
47349434
75969648
83634563
30515795
25681347
59344028
52106931
46743975
82929051
29787724
86447370
17790669
36450346
42978062
24951859
86001951
79072602
18294973
14805088
30963119
18845123
18879979
13403302
9409732
23678982
82062093
28795754
20696759
82967345
77314206
30363291
36490028
83617810
68503405
62195331
43985867
38932246
20875240
18083983
23200131
18262104
15694863
56797917
24582309
78633151
18250300
36631657
18537956
55220904
34650458
34692742
16673914
67884615
18089164
19177501
15613727
82212314
81903908
80484304
80484138
80484001
61792283
41987463
20111405
17269935
78229384
80964241
81469877
27790820
39405920
76863051
19803261
79220975
66783505
76861304
14909200
29823085
80877683
18482323
15864679
25321774
17261773
33062052
80680632
48880548
54973432
80500788
67333334
26377245
80109931
43808142
15225658
6078372
74921623
10127142
20447545
22091213
78829086
17510784
79275950
18626424
67424494
16497754
77789291
74927123
16438666
63808292
14946026
75362308
33592335
23389575
15862472
40696781
54926726
77896383
19859768
27580623
46670901
50711911
74271280
47207760
71919874
5483892
14186094
63552808
56894685
17196885
21546136
26788268
20489393
18954209
63997977
20202242
25550217
19660747
41121481
75121192
33014109
8539242
22078798
42125576
5618162
12524522
73699428
73991564
650903
49521135
15993355
24963486
61231339
23102106
54152428
56101867
35423622
58948588
21425995
23798980
33539209
70864098
71004092
18736610
21211055
27150929
20175361
67157980
37490045
39539952
41953792
2023661
15829687
50619553
67971577
69143969
25002796
26334024
66740869
68796260
62321102
16891367
18883360
18826280
66925006
26638459
18834912
14114223
16163776
61187499
50966552
64485457
21722826
64387344
59363993
19934140
16313175
41058136
61176124
63524788
56019988
64573672
15792511
17930077
60725789
22457873
38897436
63981997
19568273
17461349
63749875
63545211
42973568
56772687
48392891
47730650
48110818
42947966
61122437
62204194
61118465
62271378
22816994
47199422
25728193
46664272
45606805
46688242
36074354
21226197
19172372
57416125
2767851
21462496
35379287
31557041
9154182
44523747
18756930
24914600
59574994
31502650
22331187
1317
58791339
40556724
23618064
20114690
29223086
49617687
17164521
58212310
16515654
14737022
56296528
19041958
55678627
56156214
58343381
14386587
40122267
44149831
25847765
14115587
22290987
58284686
57423553
24965771
20455738
16137743
34857928
55961369
55149891
51085698
17450633
17121210
21134564
17653789
16296800
42906869
56291056
15704958
55208812
30576481
17145049
14885441
43008776
44484303
55104937
37207232
55105932
53321686
34029882
50699334
32659573
16028084
30823468
17439693
281563
52015834
53187409
49162831
27733204
21808802
53050264
21811734
28653449
21879934
49078000
20464497
26254534
10305322
10786452
52137529
45969471
48393337
25614516
51222886
18696812
11763132
16032616
49052567
47018037
47033264
23562608
19983470
24828537
42640914
50689039
45583698
15616834
23117670
50167783
46795945
25389879
37773134
20519318
49145540
5748742
22641714
44758465
31210787
19807245
49864841
15977738
19539602
49644384
24232840
28890201
42704823
46527946
14167429
24824431
28690184
21884888
24212233
44225835
14549637
44707091
24341561
40723336
36960204
44389983
21088848
14502632
47160625
43288378
37483366
47636374
26797384
17049853
17489740
24590647
45301048
20369825
28471114
18586925
29591818
30463299
20312043
33823550
21333851
17266387
22654404
16476547
18809912
46664359
13059852
17143775
35829928
14133274
46032191
21608724
14885252
33308243
17997888
14640652
29555411
22739764
18439954
22640546
45341011
24741441
21593742
36339871
17181265
15117424
18432342
13155622
14539174
24584402
44655564
43621082
40936315
44624509
15882988
25467081
37001891
9689662
43345660
41404285
15960540
14269594
15791230
15314179
14675205
14755273
42766127
9749282
30978171
39850054
43905809
28375663
40604557
17661660
14446439
27350922
5720382
15434757
23098881
20995676
32768401
6803492
14912184
16286912
31206008
15137235
43063705
16521811
43162078
16745935
21977181
16530559
31413568
21759337
15675742
16243301
18010727
18634465
24359784
19897004
33520906
41646465
21824580
17820550
17123836
18501320
42083070
39267131
8918032
14296323
33673307
37322217
26086969
32776290
40293516
40120533
41451845
36243409
32392251
19697188
24566398
21096140
27423879
15206649
38901393
819851
15165858
15935239
25718274
38747483
34655227
28966427
34821938
22671716
19817725
33116401
35010195
17603464
36885955
39253401
16686517
17206739
18244332
31528016
24241555
17014773
16451233
18850600
22029288
20102364
15266443
16300279
28086732
18268532
38838892
17068373
17489026
22303547
17362970
34541409
36556358
16050032
32146628
16798106
22381504
16825980
2651351
31835879
35556957
34033678
19086121
617753
30760102
23736970
36677141
14078585
25819044
14083276
15855331
31098262
9381372
36425144
36331828
31043953
14943818
25633941
11724452
6298592
30767616
14973669
33566980
35945713
14710904
20260405
25393674
22063766
35607661
29780720
18647850
30968639
16252325
9716382
30126332
857141
16733030
7439302
15224298
16209962
18677951
15279465
35507374
30690419
29736528
32089399
20544405
25072674
16151184
17094385
12055942
9234352
18770132
31465673
18480494
24735508
16223177
17155650
18057077
19695231
23257334
19383595
14078693
16600489
30304391
24033975
15824545
33573386
30434772
17123884
22872293
32567963
16534463
32895760
32257221
32475468
32423758
31196465
16874638
30070411
8309282
20737615
24586778
31513227
25134960
23105172
17048451
21906739
29739586
27396991
13371562
16369343
30028178
28098717
16637920
25245411
15327070
15068399
23259039
19191338
16039599
30770756
3366721
30752267
77753
15987727
16487712
14599117
17504053
26434089
17722841
30491385
28487033
17304614
20210947
28656326
29910498
16116044
22705290
17419608
804204
16330193
17620527
29296944
29216172
19678189
19322785
23560281
28774235
28443212
28953514
19399649
28932423
18251376
28913150
28144195
17509945
8928992
22371633
11274452
28406115
12039032
20025850
28377232
27922157
25557870
15920317
25894663
14854929
22877272
18003040
10348402
27182569
16894818
21934343
25673869
27650080
18864393
16051471
26379647
25570970
25166133
27482758
18478452
12203722
14161937
25258065
21345004
15347337
16886269
19764386
26739128
21600059
27142002
26175532
11722042
22514289
25738244
26012149
7624142
14442585
14442567
14442554
26693133
26608468
22252534
23766624
8055482
14614694
18504867
15784302
19836954
17108182
21817757
24883775
19301763
23862487
18151975
14081137
25528906
21772681
20345991
24827369
25372981
20413298
25209791
22018704
25109355
12831902
24949841
21779009
14651382
21632851
24733230
15342726
21425124
23267290
14337032
16713771
20751098
19810378
17513981
14681336
1940581
24482237
18354034
24378679
24087517
24043711
24001730
23962270
20469752
18802640
23714786
23712196
15121537
23703637
23675719
16570289
23589723
23522424
23515906
23493790
17080272
11175412
23282160
14435376
23242677
23224797
16457829
23200641
23197499
15565046
23177804
15316113
23161090
23156620
16196381
22850044
19422401
17123861
1943389850
2837448125
106546420
3153106856
3035913886
1402482265
3263807035
136401228
17425484
1402570615
23853595
394884238
3256396741
2360227482
588334548
2994622653
943538042
1697068668
3169285989
361912807
3314054463
3239365825
3110437523
274213788
22063766
1957888416
504018069
1196702316
2980970047
3253799675
3288844876
598395430
5548212
3195628068
1718366166
858456367
2332373234
3179192803
3138026645
3152299710
87403396
28343947
2786080185
509822256
3094189437
3097703141
17881816
520921872
1881169082
16462161
3146158215
1948020342
558344581
322536924
3016636745
340706901
2361507260
50320600
31314188
363228751
3086783734
3053030373
176736651
2473095499
1616061264
46434949
16668860
1954293848
1360303807
241300206
243246150
86110483
61209149
329216232
1305768997
243237533
800864275
2427458814
3064673663
2525771683
3072215070
36183909
14481746
355697093
2806294440
3069307608
388946247
3061421771
176711704
811684681
1053932485
2762033667
1452294786
28653731
23116741
2304034704
2583255585
268073755
165567439
25027319
88826066
164360051
402630155
2980929209
18030603
879161563
1490852904
2389862521
102436246
277485581
37562267
1878987517
287073788
1574736918
38449898
579816546
518631548
359934196
1662485388
1950793471
9548232
3002956799
2852380528
201813345
19939596
173871117
2913692417
1205718840
2359962284
244987986
321970841
32896052
2971697084
15277415
2650920329
16111114
2836746406
178168660
2401941805
1180495022
2368533931
16245069
2544946934
2937251423
260582890
377567295
23094793
106821811
236636616
1069836566
2327923766
2257347438
2798243911
2915078878
2386117634
2241486025
2855200906
19256096
1400633274
126842522
946228255
127480356
520778013
2858112275
111701317
921580388
264962685
2871287133
2869334067
2868442567
70771158
1607263543
316632855
14192558
2834019988
8654602
2834492639
1953127831
320655300
2447782742
278717781
1853940198
335849379
1493495094
1055593891
1395538572
56688792
1910851248
2179600135
120091587
358468822
20334237
2836748820
2538984132
921436040
2803390367
2799333908
1750288814
2826469171
2771062113
1674580705
1604405136
2658154303
2799142274
2798427222
2773965482
1375527385
2356479762
185603644
1688827554
16137743
553878978
2722228538
1025377500
784917271
38509175
2685671204
2651771192
2512746356
2583615968
1267335924
25505387
2247054936
2163041419
2192826980
2601749634
22468955
2190906684
18164805
2591390653
771616190
2587327126
2396773638
596136918
2469695574
158689209
292970304
86248370
2535434533
636931259
1247298085
528429381
284550451
32283017
14739201
1152830731
2478271526
1231547269
2425654531
1965226544
2442536492
23636912
36960436
329188307
278033589
2241221
1465204728
2315692537
2365068260
196522106
2370619087
106774868
2221314516
2395390518
59143817
2304074375
519181811
574832483
1294768357
1714004761
105305259
278399131
863165762
1363366826
2363235240
525304348
1418772511
851503992
2304656882
72982024
1055593748
2231216737
2238554724
2298858077
1488552073
2329126563
2285580997
2309120372
2191260554
1525342994
39364251
44122227
314011033
15282064
117128465
2225449470
2306738563
2304792180
2289260600
2161271354
876405452
113180383
11093162
1284950995
267499684
300727777
229723932
80917007
2231591575
1965178260
165622748
147057118
108605734
23641069
512229770
130509263
15446520
903658782
1563079915
364938826
49054720
755223175
162054629
27665262
38022940
171926859
2228231707
772350306
2150804410
2203136522
1904652792
2200279104
34074596
1927880754
326436796
448145885
94376461
1633014282
2149625461
2163183070
888027091
175711277
517168380
518601549
1244853630
238661672
1270603004
1596241800
386698887
1516638829
1480281103
414790579
462588809
1613941476
398351602
283689106
1879548266
522685404
1873087333
380427002
248215830
1384478767
213780199
27489744
561445312
960906109
768591824
284808286
208638412
29529228
1256395052
26009199
1695085675
24813587
1355315143
1597169640
946783531
420932038
1670094882
258814164
253922652
1630961239
1226648138
39764957
308660195
38286900
423290726
912928712
1626436046
46122979
1590140670
1640323184
1634133588
18220307
1259607091
1621761696
201502910
222206900
234535069
1258479840
66541850
144692356
390218199
68568904
1327276171
22654404
56063239
1561031136
188941422
304452265
831817183
1252953493
1556687533
44725618
24624694
25932356
30479742
538436820
1539171829
1537489932
1485580345
49115368
744529022
843086076
1535000454
16908775
30642960
1491860286
498047885
260819630
1482947851
519235096
242099539
34710922
153551571
1449960744
863302345
1452807822
577359760
553590893
1437632497
181017132
1322947652
974754584
247004061
1008218456
16039247
614967136
854911448
1364475780
394723261
1392455682
565180921
809529883
1302601393
37841232
319103523
1274328847
1107888008
928735465
260361653
41305596
198284120
215926956
786943010
18389626
713146934
40700749
1141356954
20461360
600100588
200181927
26279840
940649406
1152302712
33880118
26755870
72025856
275194705
1246403924
62631803
1269473726
391583284
1006908098
1009173444
431391193
991555513
374109195
275665495
389568040
463073312
1262161514
862194535
276140064
516867082
1098745183
220882932
313375223
57113152
1042612796
33896079
127617328
471943652
500856155
378798204
1171841184
993055771
1170792781
1180262964
143149375
928975182
407043981
568264624
208369770
1162169018
332954329
598916284
537768415
240828183
29675706
376966654
569302640
23771696
926272794
12511062
237256396
955723213
1057337864
806957438
350046758
1002872852
944853494
754556
317054504
1055560345
787811900
47102280
47771515
119775003
633924213
887474666
604642603
318383192
96495126
995655854
292403756
244196298
114324297
172636393
50987768
1057025082
1066200319
77050510
38003948
15628274
1427181
952892846
594351197
273421972
618817480
546423071
158989132
19031236
57652284
119604009
25911044
154647635
556616944
26399557
936752700
961661653
703515828
588848487
1002833430
843008576
1012894638
1004835348
934989181
515081899
168783827
993909139
102754776
974112840
98356195
751711380
106456534
324881778
295754642
70763837
346175057
448792362
122855883
133400180
36832842
41246418
902522749
485051625
318097427
21633124
491767499
446446576
752435047
326144014
437722569
38958010
622036164
461478291
28223692
227995666
198145343
588078144
869552100
525984544
65577676
92276218
891320196
847522808
65589378
176411540
179130348
224829785
747058435
218679389
858401148
186047879
229346198
375117182
440622422
192455587
136057355
883997976
284222164
263851404
889518504
852752664
120228163
25928808
868890049
111975056
387120843
518655890
615265862
40011431
28621968
53769399
733012555
763562852
479879117
48110818
840983880
425196476
734537816
819687728
815977002
319962895
562787769
552067203
176129315
227284739
807841369
709613180
356974298
136369745
33449751
569242704
366091848
57250389
493009826
24173584
197901148
14215539
763819177
18353495
332337957
574652492
49901731
589603294
26016806
19363570
637382227
194251561
528066450
625997797
635845996
444966705
106958838
701326392
18485106
32706948
629557258
253800348
260307439
616086501
19112165
624680231
18293052
395545765
625739843
624606436
89708332
213754594
271019680
32353164
22299240
607652412
603766881
581928213
9965842
28824136
558848954
606863978
334849558
605748822
326413140
398961518
58691154
24749727
16892841
275582528
603698235
603792507
462978953
570983358
13093882
330308334
317452346
76359975
589048652
131305017
594901058
53187840
594042110
588310584
16609226
386315695
189518195
35027727
466760101
20340869
498964077
107268370
521264284
581367335
348269631
237973557
36083751
390698840
575304767
574538075
292848922
524997168
571688411
282542884
557336827
17181265
414041530
491232095
526645707
192960694
150800311
384542197
449373724
561739037
358775447
175581894
549308242
474401398
388316015
91828942
509180239
8527372
267215817
371375428
54264281
517861108
338880142
16671869
191706396
542087927
91375542
254719698
546279303
112770164
462109621
539112933
523677878
513983552
286526601
16491403
446737549
472097230
316357556
538063892
537760950
60985053
226789447
308899694
535324111
535567250
168790444
100620126
158727311
435615116
532484798
462220514
468877880
17172470
13016532
528525352
262368526
59921551
417465257
117435341
417982750
322295907
454350648
329537527
20484401
257010511
252634695
179338293
135970595
63626312
19566379
172588716
253556137
268507921
516592256
513309908
156230751
18730507
509171329
31334113
507353154
507749328
36131454
188250959
254428884
380516499
388328034
55629146
482601967
56580604
227188351
16697018
480887236
473038333
452484544
186105424
51305926
491525292
488392972
432378086
374082977
336007282
24926740
16605116
156727257
486336552
456152934
239663744
224353014
64448579
388892606
203087916
69176038
464719464
196778759
15739043
14212033
290085437
21023576
417390901
361185510
453529953
474820867
32530883
424884714
473927774
478611317
49506479
279725386
419913160
244419191
26416733
431686334
170016558
474469942
345042866
107472943
193858366
18730238
36689487
463181295
464108417
425921194
454361241
21344665
240143685
447442475
455116038
46237944
449246103
463190751
318224787
38226816
374712033
461823288
454078855
145264772
111946134
266687883
22255197
17733946
87423751
288408661
132982293
454972447
344263876
453529076
362332590
447501525
370623591
449998267
262929220
302841426
423623786
353211696
428305914
410431651
437582733
436052358
423822798
142393830
11039282
37936605
31522489
421443436
36947400
202283280
384904654
416409556
96994334
408550544
423456060
159496174
362555189
407090482
357146719
95841806
175462298
414374819
308607780
214813256
158460651
413283401
57869647
34985470
405430523
157111413
97334092
405428595
405427079
143886265
260284470
408634310
385130426
25107150
386719522
109164425
193515866
406584801
17414226
380068824
358812255
384774565
189320783
97005729
400214945
394837603
214259363
398563228
390338988
42932539
217020108
330354472
28360280
324906210
289385640
163456116
377113802
23105172
389268043
56965099
72239171
383995872
55394837
282411147
304457365
103821657
41165284
336920968
386254158
213735307
41966817
386860595
214675085
376345579
319061459
69868412
72957023
317417758
94904647
374679381
304511533
24133736
45191992
222530400
377404416
381971674
35890731
225764453
331426576
198846767
375523829
18383195
158042890
9488732
217583784
363252999
297390716
376527503
289494464
86761447
278672826
34914321
278634762
362044496
297106007
375174877
69201033
373266853
358354163
74790876
288303744
371281785
360766633
362983791
33541243
288937693
147567342
131061244
22340001
139921401
49320571
221795269
53787571
359025399
124340497
214226228
361963717
18411912
71508775
146883198
359842669
98737808
63439599
18115825
40350866
357617082
15068399
321436678
27231379
128947465
325168658
250203117
228108743
67578950
175429577
171097606
275199339
84617554
153085446
119116841
109003244
16957025
257361754
288864207
184284712
339813001
329262339
88035131
9699192
304107084
335549387
294726594
335227403
17915518
329079113
333419297
17663078
330526592
274714410
328587112
54779022
324143707
16745935
43051619
41125905
322012171
15965627
320912477
316562081
25706263
16518494
316670830
294070019
317289674
139953354
302215389
31341745
59884207
27680898
311898771
309814360
33076821
194187941
16435565
101386174
203938295
247450475
56473163
296869900
284885422
303049015
302973695
281426356
293604242
59196444
236198310
290347396
39295248
295525874
144243063
38895013
31081562
175064124
38944844
45921041
265088877
283363277
279150714
24929739
280488547
190703797
71229103
284697254
43209845
29787193
19108280
27248973
25728193
195727807
45504086
261365279
43265583
27507211
276976114
77095776
276228167
134844064
117172278
26989998
33042135
22638297
167225699
72042658
142533079
196592138
250138269
158955723
81849942
229531446
96020860
40282219
270442567
253746188
13306282
245098244
247332345
43230251
267860929
92281343
27722659
264850394
18291291
92236133
34607853
246024271
70774194
259196609
61332681
35007826
97148054
35038857
48618822
101760203
247075876
45035567
38355766
253896040
88581667
46479015
75362308
19774114
115120649
115479088
172722641
207660820
252211513
19181549
151041862
13119862
26681722
235139541
205871376
215439198
32458410
23602189
216120282
50154341
117317083
199424065
174067487
237233980
234720020
133474481
232465955
33877370
113101599
154437008
161744640
217317931
132403927
131168663
111442306
55003939
18252544
126773585
199571964
94570962
219553100
93504320
214584457
190684722
213785590
202432806
177971892
204116483
857141
25718274
121558178
46987205
126492387
41250697
48602566
15026502
81215145
58820180
24710118
118892111
35017643
68600896
74548748
32316055
88553314
182440170
143135457
69586607
166653118
186578824
158129689
172089930
139839646
186274772
59370946
185331941
89802173
161007666
156495213
163885610
177154559
23801638
177684752
83893974
10329052
176948682
19633103
14168365
22671716
164000612
158489102
37000484
173659212
163078739
82879258
126067482
130882818
166059437
151687819
159058808
55648286
76333569
14800352
151100368
115411956
18033662
55290296
145813824
83634396
19406070
63383404
136001366
79344520
97546960
108391366
119845705
58791339
74724111
130659143
38109868
53107537
27314602
76859981
113713978
18504867
114647536
42125694
85231182
17194090
22651861
113156267
39377814
34904414
123651705
108622306
43865033
87727820
121728391
98893320
14589866
3533231
18392637
34305249
41634202
111075965
55070354
43401924
24430413
112682264
59246270
62018294
58546063
87116276
112280959
110727100
103769532
58938499
30646551
78939078
103040620
44164399
40868243
103058867
103057708
103044268
103043484
103042107
99742444
103041614
103041114
103039345
103023746
103023317
103022812
103022269
34855275
106674172
65505122
103021562
103021016
103020162
19246850
60699354
28359242
15565703
93238157
31433420
67748167
6123762
16455137
94965721
93110621
69850956
18801560
38742528
24527838
33646572
87588982
17509428
88416892
5414782
96407703
16027532
35711979
34651221
73925475
49462929
12014132
21013461
37877645
19625555
74757499
47405058
20136955
20956390
20822567
70949251
41539646
72752506
92499927
90423642
87288130
88861791
87673375
90137926
15327070
89038428
85883000
48085489
17534431
88356440
82890626
36552960
18333506
48953325
15429550
81881763
1317
17426156
85425705
17257786
84137145
36576939
83934615
81607621
82803894
78875140
18537956
18467867
73135424
26826342
54291397
14833707
20633434
16232185
22177552
57838663
52106931
21211055
14060372
71071679
17479266
48479936
29353601
19276208
9749282
66700885
34640829
18665018
19927928
21817757
49863565
18438643
24482792
21425995
22994470
19910504
20447545
15008069
63531649
63533499
63540017
37737709
20603062
17081275
7879052
16971846
23806662
61316857
44924354
18215379
12164982
35350414
28774235
40056778
21892272
1976611
39730749
43901608
16333360
18850600
26243104
46431668
19574034
40052219
39626338
50239474
51712356
47825635
14416525
25568743
46844302
18834912
29149904
16438898
25058557
36399472
15882988
17499838
26955739
25362174
26892126
21216917
15859033
49019174
36144714
15154255
15561214
47941662
2650921
30488400
24824320
24722470
15064957
25116052
35863564
10748252
46897140
21001193
35096291
29248113
29312563
15656913
43345660
18754728
18501320
31222833
18711437
34492685
256043
38248690
19769274
27359972
37928741
11274452
39053630
39323606
16876017
19422361
18647850
39335642
39097323
20799075
14664597
16050032
20019567
14562968
20453814
21685105
37461065
31195039
23372993
15127179
35735797
32129645
35214800
17913947
17994509
17967259
29286218
28656326
17432932
18365744
20858267
18149830
18003040
18478452
22563935
18780980
18208763
25894663
3587301
18133102
22487822
25876297
12010892
24664870
15784302
14178674
18537823
17063795
22965995
16203371
21165338
19656921
20002987
20650055
22514289
10361742
14117606
22322569
19676537
20544405
17074490
14786823
20703914
18162755
18507789
19195914
14328059
16306667
18181895
19599384
18822990
14741270
17392445
19696602
18905313
16534463
19428466
18787798
17639021
17788557
16903925
17885796
18360983
14917177
8451892
15935927
17343006
17108182
14318471
18669428
18715066
16735074
17244886
8997532
17206739
15915357
16874638
14112043
18343766
17664837
15959560
16870700
17660116
15981611
1940581
17836544
17729063
17244182
15098678
17471291
17763559
16149397
17784779
14126111
13938522
14520664
14849573
17303424
16300786
16830429
5848362
16441584
9952152
15790717
14710904
17400916
16874940
6125082
9345172
12772482
17348148
17314054
14118444
17212096
16351272
17265678
16816155
6626372
5392522
14675205
14172588
8409452
813286
5741722
14212360
2432444480
2895908245
3367620069
2924399192
1710189968
2881795845
1710215822
2174688636
1710083148
1710131941
2682323545
1710088261
1710043184
1708213008
1708260943
2778522355
16490115
274104261
1708221566
1708126344
1708068696
570197165
2338971439
2469903954
317987266
2301866551
1859643787
74499806
1960714562
350718556
486416903
3273527575
3195663984
3366281128
1573873243
2820277581
47865477
67973977
475857142
1633348302
2655594823
73703
3356985178
3184717677
2787143432
1385207694
3070351543
198730367
1701649580
16231168
3253184402
1877282396
3253186392
3345508041
1443771547
581255672
476547383
2167029086
846455184
302255972
3340263299
3144970103
281364730
208138875
3245426395
3246942224
2836707336
398661113
220392214
339171152
160197087
2973854373
85872613
2559420266
128925419
47860397
11354192
1385461280
15109756
1377352896
2342062365
3172762712
272959959
3309792363
2467587254
2516824286
181913019
2402060234
3195362139
40001164
171953473
3105243235
2484689840
2520845152
2518822279
2592036300
1196702316
546845318
2355617095
89557210
1543735178
3011099096
2391647941
633932554
2360479405
2752177134
3170006075
2485703119
2689500492
22734556
1271338237
2164874768
2952848762
3118255894
285177964
153492935
2920196755
48831366
1449763015
9907602
513261814
37254082
1472618394
551315073
2892327246
439616973
2193969758
2931346059
3069886005
1904428488
1657821480
20928541
2767006909
107954846
52752904
3158438706
2361500726
2238072205
3156828167
2907967378
2458541456
2284071775
3139528148
857794309
86572222
117179079
2764590090
3121880187
3110425445
2810660082
1190437747
3074326129
279925161
25669007
3123499575
2600254212
761992254
1878987517
718644372
995570786
3062833098
3105120222
3108052563
182931449
2767090659
14463848
17758285
243782308
2966640406
1942231704
28312052
243246150
243237533
2425565449
1101252860
2427458814
3089076820
1140275190
596661270
3069094572
17475872
2923816369
594898373
425876124
2962115372
3028922475
3070409373
2305674588
3016014002
1641795866
325880831
25086747
2785126797
3038428752
3017018259
371053060
2747039886
14604238
1541289391
2428097185
365920942
399184267
192434493
1712878939
3033250132
338407997
2913866712
14775669
2941161301
517180200
22248690
59027167
519095502
2634795493
245864025
26028609
2356190684
587601141
10432872
3016996586
3016880124
16462161
2330930671
2893779754
18287690
519555032
1965129776
2315376242
2499975582
329116776
2990406445
1340407861
25816369
279717589
475927697
2930242682
2526908348
1976995950
2863180913
289427962
2228799552
2383941630
3000606977
2727324168
2805974084
390560093
390603110
362788773
2993844516
2402123996
2990942506
2992489883
18656604
1413388530
260582890
234057437
51342689
1856104736
2892332309
2914295607
2744360507
2904212787
2561878574
2884831648
1932550464
2889081924
795911113
2967645481
38449898
358819941
2502703724
2332118485
92921229
387945734
105666017
169608279
2880380741
27752119
14562968
2957031992
26470197
14683100
173871117
2546318557
7321112
1075037664
2940664703
165071501
2208907944
2936294625
83576385
402630155
458817315
59134045
1665857581
42988035
2796823113
2924240240
2830197583
2382853022
1862121894
2897255699
2470019136
102399548
185002006
25928253
284437310
32143283
1487010650
303506603
2906475107
1277764873
2583841201
2903979737
110441357
73121063
103039345
16892009
15841837
2266876387
2228667494
128348725
500370398
2897687920
106233974
2307266862
587504448
2806294440
241886871
2862721133
18583059
1946960197
2874495372
170400197
2896253012
1244837035
2430976122
1535744959
1979475866
787759057
2832261790
17656616
1952336160
534508348
931006321
16493928
2838554510
334099894
2875100110
2843851829
222812107
14318471
59733105
50046405
906135973
2501396348
2596807742
240453604
2310321860
24966384
2869654348
1191577063
2375820506
250291669
2821803290
2891662867
200352237
25679896
771561097
35376380
26334024
1467160458
2353588993
2877153936
2437397166
1482809329
152732743
2825621305
254719698
23338070
2885597575
2437162778
2826536306
1603397588
19569479
16950279
897921314
164969860
1403527058
273906192
210226021
813120559
189638542
2231512200
2721741788
2256504111
2401941805
2866774045
2157906093
819373351
181511585
15905490
2790765433
298800037
2176644637
25599002
21879752
1055593891
2194889729
2546089934
2742836954
2550472010
1702128128
988183117
27308539
2468115396
193416958
296042634
1180495022
106793317
161055704
273380867
1235832841
2293038656
2836828002
2383766982
2282579598
551129771
18631311
255404649
111270333
2828292962
1465240506
2830715816
2799333908
2575281056
2615443639
117630732
128231212
50073626
14342634
148330249
1332764143
2576623874
2742003121
29517924
2809599463
1923375980
1158097772
280852149
2530455397
236094616
2651795550
95972239
87145349
2788976936
2793349219
2727558701
98505675
2366543281
143215148
2434188948
2757180165
333651258
35302670
432122716
2412260047
272141779
2736200424
2292888230
2776698097
2658154303
485597930
206126665
2737694630
2745336859
1102019810
1352749586
14434287
901776295
2327293646
140891152
186206767
561648041
513673295
991829191
2176629631
1686805897
11724452
2738168474
705362684
2524755119
23438457
2699053554
245201793
2689823359
2559616706
481654918
134959567
98737808
2706524898
15118429
87521380
210356865
2579656417
837788906
2207090202
2405336498
279248170
161895582
2462878052
2669887538
1679213185
2330904739
382493291
1267335924
106422361
609133730
2649118080
626915876
2669575860
873900000
2327752236
404603450
303989689
2649726534
731041292
2648300766
2152908144
2594272357
2510525720
109941794
2510546275
316037171
2583615968
2292990992
28315433
247946711
533513220
2249346738
437450446
92305497
18915867
15607043
168727163
2192826980
2541774458
331748103
965212376
105960254
25550230
2572535684
954879926
2244375212
357272496
2360952278
2403091659
67070495
1458461
314472120
2508447942
1194538388
2293681226
2584346708
287830140
380701502
2547628614
124275696
42147759
2432468281
154300901
1056861680
17690747
2253811964
2412748598
88692209
2275311474
2244356803
2525917105
32650360
2421159554
187245132
1241321664
2268404822
2572600732
19401532
2286920017
585413236
2470503569
1018900982
709444265
79709174
404104450
2494380595
1522181906
2480203094
2530438436
163621016
110745853
636931259
930314876
15489751
970076714
408136880
385566679
1026980306
583071831
18411867
2415652722
2523998807
249310316
244407735
585430158
14166218
587036534
1691842783
1219702742
115137729
843120673
212179444
2470247336
390283225
2489050039
2447227333
30745454
2339457307
502053968
2239838612
1548244028
2329872746
34636030
2480682997
54213076
2474493776
614453254
535601588
2471627550
870786132
44726094
562132826
2385737760
1367601560
2432573114
2468329124
412586854
2384176734
58437750
70976782
14435376
145318322
1342100251
22050294
189203544
313205079
1598572914
16731901
71691476
2457967244
133399826
1120799718
2270751973
2437421977
2451774223
121794348
52593625
2363366412
1284153122
271109829
2208043483
485477421
1444320248
822954362
85223785
1687905702
65135363
2411408934
1061221700
39921150
331789805
181324826
106456667
2227964798
15110410
22957295
524536675
2316051960
359620897
2424314647
178443597
192041694
189678348
703561088
16914075
2363247314
1054049382
413955760
2375784856
343598276
578484468
150456612
1965550140
1395150032
1220314843
51521484
41040100
542788177
1281298082
611812829
2426120819
1883067037
1566465486
18075185
33581535
95821953
1092624332
2415123430
2304074375
2176493124
2285304680
27642207
115472116
1658567935
57360255
1475401632
1205230640
328719395
66099170
2353808497
17885796
278399131
625059980
73442845
2360732342
2360738161
46367401
1293157896
105507225
231498945
60662463
2342669875
1262736908
1301568907
13063422
70478255
2318218286
303893335
107173519
247752968
295710225
106288804
12129602
735621643
340243403
17407148
2285534558
102713740
533462148
2349353092
1236449419
34967252
41392335
2353424934
2352431220
41137379
21909421
634789350
2297938725
74957112
1932418556
252878704
536725407
613076057
924510962
56010917
245578972
14477090
1326024084
930648176
75249298
177451241
2327679596
1291041361
14885252
22290987
23800448
24455362
771616190
34283063
127656740
31117854
15694863
59973927
275714700
27136797
1723101829
2315269456
5751162
516273795
98367782
83316130
2296843682
14739201
206580653
30500021
33944891
2225449470
2211736164
412690620
921452558
172733974
1877529306
79080713
7260282
20801445
1525342994
1631170351
14510143
596659365
2282286776
2260815797
18355938
117500959
128574513
442988706
367489515
361243288
321391561
2283955027
1952318682
130222881
2281856346
1616119681
752874133
472120749
1966363453
485051625
15103554
10305322
18089164
19270988
72025856
364938826
167180768
1073725477
12808192
18248403
1424621288
9639352
45476332
1872104419
604753719
1004998448
2239531916
2249242442
40834465
2257248577
1965178260
1697714666
2255798760
12661842
1570846099
82368677
531265730
237046890
1042368384
319445363
501524897
1265351448
28541335
18332836
2214875018
1415474779
1747262966
1148321168
107163055
1322747762
2230153232
2152954837
771965976
974735174
37366095
747256759
1177007396
389243415
96814533
1099149091
2217921744
1691178578
614256054
97293598
1935307658
1430925810
158452328
202055490
570115750
37329581
351166366
2148999585
1224022567
2205510702
613929416
2204800784
1887606948
505168392
14110213
175195803
16841066
22673868
87021940
2192818244
69772331
1962483258
27320089
296262364
1948783340
1948194931
247101740
39180780
15447261
492511140
502340334
2181365622
1017772284
280426547
1972431390
22721968
634099049
1850024749
1270261734
985679821
1967533741
953869482
1466397877
844315279
82800154
23717397
37532864
185699977
2160226238
26696496
260296808
398443053
63524788
1410603864
963460825
2153252792
208191185
175914794
195167635
1238031920
292349935
1951841611
179083387
1426586822
482155812
1909959164
873355734
24621559
445595230
32250127
208147891
20346302
1337109890
401818682
1526458003
1599101696
24387776
529231238
30291437
257010511
1323451758
1209739669
330810591
1350757747
461132420
377037698
15646260
1388531960
9345172
277728004
1859256176
554865992
14289835
1900290932
20210947
37515717
1893712502
558171579
1684231970
414239929
25428892
396106623
101386174
737477204
17020841
1447041607
14465456
299366877
58055775
508463975
1216743044
20065053
183415871
145671206
905095266
17044026
14062221
25847765
1890274230
546346198
92370760
158746084
86137125
605153786
393112620
126842522
529825215
21429720
1673122646
1675998037
59917042
75328629
1435967359
62384481
17922720
17201112
1691913194
21421552
317178260
791666792
14060119
475393715
545167341
1879548266
1662930883
407059626
1854883128
74732805
407131634
760650834
609406019
205868118
1862148271
633130528
1691052180
248215830
175711277
1674188378
35560831
1649186623
1429180099
292456847
97204019
549476819
61563680
1472419472
1650446502
184256480
112507731
1252415036
213780199
11142492
1227646350
1678990657
1849148653
1226900185
1348399657
472865580
1658026237
1727657066
230243509
1307439798
1240451828
258981487
274308763
165622748
1377910514
625049491
813206816
1464954817
48420486
112976314
480888098
1708108945
177330882
1374786157
156725548
1082102060
29802669
1695085675
1639365872
1692863977
1667555984
224074946
1702867363
1703241650
1677778802
1428870378
79380331
1699780783
1702556353
156293898
1658219492
474712955
404819771
130103633
14603480
1431247056
1098128108
507292127
22075828
433203814
16512432
851566579
397666841
231379731
204464927
1021549836
1643631584
1613251705
1261580365
1262740238
1643877746
291814887
154423336
1056071676
1604016650
17218517
900596174
435368535
39557507
28115822
48889986
1567005006
612691627
55394837
1240034964
1463837000
1259434567
3355281
1574612844
1647346794
1630961239
331750916
86692803
177464153
463040342
195082560
940514833
534125583
860592217
77145287
18244332
1584029870
1651348004
294735032
352982356
523921488
175135180
378044924
375117182
1520706991
1636746493
1546464560
288249986
1631841600
136666127
241279551
1278562296
542796255
19492594
851503992
36439166
712990068
1546167474
296340466
425139349
236412654
1072939567
1626436046
68479359
1631941813
70762056
19541799
1146934148
418725129
65979116
16331709
726846810
1549052653
167140897
30561991
580550640
884448043
59970807
1615920338
39484216
270319920
1225087238
59143817
68568904
217182554
190717551
73272850
14262217
71626061
22890638
196076919
454994899
1116957518
1454768616
18541756
1226648138
593227056
153544563
175386305
804751388
140437108
1447178329
1461437575
888117289
1394738066
111559012
824109306
136322338
18932464
29635108
236985334
555339015
133200382
795404473
1436328746
211943585
14971572
541835852
838171717
1447556196
14364639
292338507
378058766
435968883
33729527
831817183
831577987
277450150
607306639
18220307
70143420
880920739
50110793
72636999
1452461628
21906739
1573755373
1364887332
1569234314
900252517
115112490
1494412664
335402324
1320614798
1560334722
178152959
80110904
1278571266
228953201
555577739
1152133878
36074354
67343394
1468706269
1487927208
246010139
55647330
1321016070
703352796
47757028
448126211
430325527
191893257
25323549
94018401
205436146
36786085
1553755590
15970392
232812328
225057967
780463284
1458648812
1173237842
27346205
554644061
286852624
252744614
123266200
1357901635
1485580345
636746629
957315469
487645475
56001635
718884666
1470825577
89755358
232974955
333473560
844522267
20701480
1497856874
32801793
1340057210
993128551
450221008
463192314
84337096
608222435
188941422
536021390
355596373
987252770
514941114
240279500
1371044154
1403269914
732555810
308683249
389188017
557297703
274132854
971302722
75300453
1503436052
381374911
107138736
714631159
43216788
54259228
1477432568
551160542
1164925158
1380169374
1482947851
910684916
17250712
532520448
27305301
36015440
228659711
444057533
63264227
482122511
141924030
895830492
952565881
1449960744
260382558
153551571
135904100
18133024
15681306
24233150
122770149
985166887
932326104
22215540
38459380
1432568041
29221344
1433702456
627981363
1134583009
798925214
372033587
1215280686
277817759
43951429
389304037
108086798
26933119
470196395
91386654
1259607091
833911225
236257061
56736299
240453731
1408582698
197491022
1164363750
831785893
278217777
218498507
618243886
26606091
436730263
18834912
1288697196
471615885
568550309
262548462
22784904
48383297
558720677
141209597
1148772414
1387517730
1307501564
563560047
28645291
19031236
464146409
259891348
22143145
1161221364
1364201978
80845534
302253100
16304004
1332089984
710009923
1302601393
1370777712
1272641539
71093875
111670354
980881680
91926738
1135166275
21337115
30853206
361626720
95933047
20144524
591951620
1107888008
1278218868
123959163
997227120
1301334548
260361653
114559945
217997153
119083950
117462830
1291987165
307911018
17997888
1251252313
210925267
733677637
556536998
73829977
972375836
709974061
1250152189
602195221
200504290
1287444708
28661134
28003142
568422337
381931747
1143924006
81039068
25348081
1308798397
298138833
1252158852
198284120
1307849820
40550854
44385300
1269473726
1152302712
894734498
403016538
99482300
96918886
125103088
254589295
1176728882
291842122
247977797
21232712
190711430
232633093
532800790
450418594
403104778
962985079
897636840
1154812746
1141356954
1250420137
63058314
18702878
79929116
1138405094
228701385
1194646586
1170792781
891821234
1245202219
33601969
323010850
1240617456
49115368
1109126851
368564120
506853193
1023503275
1209370459
17766365
849807032
521413698
121873626
98200833
1086700950
1175675113
23394691
227803783
19711691
36666496
25474332
1055055542
526001751
370778596
407043981
974257009
456677750
19695231
216561127
187401273
1160129485
501433131
820526490
807432709
114697069
915538747
1040387040
262495403
42637316
39564993
860709264
1146193394
212418959
234463064
92246822
15458277
1114823323
107440486
48545518
103115629
56788628
291698254
545342120
493462794
635792517
376353661
123965046
431391193
231485951
18328478
604642603
1008990751
594351197
18669891
610423137
224829785
62904998
45320771
608456386
24929739
1009691828
28257129
55347109
9924832
921759169
1053825037
409196135
23954010
104672174
28440647
1069126374
1008218456
107268370
235343585
64207926
1013251016
271019680
877905169
317501231
16190942
25375670
15039943
44725618
252820645
915254270
356974298
315431424
31025857
505888450
516867082
17469469
515081899
118828764
41013626
995655854
474279212
532599466
161876451
14863337
19800806
273421972
17750110
998531131
465994799
12831902
861090636
820075285
323804837
970821338
416197370
89304300
29534402
15909153
209864622
373568120
270812720
17331154
976818439
280606793
15726812
947899602
310623267
971543076
377749619
104232532
23145303
20791294
961630399
917128614
1393551
614572577
867354667
952645921
601423632
944853494
15322397
531250460
23105172
946195285
726238326
18487429
480050626
938611141
929988624
622036164
326158694
512228118
386815059
569647794
14673251
14755273
925921328
219418108
23100231
921600122
108931568
145270009
16949344
17257233
917895128
283706793
543548377
34710922
54594048
16922792
374337511
18690831
905034146
38895286
311190853
15068399
199143804
903969462
561042522
125164476
326569138
97554022
44737035
275665495
455246536
539057653
440622422
1770331
527580303
487178849
69038988
883997976
832716152
16691889
771462746
248572353
260029172
16059858
49185855
10625402
821725704
878458681
880328389
44093781
878468670
24539231
878453622
877657650
448725930
367374523
233972499
224625162
582391162
874085682
873523081
627792618
871998480
873485852
68624057
27608017
363725854
868890049
866902891
384353643
564291613
228176840
21395205
347971705
26693713
857320998
13831892
16933716
856049112
825363914
853304953
817943730
278646626
852782288
356955053
851084736
35830238
849416347
48110818
58422750
825940004
139744512
849125274
848721888
848587027
266560054
474036082
144607343
846198229
815977002
191128234
538418799
499898167
65070250
845168208
827850859
842240233
842234695
152905965
840759757
839694103
840463932
838804296
840295117
839142560
839338502
838683727
838161788
838149932
21548991
837709418
837386504
14690921
836578116
836209928
835984442
835956415
835442023
832957633
86358058
119775003
832875673
16568486
283237220
38115760
829551043
828482184
635133955
562787769
22447747
822738990
824111796
822890552
600612805
818412799
536905167
817943274
802461991
704735371
528251762
490760221
811210094
811314955
95488842
63352326
18809912
618342634
71122191
30097577
805566278
16467208
45898510
17487892
335241908
800847024
797903701
797051323
797086136
411243415
110636453
588749451
787994071
12693172
785207647
518716362
785358199
22866395
635575091
259868133
347534564
781312064
782309454
592503271
781434822
394020338
780502550
716907416
778856378
705371137
517559739
771862471
774860312
605890170
774304459
10232022
190248555
217826476
765477103
768753984
427797615
767936696
78786833
764706836
102603177
764700714
227284739
759022495
761061440
74197148
591502609
757675860
237416819
403771971
327901185
67767772
752068056
44608704
377497721
23203039
575566919
4937061
18370209
586257477
742128122
74220358
326144014
412739701
91805701
730072992
277059066
22808957
632825536
722536573
20775310
115085266
113755562
45445828
22847003
716426936
326316940
25442000
712952917
237912818
561475313
63736058
22638297
710044652
583408217
15839938
63514892
625997797
635845996
393101179
601969492
16983361
528066450
22053579
443019426
253800348
32450625
20770149
587349464
59834704
586772560
336007282
509180239
627612063
32353164
618208872
95292805
36770107
395545765
73160669
62715766
625591251
625575744
127447053
165376302
625237592
42034338
65633843
599851301
326535973
213754594
23259586
268864690
615628420
334849558
229346198
372290855
500849311
245029138
271930287
23140081
27662586
247995877
606863978
515826653
606649963
138299286
581004064
540407481
28824136
351382047
398429501
265287864
338504476
275679579
598827542
350229904
530976267
537309350
390839781
569250780
583160550
430976274
423995169
25127449
373135517
292848922
429068453
76359975
53146543
377610457
17709861
18031967
51167293
521264284
50321602
28660795
14792673
366438179
247986833
145771805
140561484
23469820
34135226
21107471
577426099
38841434
388892606
524997168
34044539
574538075
198747796
70128071
571688411
19246321
345898940
93329244
22804107
40116996
17573788
569302640
414041530
145030618
96994334
165185625
276318304
37591423
20290668
21794452
34913959
64543852
417982750
165275647
20110939
18141015
338543184
554495799
557384731
97157608
387256523
14616459
355539151
379958877
282800782
559880712
259301697
519979063
559223740
199809934
51170461
322295907
263719312
17428471
213881853
20737615
480675780
326560581
188489641
54264281
546050178
45341284
159671942
84652998
191706396
17343006
19031473
370601551
14570930
497673486
541992469
286004189
127641350
541291819
87732724
16933279
37541145
338880142
537760950
17809241
242433840
14091750
26435071
308899694
459224563
465296845
459224759
478098371
100620126
459217692
478099658
459221554
465296347
532982837
22745342
27633606
512154465
512551849
95273012
523068108
413194071
358354163
20705868
245114229
524544703
356814372
115657805
36131454
99932184
344131354
316357556
323284201
119826816
139953354
454350648
55584171
20635115
287327290
17194090
441250650
488657782
376048512
470416337
282717311
501864152
312348343
401516821
357040097
508219152
424820241
41805357
343150136
507749328
254428884
43282877
328855505
298170062
459558201
50776054
46670901
388328034
422920738
24174295
89695964
50665391
497952315
100235709
489188730
452484544
16271902
494629779
494920351
366155902
446737549
23643724
423789161
365570769
16605116
146871854
451126644
133313590
232666911
474543981
23732236
18262104
107930967
121408781
242809902
93613413
193626134
484478716
218964638
85443662
11394542
478611317
293280887
332887574
476064568
454941730
431686334
72127679
16965547
10989152
58853343
458107989
441190458
420377533
18724232
463181295
296890153
168955264
384582881
447442475
55629146
174843499
428400061
54589363
15859033
34136248
14589866
224609845
15895251
377631270
455116038
352820706
437871367
18292479
459422324
113101599
40826256
243134297
39298267
20025850
241208166
288408661
19009318
14988296
58229033
441943417
35813597
37936484
452386967
155259112
14953532
42923372
268815203
42364349
17387247
259267049
206400565
346151348
277135559
390521637
291849321
9493542
285681251
435956529
15276841
49506479
84591639
382663547
268541634
17542265
256271629
110961866
18452605
14613859
57360443
134973016
364585577
181449137
278642309
76721467
317843145
86813770
155558014
306989124
202283280
243658875
289772609
353529688
46358722
36737269
258827285
27359972
392383628
37786188
404972507
380787625
412592242
16630083
8270332
33433257
222665083
38703581
77021598
223722543
388916024
297443847
384904654
405427079
361238217
408634310
408184735
385130426
323115596
48819973
386719522
109164425
193515866
406006724
396012837
404487550
5848362
34482418
290114440
189320783
99142735
390797538
20922875
19158370
24306534
276080952
394837603
378020731
398754893
381653682
180160760
32062804
22299240
15887497
381619798
278396650
354630015
213735307
370028382
39697009
358741333
214675085
7251472
97334092
258050016
289385640
106539595
25729661
19470947
384158244
304457365
233997777
80414286
21880525
325644574
14517373
361844442
158042890
270983099
289494464
24781171
314894210
270913633
372960209
197901148
22275789
352226884
45990589
52770751
110739746
288303744
87608257
258605206
357146719
305832665
361152417
210631738
339741594
14500534
341910374
62315837
359025399
366631406
20828555
297106007
133226999
366085168
17421827
361963717
361365912
354632335
340552341
344288847
312029599
158589236
28360280
112034865
292946919
73185086
90566751
290654907
144092570
40350866
217451219
71508775
28562314
253221193
123098079
250203117
352804599
28704177
351745358
334116345
344293754
346191049
67578950
344278963
14665845
151574328
15279465
103821657
19859768
250962143
126636661
57391528
109003244
102083458
14083276
36357830
133710837
14563449
84617554
290085437
16854164
40746203
16116519
20865979
1742701
333084133
75928603
42913551
88961864
339276903
46544777
8309282
73183534
176845219
113359380
14267832
173340973
160929070
14120860
134293012
48090378
15361931
333015231
116484766
11801852
332151346
14960215
289851280
58918462
251758714
170039453
16172327
188999701
330147129
280192329
327032605
17123836
322689511
88581667
48000849
290298483
266764385
16745935
235153999
235153860
235155543
14438198
320305276
189659678
324014772
303991965
16485122
15792511
322012171
306388787
33174401
304510616
87493971
59417357
20102364
159099962
246055807
296619467
301460184
65120256
49506820
262066175
146064333
277271097
311898771
28391880
278052503
17353076
250308651
75362308
23237830
170932456
233358828
306133088
294070019
35155595
117317083
174454158
141829991
32410378
67164452
46664359
22994470
88826066
16058986
18208763
37723843
148186963
14116650
285670262
97901964
216593056
11637332
142937787
40279667
37705193
61965854
161551293
238822408
236178854
247809239
133820213
37319481
38895013
53911602
161025692
31081562
95009465
36658966
15853347
287986250
17313045
199059710
107757640
54998393
11279582
252246268
276976114
276228167
248770692
146469708
243156977
142533079
144891125
211717944
220229148
27818395
235527746
267808202
226192849
255418899
201901645
109611471
29732088
135130286
116833234
45921041
40282219
166751703
32525795
26012525
258676536
199832439
243905668
255064903
17163536
22773470
224694902
167951580
103067027
117791931
163456116
211535576
211534915
242468099
245447208
224286611
244184972
24718943
214754889
52275470
194624921
42383845
250435330
223515146
43926639
184063011
25776543
246089085
14511234
156295441
245852732
19989479
245674757
51324066
35038857
122177942
97768783
102684940
21976342
17027836
228904159
243539178
231206334
16363757
242856980
216120282
121462160
134528794
234438385
222654667
237618028
126369196
198465766
204715500
98848668
55703572
36308294
35297138
237113002
166689972
238611613
34907048
238517009
237310483
25897505
48546597
184529353
160932452
103728431
46913532
19041145
91166976
26435840
208166401
169801288
25728193
181466959
79241648
26190897
127923544
174588595
27939202
107525395
30132224
155698735
18522234
214172784
78046239
83676464
20875647
198378135
133474481
26778563
102115740
18507199
57402854
218593761
125393364
49116146
131157231
151041862
90801295
166584208
117512860
55003939
165178659
41362304
13938522
51957857
134930804
41031035
9598212
61118465
27523651
22965995
172244796
221188086
95531683
220984967
101077001
73310442
219553100
78979787
18504867
66092346
217155251
17513981
25902307
123263650
14524244
17562068
208297851
19401714
22518425
17814366
27821983
80521212
26385846
17567533
76443563
25718274
21525846
204815024
34537082
5618162
114947292
21247280
190684722
194864597
111514652
11149582
58820180
186886963
15960540
109287693
131324760
185684268
182440170
121446073
14164328
59103901
166653118
102456700
27555581
119043314
28350357
74487919
89802173
161007666
179539912
157813580
177684752
83893974
15551812
15607632
14056476
22671716
16518494
177390539
50306155
169113593
131250021
174340450
28621968
21721657
25997889
139173680
142629481
76333569
25397261
151100368
55290296
18038914
75794540
107939119
97546960
108391366
79344520
58791339
91252268
19752092
129941963
43865033
17593700
34902379
113390411
106183061
16738787
18034533
17316606
112682264
20930505
17021120
113643881
60935270
60189087
108968092
17675543
19613406
76246319
44164399
40868243
64225332
51581950
14675205
31433420
67748167
16455137
81698867
36997518
20696759
43505367
48325149
95273513
99685154
24232840
7812882
38742528
52106931
28009658
21242518
94499706
92161009
15864679
44419804
73135424
12014132
89038428
85883000
33871117
28443212
18333506
14212033
18853723
45906466
63354451
16788288
14309481
81353698
16128482
1317
65523737
79671372
18501320
66688248
63981997
61761283
52763107
55206601
57318865
17123884
13674442
53278577
40243267
50648075
16804680
49940466
28690184
31835879
47314036
17108182
16150091
34607137
17181265
19596228
12521702
28487033
11274452
40106722
9689662
39665519
28656326
32129645
31642279
22091213
12039032
19342001
14914613
24857277
15347337
25398249
24535391
18181895
21876836
18151975
749113
18787798
18844554
18771012
15294960
14307686
9548232
17233677
17145049
16616132
15504885
12673632
9701092
15486100
15512782
15488026
15201265
15189464
9432632
2113321
5659102
6125082
11162812
2102351
14564089
14511197
