17749430
477037889
3224721328
3271759106
3271758314
3227622284
3288844876
2302348642
3097703141
211199327
520921872
610547449
3138301718
16273144
2427458814
402630155
2984064155
19186687
9548232
1598846257
2974015337
1322078797
2850444275
2349029478
2799333908
20683724
24064641
18307952
18308908
2570279278
2801128958
394102633
2512746356
362024915
430551864
2398172786
2641995779
30463299
1541522167
21450130
19208087
278399131
517168380
15274686
2307637380
1284950995
2170774772
23208293
33686822
17456140
1482947851
153551571
1434600350
552779252
1302601393
15025059
260361653
87340865
1078539672
258000785
372033587
407043981
7159522
470365269
892702184
440622422
30383814
145334624
596228755
760074511
603698235
19363570
634580263
625997797
635845996
199546681
27534660
21916623
17122848
308995701
76552579
170016558
276822766
384542197
430976274
269320843
338880142
506897323
426011436
24809136
477130888
27928804
446737549
454078855
400265057
443013220
241236624
202283280
380720311
394837603
240332911
164556401
95971065
158042890
371075600
109164425
360624579
40350866
171168202
15605342
18708066
166370440
315624294
60366537
164444085
325568204
344416241
201600964
27702107
344196530
242816861
25373949
286200113
332417429
222783312
23135992
24086519
27290606
318482023
15878020
180025503
270928728
324828721
322012171
312156458
279099980
94189345
100000760
109003244
197962366
289622937
272345996
213396084
45921041
287986250
778661
243156977
20248215
281542561
276976114
201373541
163497338
250138269
121283444
267002310
267808202
246868248
15867580
23506185
184809529
16099189
162830368
48429827
18587662
21656717
38601986
29040062
14320910
26520477
218767442
59417357
104598299
91485833
63891225
245499024
223213299
222040704
216120282
222904710
223533797
34272555
230966009
224324464
206631082
159841354
50391329
17567609
14949454
218834925
217144412
24828297
216350064
52560981
201819265
24266551
198050782
215186282
214195047
210307419
25415355
14408886
10329052
196415124
12144232
201432934
204929884
27961877
194852497
40955703
41923186
19022410
136320672
17181265
182440170
180251847
69586607
64029632
95531683
165955861
15274836
184057004
35711979
14726031
171876552
68134659
110526023
6469572
121900334
177806230
17001456
32520787
35026109
177684752
51034077
39377814
109667388
17513981
176274155
17375341
95481928
108427629
48834856
83517996
168687372
105050980
104144056
104226009
122991153
104982722
32062804
108711793
109745552
109756984
109800136
40218214
169222119
156329639
84527825
18348379
160962446
65518006
134591973
18466925
16930716
130783020
40970256
105860280
144233066
127875820
44389983
76333569
151100368
80467503
150076701
148859726
5526292
55290296
78901534
128931574
23177645
26785726
137703407
105728658
110488742
136001366
19329324
99464333
108519121
32720311
107303450
87789369
113713978
124540955
32574302
120391877
43109883
123635796
17008328
87802331
126288193
17194090
126240203
123359473
40750901
62810126
28288813
72886657
107000308
82904295
16313373
87724412
43639875
44092291
21875936
113123343
87623620
33244715
22671716
18323314
25707034
112682264
26188591
113922273
100220806
68401571
109348426
49131618
44292587
102079081
88828273
92516695
87869965
21227720
99833771
100009184
109070809
66740869
85502078
22060986
19406070
82892648
107744886
102819900
17103744
103040620
108176922
44164399
98427453
103058867
103057708
103044268
103043484
103042107
99742444
103041614
103041114
55634377
103039345
103023746
103023317
103022812
103022269
17485864
103021562
103021016
103020162
103930031
68766990
14553089
28359242
18025919
31433420
97922179
33943843
14424227
48326068
16455137
15628274
89541389
17122755
17418731
23369788
7336462
20331332
45402934
42151509
51724672
82597094
100628318
32152579
99173082
18849579
98767417
14518714
21055798
20100396
88674828
33677503
20457806
17375852
87308298
53067214
52847318
87719240
20833797
16044960
38744182
10305322
64886660
46705557
8527372
20420978
17545909
16002374
27156169
3177531
87288130
91203637
56815175
30230172
80095136
73135424
89038428
85883000
16357478
18333506
18692858
74109836
84782377
87220189
14772700
87060031
13485352
27213383
6123762
23437049
71049870
59199379
14819061
85323622
69265037
81507517
30483792
82732040
18642874
80549575
15285352
65540990
81547295
77779874
66567842
53240896
80880648
36162240
33678086
35032978
69484643
22948883
78719388
37126918
56417618
36631657
16069119
52106931
26672548
64361321
63552808
20187478
23453489
70518633
74796619
76249342
24241617
24899874
72964481
36581935
15882988
69215564
16697018
10048262
25393674
40396249
14216754
9860232
36879795
52552998
22698036
18620441
69119050
9749282
69959490
14516922
21086026
19927928
60010314
19041958
38095387
67526099
16728976
16112983
66499705
43449583
26079630
63602649
34315867
63531649
63533499
63540017
48351648
63737662
14575409
31012538
19498203
57085837
19422728
53084114
38865415
17498138
44039531
62204032
38843284
62213512
62047439
23806662
60135617
39850054
16670549
26288431
27336391
17670138
57571033
43347964
34904414
55220904
17386459
58359838
22092623
17123884
19137213
24965771
42481098
24601239
46743975
3537731
27557633
50808095
19890088
29508215
53028270
14167429
53827000
53824344
46354831
14803701
11274452
18478452
51836306
51787597
16661519
14398700
23731090
46531079
9406902
39912153
44795306
21832608
28237124
45346598
39047380
33823550
17591905
20995676
37689761
41128611
14083276
28022064
40320604
14314467
32884240
36595206
33945466
20365518
9154182
30229189
15169828
24327286
19990387
33567429
36125948
36849181
28343947
29986219
32707888
33308724
15032268
24331996
31599958
32918245
31328601
25328020
27863969
18467164
25894663
18003040
21877876
15930752
16941948
26576782
20464537
24771756
13823412
18864393
24702282
14851008
18802640
18806270
20807831
20469752
8206922
21528296
22539233
14181374
17375661
20544405
14669398
22008257
17437050
20703914
21694316
20830163
20581697
21052486
17437735
18622708
20866625
14675205
20654705
20013610
18424176
20122074
20455738
18739442
19768704
19384141
15353711
16263762
15815072
13742012
16534463
15554956
18071286
19841583
17432932
18131401
14552421
18997675
17777344
19308138
16579289
18704683
18193921
18034533
18953372
15603709
18543276
12014132
17885796
14070890
16572515
16603134
14670999
19155772
18132287
15269276
15050972
15434757
18377230
16708128
19090862
14839722
15576630
17663756
18737508
14242185
19070508
18987938
18418936
17588449
18853572
15527188
18847183
16636176
16518494
16480335
15731049
18752647
15813846
14303620
16022682
15142258
15592692
14248898
8997532
14447274
17639021
15792511
15465041
18323765
15206931
15584776
16550599
16530867
17023358
15235281
18355938
16501845
15276841
17866453
17651372
14310062
16151805
54378436
59481779
54601825
2212836812
3023261823
3279587192
3237158649
3264015924
3352337865
73995257
3332023031
3007897414
2451635839
121516603
175425835
566740572
143110790
3335623605
3016222710
3328633852
147607088
402095437
1960016178
3225697788
1933042237
112272498
95061404
2961374350
1102651428
1851500922
2436525548
2723258498
2733737365
2721929528
2436561288
2595789614
3253079698
1855481604
154145521
1463411952
1450321135
15641893
21170191
116805730
14246001
3213863013
3177276170
2734042714
566697200
3128960997
16942907
66763662
1535401213
3153351022
263326600
3072703487
16330619
880429982
136082478
488057246
36388567
81392368
323353266
2452187858
47780344
331244760
745659416
3054392588
93327914
108748238
250337174
564000560
2233017210
402441762
2996462212
18850423
118771765
879161563
864803706
1046677405
1125733885
1422618962
129973831
149927425
1340697152
107778564
154937928
143693845
41881732
3010771342
306614863
2943403276
17757005
30097059
2561582418
369434763
561699096
3018052858
989187096
1114901232
62929128
2830182754
1413289950
2496783373
2480370727
2414283490
28121186
2740992374
179965584
2804705732
2996357704
2312137959
52545554
52524046
2499198528
2480425352
66585739
2402065152
2496862974
2480444496
2548761610
1111625870
2884050655
205970548
2786939583
228820870
134753128
2806334667
363919908
112576288
2797771725
174041812
378269348
2192451438
1383944588
73169978
2991053781
1543515703
2895227601
2983603536
213262175
81202001
2976795765
494346771
2347755017
332598424
62552452
1474664347
1612900908
2411621725
759438098
620479457
2941549306
2147648007
552335227
2362094433
2792621083
2937507899
2371169329
963052604
2657251688
262943139
418897177
236864477
31165512
2899873515
2794176512
59815556
2891273794
2876011751
29494708
239542602
41423748
152291117
129961075
2590655722
2890337174
2830477240
203598542
2878867254
26458109
176912959
113341367
243722016
135873748
770106024
41019000
1358488375
267852066
2827359718
2613767366
103612323
49706321
2793843639
2800225396
309273424
1276651291
234976650
2793082799
2789697287
2781135489
234528517
2799333908
2558292036
117088804
2822750581
2656805551
80428745
79063638
112021737
325089737
111973351
17042821
2559425212
2804356790
1355852857
2770135830
1451719902
1142065412
1381482930
1402294140
2796947180
2796860396
38671770
974925061
156137371
93652520
2785299373
307672022
316476860
1968575304
131507649
109758616
358315572
567646102
2590367546
16370010
47044464
933101473
277231749
2376619710
1410990606
287246328
59935379
66184151
154404839
810912260
2537155533
46903442
2647320090
505524387
2356357356
369109795
2333976643
73575917
1865512896
1620449059
2288665994
230542592
1252826365
2411495790
1045298906
2416679919
19769375
113418637
18618367
1390402712
68792639
52256302
1507293175
182162374
2594023182
2653856013
512377114
2557725740
176857634
385746579
28047609
1595957946
158835485
122689452
250859080
14768295
187394841
27457402
14091593
2488516934
2456514956
1151971200
22859006
32107066
2611451459
87513380
2602646235
1177081176
338040034
69392901
165281487
2526311171
135473849
75143076
2534889078
2492270102
2521016180
2518784222
2560716094
45139339
399915215
36664943
39639130
902848860
294174949
2349790199
340677977
62558322
371491945
74865590
2485871714
2431455447
203250732
598601809
581517417
85825830
73904630
179387451
2441646151
2396097708
104494542
348698228
54061059
450632806
330002034
1325371915
16938366
62440334
2511629194
139159729
108438835
134809695
1384697917
95912348
141931608
70432328
56423578
2343934469
54647745
157151523
37913731
1354709318
31231597
2494101933
2451113341
75816289
149912774
115523513
406434799
51572997
2364317132
113545549
2392670213
307634162
451760567
2334646630
64933777
544711052
1365558462
574814885
157196417
33856861
1641386084
164011139
83981182
197605228
422823524
296760345
2350525322
249954760
21167110
2387854537
815761388
304688402
2222077345
62815301
160318688
182598739
154754040
1265534599
47850279
349344373
115138550
2434372368
1361731087
613701715
55060453
331220822
2313074032
1247701237
272532934
210620642
104209007
1471006700
2479423491
347360952
378071962
90749673
1975271468
270730602
68590892
60093616
138955727
1279541413
1534042778
2355494959
2418470617
187424915
115494777
35735431
33320463
340876219
259989105
2298234364
1199056662
58367356
143928298
1183651327
107154188
72123174
128607783
131998180
1083873746
195029154
136444929
753576847
142059188
2351846176
201364819
58466948
128946096
109167925
1639168074
52843232
776316668
120488352
66244590
143863594
1400859842
549613134
52045517
84748073
1860376105
621552995
306579580
132354467
1636994797
288948891
115308684
1459548494
621176571
447084562
344745568
883379558
323833160
42403012
2244858052
703244830
520996863
385514215
153399583
84279597
1629151724
1908885674
107559319
2355122142
152231954
113685880
148159548
150029827
50720031
2342033039
1313679709
85226935
2422988558
333432960
56500951
125545423
77564337
1263522980
105875811
108416594
36290293
167937973
253812075
1340713027
549368791
177002568
411669984
129896184
284889528
2413785214
490895257
113543920
158953426
132676280
132606124
2358945632
1104379934
1170380540
128337350
253093346
511220240
149352014
249344943
20845193
1349960425
147305879
2325869034
2342343473
68469470
74343561
2377453668
2477788713
1048581710
85986360
108140100
135188635
79618733
66451400
1098747500
832174464
2438738672
872676229
2375784900
82220272
421522900
138006123
230899566
1228857925
360204660
56759305
75075245
731515610
122266772
105832599
609183221
111337398
855129138
107133467
521751599
147670998
2360374399
2226992725
2436227775
824518472
107534340
2374732538
182453256
933574212
55266732
625270128
196353255
2422781008
149697157
2232030432
1048327124
2412750147
2372415330
809070085
47151487
184170995
108476904
267870825
2398447948
1381051268
52545313
52145014
278399131
37643859
2334850927
2386353748
109605479
138850147
111355417
247329909
1189828490
796929013
118459712
131723481
1442602356
115154144
177020555
51301896
149644532
52273027
132288038
49726340
1556815776
108092724
61613311
87463133
408790353
131227209
593808241
112310527
145030660
93021647
2380030684
2377708318
107770766
1402444746
583662232
24845028
141640315
132955050
265669148
2352022362
2358490334
131827104
2327973504
53261722
1365129792
1244825730
1479821431
2353951946
67037166
49658852
498294444
747913968
1954546772
116032639
274898282
114047622
2348647813
198166233
2343966476
2341058455
596866486
261522960
39058252
1009383674
568422337
104278376
263275116
46240031
2318210072
264499174
2317353392
114813592
201553251
142049470
448177517
1594600165
709514330
40892059
1280077050
2302199762
2225449470
2278844864
280890684
16402022
32241425
1284950995
83499580
50035868
2203327741
180991958
1901280721
195052690
231051789
116599988
381515624
1374796928
2266575378
2269368644
2266385958
73364121
468670910
231586459
2204104708
65796655
2246372894
2210788056
275471220
138485304
115235455
2206526189
53419585
1658601992
91863596
987327937
43541415
2210660294
135329285
179949758
972543565
1016425069
1000699344
730768188
145669319
193477525
2174959113
110196972
2182227788
277096695
1170556998
2163324230
70508329
364385156
1321406736
162228687
2167511792
1449940434
1952855581
72917234
2155780498
225429274
1735790100
285830854
42534008
49535791
303394077
1884322674
138826189
707107396
1868698405
154199599
158379632
423513288
186864041
291738315
379455133
115107392
340586394
372436446
155132109
213780199
200658627
73297279
1536736076
23398213
1686864738
49848438
14638561
527597441
1714632080
1713612456
50456322
1698052506
1641513756
132758526
1653215700
12511062
1349712380
210299614
332326467
69911954
20164296
1672120242
63847576
279881437
334854889
1242594955
193725016
137844906
191276514
294394298
1358407556
156368718
1406196595
380432336
789605646
190421281
218423826
437678749
743038039
901907479
53019185
612679784
1263395624
16265237
104976174
202908927
2241221
51816211
327785295
68238347
1539368076
135614081
1293336072
858144038
75327959
142548637
189533263
477084298
51193501
1486505023
215982887
1576331520
415908457
132893646
150782891
189526949
87500545
57279591
38614141
53268566
101248107
84700154
403549574
159621418
364352978
196644599
78761153
1395919573
796899602
46369563
1485580345
1269944474
1534389139
1532664570
143240354
1428845606
47351876
1510962518
1482947851
20057933
233648724
990014952
111790920
1475507143
430238818
195503871
134926687
547117203
1166197308
721153550
90768683
1001833531
62911461
65687881
1184064804
46385540
115556311
1441822148
90777406
605911333
1359967820
496298259
118261215
183028168
122734599
1177105862
55222935
230535317
202262726
820565382
139513142
1123728482
1447156578
340958200
406040806
141782485
313529745
49190580
1213012188
192597205
102390051
205910018
110311372
1395198463
300071407
1388408954
212061224
316790694
517724513
138896405
157657502
440240932
22105630
216359140
53559189
49698267
623880140
144896401
62556244
151924679
139769681
568550309
1302601393
106851706
152326371
1317369157
1344763410
67308806
75002416
21859018
61370356
77870972
293177852
89363258
932861251
1359934566
244303602
52002599
81515138
121167408
116913362
293352348
1336050384
1281280819
1107888008
240455227
46942161
1214880786
90032503
260361653
1260717348
327557785
729078931
434402600
1317574866
36198290
175257650
531843415
141209597
449218138
230956694
115170696
134814802
392156430
114016481
113482177
36574395
313318709
395522731
308134441
1020567596
296027872
579374081
246014345
87340865
1268461668
210885293
706361822
706359721
95074300
1262529554
1022297629
631471400
149288230
182689182
234937017
49341690
897636840
237564977
224455299
62869860
330749200
868788434
608792322
293715993
106536243
435833288
14927473
160259243
133558148
844768579
289952459
184063899
1140516744
432717291
115945502
375506951
45804430
159099962
426730996
247023594
1173307896
316219883
582293462
1004154464
39170683
567326384
52543677
64931941
581479783
499405540
198918163
98871720
36448609
999982508
574275369
112848318
43472145
146487152
42290460
486945049
237780262
210751463
36365675
116771898
123653288
452494038
231482612
160787770
14579415
1086401538
486695835
104847341
166786666
460594467
1059242996
820778191
779005748
103216010
942474738
49344223
110962070
17651392
113417695
579870842
564282505
102566388
1016513768
138734835
195614910
94916063
382139284
100363217
40471178
45030768
130233241
70525305
169711465
973136179
136835698
264804177
44214776
278096906
289629089
955847570
577588289
281595227
53957465
140919460
326158694
837730459
588840269
701067930
523976478
15912508
82119711
889984806
33490528
153413324
492622910
98250493
91245086
123970411
261733888
601805252
24725386
40473052
542921430
898623169
245147252
129314654
180012592
77814167
440622422
259052371
292364924
143126360
861628476
265989758
73166268
809729275
325245567
222533153
842245886
254679902
348808712
118814468
39611825
304291870
824320652
714924710
599967281
246108683
147682313
834777288
3725701
194420379
16329428
52705846
27188645
452251478
840501534
112581479
264930243
234987424
108810448
136369596
169715406
187328158
47840922
323452527
725532984
359687274
87746841
33265414
198500586
522462932
279256193
361628609
108048745
54143577
345039699
309869413
152468842
82664640
798690372
211196726
140984447
480854127
473010751
330557212
294312495
18294521
772067018
116927177
79295670
66411074
242800824
80931384
250334170
60370336
256990658
116301185
41363380
720946356
262333458
134985446
461508589
761608518
369292544
591165415
49875537
184263485
49814212
116771897
330528068
97742645
115275712
725355852
609274893
466069152
335966915
162099189
542844913
624482967
72918202
94376903
71723648
179000475
627044538
108341183
298116227
635845996
169681183
703968643
473079049
384577818
119883166
340576626
129813820
17882897
89081091
134632432
465656074
70399681
544676086
212225142
108662963
50665020
117266077
162126105
347032030
190357806
62240725
625805801
620411780
234028984
548217960
240444188
110855771
59169087
19749897
258171123
485350336
102572354
618626966
348480242
615774381
71371047
89339258
607969370
178499985
399463606
118455988
77771788
568713645
137900948
192651266
96043218
412632068
75873719
265317567
609271745
556792889
251361047
46494352
313617049
64930683
399816555
228871616
380965551
51277090
318782177
308995701
190747248
139479826
75085371
491650247
395292251
586492381
254106507
441158213
465141612
582415006
199331393
114083825
580604659
526535717
93829815
52563677
163220281
186690705
430976274
110833650
64213984
213907074
45847750
195590293
572144951
44213646
110603500
469882716
249447518
94223913
110240271
139261596
308039962
37479011
396318258
162615350
401492252
265814733
20716758
414041530
314789529
552764719
395109641
255563504
342128042
157019751
509180239
558943207
211304616
52403740
106406034
542195442
305713075
295997611
559785768
559223740
48177668
129235367
183758951
157422677
257200801
201075130
402867640
114889260
111781291
551662909
132289079
554060010
412589395
24424824
546050178
541320269
325889538
396709129
212317690
89126178
205064014
426868507
281214027
73900783
139601981
14452745
367293028
172498669
516174397
99747344
401536115
340073376
239861730
82526759
340503552
46423562
64985985
112906946
363922971
285146897
175834349
147405034
172856690
544536360
70815501
430424630
458997940
137684365
126013251
56932215
338880142
528013579
105648636
321525308
469801169
132875541
184146897
115514296
144870406
259539285
39358140
393483793
255681645
196971081
204638970
524951017
408757193
518054036
491472333
394711710
478621214
387199770
47511899
396039023
460097128
425321960
507998091
67090817
139296572
33592684
462283461
455955768
150671523
18801766
40686653
56561869
133848920
499472576
115543482
494578894
482601967
491750061
452484544
473367715
435285197
116848530
423835500
78123355
114786614
59194802
210647897
432810284
175153015
333134512
181727221
449367927
470087339
34996269
141728351
427926476
460622870
128673363
454360940
38165538
475124679
41261898
422692805
255129992
181961631
256357932
461360074
191347858
85570178
363865670
305805945
351947300
260715534
164350446
78020404
88493759
92030077
141661821
65695365
402933817
370864486
24663490
62718562
462219824
426914950
42726278
278583434
59481097
122231174
379108147
64292864
246481661
328657396
86547566
361768783
219815946
265181934
174904929
242971199
415257671
462084755
184515423
72858965
88780532
126788846
29010346
391241545
81239740
360224884
368579180
22514972
131074305
454078855
136309947
129343477
233524397
122193333
43591729
51266095
315913415
318734175
70439903
138106999
225764325
355542791
428305914
440982060
184833667
384564987
49688655
254428884
51288815
299411481
348348929
128108419
42296891
176592903
239615883
147731239
214918883
228553919
158178462
244672881
49028002
51025025
78623960
324018369
242576280
206341665
225164700
81727572
133725575
362806513
437798818
303350630
255642184
73375103
414351509
430146207
51046245
432952746
104609586
133816291
48419787
400278566
20524416
202283280
386729030
386726594
386726233
183022206
14335435
154627250
367245025
24242423
204471493
261284359
118118308
349053064
355529275
50532383
307565704
385130426
114753514
361368616
386719522
109164425
193515866
203828699
150048314
106531005
378944404
358096106
109266497
92152046
128319043
65991376
235309337
73195410
279584182
124855884
148563900
302686796
394837603
5511752
69376167
387585707
289385640
103446596
78806901
189536773
258846110
222617290
44915281
242438154
252233089
146948884
31207463
16288081
15063588
23022687
71966173
17481017
16815544
382111963
156819874
385292279
285794970
54929798
123723214
76505560
115975587
56750068
50904190
224026223
161735855
35303295
370278306
336631404
377404416
28369611
28610578
381493269
117147872
278250251
56705609
369322197
158042890
56563164
143937395
52515422
279130132
73932548
209227161
37327020
18820854
165154109
374488361
101241965
106595520
72925024
260920303
41008659
93975604
22439449
180535279
192614444
63124010
115773737
372741917
370365451
348243783
18583059
152810434
19694835
77798383
189559297
238778084
286374165
25415891
109593426
181465848
17116426
245184925
109406224
123375355
295741544
119147825
291389232
67112014
234739813
115543662
199938608
109590029
147224862
177670845
312596982
205380810
178764140
77049509
98906231
216101274
65532700
147930709
93692432
244128508
48367296
142413360
362161956
345760018
112711826
33909835
78111550
336755630
82106432
222844440
359221406
313522141
161576333
273986532
360825020
28360280
69662728
107294751
109048723
52875372
155607454
175699377
342799925
119428795
335636428
326411268
237953627
338632451
102698011
59531850
179261852
25527777
39329906
328005909
80085053
335386743
179962013
178572510
108666536
85740870
112320664
83489158
134577983
143471339
138865284
220546571
69769830
91655415
331145745
78883324
164055962
313172218
307865953
68749207
176908848
317109061
313381586
141915850
162038363
19269183
253348079
310530391
289810654
286074474
14585013
130850086
52571599
178420650
53128289
38895013
102446021
21895466
142737563
261358026
286486534
279570597
281737068
277117859
75340179
273028242
51471083
257599343
47622510
268460047
128025883
264358096
36565376
121826188
48809111
44192365
42398318
199351415
35021616
206002873
257514357
118909125
242885959
256622987
255956760
255568519
254745802
255085858
254813717
246602364
207660820
108945560
108182470
156239812
14469246
240821215
232462253
237157015
237931725
188936621
237508990
233276654
17885796
233115905
124346635
235809494
14282672
234202417
233383915
16358112
124411752
68704914
154211299
173846371
142900185
59878758
146688251
216476728
37314330
16896699
22794922
14128358
211531089
79798527
17301914
56927062
209524294
87588982
211192904
34748247
106103385
62073316
69324183
116605668
71496463
30095152
104357559
112920898
71411092
60417138
82185400
33625857
78757106
195514693
194289191
182838470
185295206
186516740
78151977
44024225
69527804
190124283
179683550
25154620
114246518
151672825
18791763
58270469
19341895
142344993
184838248
184624368
121774745
86866413
176091439
57454601
183016028
67530129
35791942
33062812
108300744
106895367
131012327
88088371
17414051
171510628
110092127
95727695
89631727
62208151
76456821
172164266
37718806
122667132
90188531
153906601
80402906
37938912
110629337
28277318
85728861
38095086
99558464
157212002
138637462
153412486
56892442
151908815
71112822
86633853
34976385
122792552
142281759
20956390
53478811
140146123
129941085
63235178
103988048
86610556
132629901
39850054
121546725
99803538
111995094
126214259
109361634
110821703
107218823
102636239
67114930
122874080
84424898
68747354
55251840
15235475
61892076
122879755
65101538
107745212
14739486
6015212
111629921
88132040
45407816
19715037
19468364
21003229
110770566
88811455
44996156
21346576
111348610
15147250
16539108
15161281
60599750
25224697
17469131
83474923
78975857
48825738
82012769
99340722
15667205
97294679
70417852
98774047
78993812
60658975
60501650
58688197
82398055
42576790
21745277
62551766
94258821
81916542
76544786
60980374
61326460
77063525
31493826
18029498
92835707
17545536
68257695
14114420
45273663
19735514
88823035
68384454
73882727
11851742
18172753
86295271
71637029
78705489
20632878
85487501
18414639
71864323
59920406
81769521
48800532
84405145
31591353
49299955
35840833
29818509
31134366
24199570
23050100
20515090
12881822
17553649
52603172
44025661
40072525
30372442
23844016
17639628
38194364
48148553
78723114
78388875
76197581
78116316
78687275
46043586
17451686
61061966
45319923
71165961
44815900
25382962
73280694
51892683
74899855
68164526
32752238
48230316
54652692
50871831
43556178
23151108
18322630
43469262
48857754
16272592
50469589
41449292
14640404
15772781
58780652
64745028
53586234
42791176
42960779
14119371
27366067
30949408
15089174
25683929
59904511
21965086
41442900
17767500
19474876
38048560
41954931
28858181
21473429
13605232
60119889
54973156
58825798
58054454
37405511
40468522
58135782
54928881
56346476
15729760
26159255
53766619
57374731
57325090
57246599
57203719
3291901
56633453
47613086
54610317
55946881
55926484
53778621
55649078
15745368
31570840
54271599
54777083
10458222
54759249
38616143
16222125
27570589
51273745
25437250
54399980
54422474
54311047
54408069
40188182
54387149
18344031
2350451402
32492934
3267171013
769914217
730917560
245841182
1258267627
499233956
49870351
3267130730
1380226710
3019324184
2228185261
2740658246
879161563
2253658700
111152820
365662159
94230373
313297489
1452651577
55881988
240661193
2485543261
2784137837
2432388949
2422437482
2867455422
369626320
1271338237
80080594
2414981876
3224482008
3191735420
3246251185
558077720
16241602
53056474
1084974366
1489185156
274213788
3288844876
3182140190
3242411519
60146914
1309897074
47334249
156586826
2902224300
485814720
880872908
2874891963
3111838087
1878987517
1653121567
2427458814
3072811060
3028976926
402630155
3025829333
799140294
9548232
2434651574
2382853022
2824352319
2865642503
17470299
260112255
2689232011
2396098754
2818979302
2815982332
2510546275
2799333908
799383631
229502341
1210398392
99950248
238273736
2500111302
2720943457
2724172933
2315376242
2706643412
1062707389
326216596
633075336
21904312
2667929628
2651076914
565836110
170016558
532317415
2406413630
28354414
2238658764
1668818875
2432748114
2230909717
2470395650
321278412
2460618559
431600010
2438894053
2353766251
2148940625
2409086168
430397718
2400337430
66227070
113923935
278399131
1589395507
236267752
1963439227
474299859
2329575560
271763640
409265465
2225449470
229723932
2243561983
47054857
144060367
38382175
1525342994
23641069
2194322851
2227537765
2198625983
2213168761
268251894
288323932
1173092833
2192534520
755005418
8663732
2155815123
2153896308
1103432432
1377757484
1068186608
24459597
22838021
1311578256
1305773816
1729533048
84896894
1893822912
1420739946
1531412886
243307603
277809825
213780199
18681198
1847349398
26312030
1613616301
71338321
237835041
1485580345
773814716
1379257662
1350170785
551160542
874271576
175652031
1399832143
28177070
23124441
1302601393
393873142
422011253
1107888008
80916556
260361653
533314870
1305902599
1329019032
1325245806
15824545
401005467
1002474271
28885999
701117936
281531515
23818689
451683817
144869411
226099860
407043981
74053822
1127341166
379488314
770052272
1083593850
370503031
141364586
219002188
1057827182
886065260
11637332
116226550
102754776
522596923
326158694
144023250
35833041
17165090
175886954
229346198
64115422
440622422
257640449
53687808
85211289
875052120
855689755
59086477
100277891
618778181
358035740
422146105
815960065
833588972
701957726
561149301
270296701
425253682
620400855
241228061
754389054
603698235
53969578
355126142
125512325
470391830
19564927
625997797
528066450
635845996
474165979
578421781
27754412
19673977
62858868
105809754
627612063
395545765
325428048
34634725
19280477
257945786
334849558
18151975
318947535
599407995
567541615
23347355
581367335
183081711
281273704
569302640
573535021
42235217
88893531
414541382
414041530
232949237
247881773
449872168
558761127
24978679
49634218
58265938
529624679
15912747
546050178
551669259
49115368
38130949
171301140
209090548
338880142
24598148
129346728
116940901
353260050
17972173
58924050
29460073
514454376
514288061
464651865
447802795
77516972
379958877
23798335
446737549
30961909
157534007
487252405
32509374
311376747
344172888
470440050
301301009
464178088
126795282
382177365
165819596
382141132
219476481
267873466
54588369
18730238
448838119
325553206
16656050
219242575
25362906
449516516
68127897
398725518
91885318
41950500
424385239
431118315
404857125
202283280
427842018
35770304
17782158
422701738
402992625
395505775
385328594
318532278
170075982
412818333
399675374
289385640
395191585
405427079
193639051
405323357
408299563
380842610
406774861
365034691
368105573
405837447
405647111
298939251
404955558
119073520
402049873
394837603
355373424
332396032
163525511
343309686
330354472
23326553
394628449
34912078
299714012
280963103
23861287
293506148
388827756
22275015
386999157
83746504
385864832
254906490
253286938
381998154
134850955
334749085
157329658
188225026
158042890
258916633
360752402
19772572
188789196
372419481
343926457
323006896
288303744
16743395
221075663
240871140
218975816
368174078
110629265
357048033
141110595
357146719
351273337
361733674
361711691
361370393
361295978
361193292
361115617
331604809
346530211
292946919
360054957
355532949
359896264
359421482
290356218
238865248
36076153
353058200
260256718
158691963
358121089
357519638
235877896
356767874
148004988
350122932
356986268
356811385
72870030
209548127
355379291
34355012
101127201
299793297
227221903
99647690
243176118
312320681
347835707
36030521
145098952
72814761
342066622
286290719
34085869
62281859
43880222
30360674
317053689
17934753
264498179
327030524
153658724
328489336
276847410
111280496
322012171
293923793
158157921
309053555
204072648
194864409
102898581
32593144
46564935
309103333
95366532
295351204
280623548
82821628
167439009
160251501
38895013
31081562
279231969
288944500
251374994
45921041
132260884
216626759
225829559
279150714
187688769
252890158
276976114
276228167
34223445
245593663
15672871
257184391
273536469
72042658
142533079
92281343
62412388
13063422
177684752
258676536
89444526
71429196
55488958
104906508
207667835
158420277
252211513
41789370
216120282
96704918
248230955
244991848
72180736
230627494
46515290
99586445
226184791
27301227
99349466
192236571
235014333
218215017
161744640
32788581
223210628
160962446
214703977
214990261
123263650
158943033
20210947
205770625
127503670
41250697
167249252
182884695
92312888
146598700
17747079
182440170
110596487
87989291
14935197
24447267
22808957
174083824
162790081
173659212
169974259
158678201
167605918
168117089
164993796
40894553
95906414
157492487
151100368
124879901
55290296
124595248
142766139
97546960
108391366
79344520
58932899
114469359
14581226
130412342
15118429
118868014
29215545
11274452
96346911
116063380
112682264
105758494
71754329
113643881
113163145
112135996
111334166
36371317
110607861
44164399
82906019
40868243
47302738
102660130
102052474
93648344
17897187
17803515
88416892
88746594
58791339
95264946
88049628
24308619
88589179
25090169
90730909
16564324
33296913
23799349
83196333
25390189
85604347
33622827
19043791
56424846
65053003
85544516
84137145
81762732
80359045
77314206
40319674
71490827
79669282
18311970
15862891
20038221
24954845
20149090
58881215
62741218
21166251
70974238
18103051
18665018
18260465
38372614
63094463
56803172
53475382
17897772
26549857
50808095
52431629
27595958
52448900
26640179
26933878
40084258
41103524
53142712
40052219
20872131
37020601
32302688
41771637
22852554
45262980
24925840
14849573
18944686
46897140
14738561
17133444
21001193
18952281
31000130
42558990
15032507
24755334
23994876
30146716
43647540
42395367
39130375
42160077
41319752
36572806
16074536
19400875
33514989
40031120
19769274
16070571
34669834
18098164
22207397
32520787
31195039
19775920
36000033
22625088
27170573
17276413
12039032
28165136
22171612
23669542
19446030
6358992
19615034
16223177
20544405
21344711
21321973
19752092
20013610
20105402
5536992
17233677
17639021
16534463
18787798
14589866
16903925
17746345
16300786
17343006
18781674
5848362
1940581
15936936
18359346
36284990
