968822166
94835832
3055174727
2831648124
3362485593
1095057402
3323021331
2731755497
1332629352
3241069012
40042798
57614347
3207911560
1106780149
798669313
294370556
2201600479
1878987517
1022000622
324035379
1285894362
3093348296
2262247973
232930740
2934945371
785361326
20834968
65105971
2931351099
2984616099
271150762
1490287856
2903789587
2970107553
2826750749
33683039
2956832075
20185890
2941339708
2931876748
232689396
365522898
781161697
30509952
2901388680
2567709224
318997305
22671157
142223869
46470300
2309879692
2431388547
306802578
2799333908
494174020
2469752184
1269481136
700425454
21281791
366567959
2685943182
76528713
16059102
2613068450
845823738
118986827
2478428851
1365530539
1525342994
2471588216
2500769226
2479659930
73157772
46993725
2172138695
1346649086
32801793
1735129622
2462272395
935995604
1899744990
287917216
278399131
133837346
2289260600
867211584
29092585
216860308
14832754
2291046318
453102810
581959656
2243691174
2254733328
387912931
537988476
2253056943
606627845
2155413626
2218597409
2236122277
1503538435
311346100
46751716
2165272518
1561561250
612474704
1962728137
716583927
753146401
21518227
1020576259
48971758
1890561170
1888110462
15793126
1565729149
613790734
199202043
45847408
782721504
20082281
1589308370
1718046907
1205980814
950117107
326022971
1414762855
1410293120
589594961
538410535
1457926962
339871709
460069748
241673157
61471187
24410214
561381238
906422624
153413877
1399668902
1172904198
220197327
1307288034
466104604
1117661114
1359551490
433229143
152617020
1336964748
42239302
50483609
408019473
488194570
593771357
1073641999
19968768
986584830
116916797
159956284
152055677
85943698
20785922
98114397
54278625
24745116
975361766
247244856
159081923
21514700
420667016
33307018
620955979
437061356
113938358
63474381
276472595
893963184
436518832
120757976
412299283
979344188
285065008
895260127
536270568
135937381
335110052
83810415
477904865
50431144
709340708
548578849
51213566
352242433
363575216
503718862
19999838
40664625
257639374
842410286
613773800
971736096
366871758
700587931
855130424
164907942
231862144
970325454
15923152
21337432
28621968
27359224
1531734655
940330327
3277374576
3277786394
3274881206
3369035253
930636098
3259588800
1102982563
1850202151
3358841338
67973977
98810791
90018007
3342964245
3086783734
3315551788
2890418875
3296199573
925037286
3343991446
2482896841
15367370
3343124926
3251163864
2934437450
2746683784
3249580274
1003031816
3326115676
130525572
3244218834
48057647
2848895020
3076495461
2402258671
322349354
710278115
304561341
532374319
248292515
504018069
3227691060
3227645670
274213788
310998639
1196702316
1609110702
279585613
1531007624
3197694224
144500241
3221630856
2164104036
3257442160
24645354
3288844876
2414761405
64224286
2602586354
3258312658
3254268352
2312494016
103716285
3044723941
352414533
88422576
3048203772
1717155416
3207808485
596417336
15005391
2528932105
17353001
410452647
2338034729
981051991
2588414496
381723196
3134545793
3162415380
3049948708
3110410541
1597295816
2916696717
3147396616
3150720959
3015982183
2840180656
400561173
369871221
2833075443
48663691
2202329118
3140121746
1401097459
3138402332
2995558826
480252737
3029557504
856681160
1225400328
27922157
24172445
2328823066
2883611342
3121836634
1177718582
385538393
54466163
1683527594
14912281
3044899955
3120265031
2902750371
232733392
2180700036
40940453
2811771166
268566082
44240009
2511714944
3102616781
558856151
531321149
42543611
1470809022
243782308
243246150
243237533
2707012405
2992489883
252674187
2863145908
3086848266
906277644
72901102
2937132736
2427458814
750728611
627837734
742827686
56285800
2854587984
27255017
423160284
48440168
98477435
3075001234
3042494049
812157236
397993662
3061584344
241818989
2878422639
3041105424
538317051
3060769735
2335384843
3045501722
849043386
89993075
2900958700
2345539646
3040588016
219483
953298062
2164929338
1319508271
1462798867
3031776978
1949070564
462893276
48716949
637208995
3041729368
1878987517
321582366
320080695
2995581440
2802721470
322810670
3015359710
189726177
18287690
442146243
323218407
1512754831
2730821875
2871828481
2866150536
2231298049
508892206
62742447
1262439871
2293513139
887905129
1406463926
247048158
66951419
2718458430
2967928463
2652425761
3002007982
32972784
212302405
2411495790
297090612
56366905
119412066
343772856
32680517
336750515
429044880
54769979
860675504
2810276618
259829612
1413388530
256921454
16260213
147759695
2967890555
2330831893
2314968740
2544864564
800718805
2432796816
60784269
1395220927
2279696407
492833134
15103554
98988882
435958880
38666878
50094643
47572415
21651982
289727547
94712225
2962792937
2677451
2916483622
347627434
2857009978
417230650
574528209
2453551267
24458758
1586542518
2193545296
1955132936
615809810
2954059858
1026342546
361519413
2895772741
32433025
14683100
461228493
2946242098
2169576386
89320209
82234377
344483286
594811968
2409647622
995800938
2363119399
606440048
2288860814
2940913672
316570102
312149882
402630155
219563635
79275961
315604399
2934182687
2844297739
1197989545
2514249890
2303766278
2917801614
1426054256
32302122
37003849
334159271
23119671
1711465597
2923530362
466666446
953869482
1532076745
184030124
2201464242
2896984472
402362535
24197705
24393699
165039673
1102084705
303483915
2746163783
48031883
2851541103
18464476
273589659
173871117
17118093
926313086
16930878
876560760
2902137798
1435873069
36040477
2551486213
627503112
18495854
602398006
1392865476
16562005
330723465
2889426262
1688723665
1266872624
2904854221
35712161
16172327
543357898
2478804961
2383882980
2877112859
936851132
1411947078
2312915695
993963956
133145317
21877383
2304034704
2890502522
2319185120
24828873
1705115118
1323564614
61404639
30911136
421871805
2310749799
1271338237
2838704651
293445416
531959176
1573873243
370155842
2303838354
38449898
735810014
15557211
84143465
540285277
2776275337
54919341
29875277
2765955085
2843281402
2604353948
511235925
552314049
2521802354
2365534211
2871036654
330484597
365088081
56001269
2865668778
1447057765
257117789
1159241328
439802469
2836761897
29756385
22389950
39130103
275388685
780554077
1160329062
2790747385
2833013649
2860299236
381971674
182200109
15837877
524959165
478526445
263288069
1102941451
238459732
2276974153
718882734
2163308995
553237820
158477852
205886763
57232198
1230404604
439745630
115554058
2798077992
2346289261
20334237
1023743839
2806316493
372033587
1861237896
2799333908
2789780057
980854196
583773256
2774806673
360221643
756214939
2202968762
132175765
157912221
2394353328
2393354456
1424621288
404144021
2374036891
2471358253
441326686
2789904115
41429426
1691842783
236612470
102581684
233637709
13135262
2757926026
370053566
208568172
2324228969
1067211006
2709310767
2591436500
48074088
158012619
111706973
168954270
2748316112
523242628
823769096
1686805897
5707682
2365974614
453899301
2549030023
1179579716
2722739016
55604574
313905199
313906969
313906776
313909276
313904685
313905594
313905456
313905848
313907512
313907884
313907594
313909655
313905994
313907483
313906540
15248550
348654895
18065606
37005216
17553081
237965977
82627658
524551194
1730318346
52567604
2598392163
2572802137
1254128155
2435436949
394475046
2721812993
2672774851
2650814664
2245761400
2679932452
2669467846
2715235151
1138155042
235326296
545648392
218384229
2159291057
523885950
25291635
29832695
1493223481
434507932
1976356393
28023125
2524350772
14188504
1069300730
2268178345
436952522
561415743
16358654
2176004274
752462047
498871509
569722491
49863789
1433742853
30049142
2604500747
1410933602
33609673
15607043
34436258
1517821026
425350883
16997262
1323009876
2479876626
1388082097
624969131
2567744407
1265949625
99732493
187245132
2557999441
2388193544
404555070
407353919
21814175
814308962
16330235
1093904401
508118995
142393556
2540158674
16429082
29900699
2258434311
16700091
32190542
2444444689
1606846226
2541451102
2537250807
35088177
2484645884
2422409971
614453254
19510776
2484602987
443428357
1510469096
1713056694
2477479627
77615176
121794348
1640608412
724631353
95271454
2465048546
1853128046
1190189622
2327186737
232978216
2463243859
19048922
1526458003
242618658
2401714386
2503180067
272387501
16007481
555971762
2419080222
550181846
17478808
879161563
2418383227
2225440017
586854032
216593056
247129467
562299101
219374840
48417850
2308894339
2376708367
225933949
38506187
177584156
2227143195
2392102465
362466134
2482055523
2225961613
49050047
453327099
213110639
1128357733
2476417113
903116689
345129036
398043323
247351807
751910238
883632319
85819074
1146934148
70771738
2199984610
2196546632
1566923432
47183646
619861460
35286106
281711455
30169170
21916055
15989605
602302579
922450226
524536675
431367560
1671120019
2455384775
29915767
358915122
61584704
15533279
1254614684
2398149990
2415511172
277485581
937811610
213422239
2370619087
2379146394
1641271440
1092624332
2402062224
2395651640
15189059
75701835
917261130
2209609814
2402822938
1888592588
105507225
278399131
44677309
1344225620
2372936084
405067576
1276123196
345125672
2345971113
2352694639
585218323
73774016
472426407
279678787
510250061
567091877
494651708
1660474603
280888513
362335525
274068531
18219246
169137868
125022059
197520303
1420178280
289808405
2340592720
41392335
1538442624
2168550252
490620348
2290156604
970937785
303893980
822565566
34283063
2329502095
90555974
459010794
2319184503
2207348845
915882494
587299727
161058096
1064849558
2276536512
2303736019
2280183330
2239175503
2218420538
383351399
1206170575
2234966660
2317669674
2312251696
43123442
2313311544
2307911971
2225449470
2306738563
24619140
377196442
291785652
868535282
1284950995
1612847803
1709291869
1621963856
256836884
15811258
40640335
89747366
2274227124
1612633903
165622748
1525342994
100236595
2233826203
86219107
527043044
73327416
1362580998
425366596
2214202627
1122910424
1348483314
993128551
1634646174
2245836084
1525681687
2243029327
105973931
92775509
778199395
1941792530
2231596747
1623579888
1693025408
14217438
48406295
366631406
840970903
18908042
1652094816
206462364
20123405
91155186
1214516862
2191338108
39180780
1932874003
374179971
631439965
32559327
1721001823
1135350264
523001327
61609512
1467009643
605383456
1710975025
1086755401
18374188
136401228
249981691
79195030
743311603
861761018
1967182088
1948105304
594241833
66542276
834644185
15308156
1953690480
325808528
55879853
1945098500
430434592
177758888
1118751048
30859805
1183985155
1730425746
245270389
118843161
815555438
256944942
1731416558
34325728
223687607
32363890
15970392
1854931183
423287286
33255907
175711277
1883351173
45252838
568366976
1571154715
1866971971
1878263156
825723456
398396327
1869783432
1447254140
1447556196
976802990
1429180099
1013929585
49115368
1727500194
98288171
906539906
549476819
22638297
1069836566
206226881
1734107102
1676927564
253544796
17026436
27188645
91696105
1695085675
36378018
1611705379
14807170
314011033
1641513756
1377910514
1620782755
70156027
42992159
206126665
606285334
109321919
7749102
17567251
747982656
412174671
302367888
244746802
543807827
432638533
92088511
15866165
1107231780
44921200
39149268
1253045820
16983361
81619592
39764957
47964602
148418872
165443688
972862590
212477065
318049407
83073012
18418571
1400085356
1536771156
102396025
797366774
436409645
94868537
51198086
50665391
1632670380
1624664654
1622997878
1376863430
1036744334
109032189
232342189
1585967094
144692356
57421330
485533140
89816033
529602533
334985132
1002000667
41013830
66108919
531250460
1227449028
1414179463
1546531292
1208000046
1499438630
67343394
34710922
30853206
1552069560
1550495719
844522267
1138404552
477446063
1485580345
509541871
23617156
1505355709
1536907747
1456357507
292459041
293528683
16908775
17131519
1362458540
820333808
1392031482
1482947851
1492014805
153551571
298508921
1347886388
106258134
29638164
901348998
16231168
208138875
1449960744
15152164
53072856
263405767
40741781
50522431
369146102
1259607091
16004144
1425756096
267956676
1380077154
974754584
821380764
199777304
267311888
74947378
292328371
499485658
876080419
111435350
421884000
1403367926
14430086
449451142
254726522
1383452286
926344586
16053481
16835250
283687745
500251149
555072901
1400214066
208567296
575053068
578224153
1398422088
1399845212
956087736
563698814
291252989
1387517730
595965173
76242992
283706793
365662159
103349378
1385652787
270462385
621506479
622078674
282800782
196843791
398722476
1372674564
516867082
1302601393
45357480
34837003
391066769
632058684
1141356954
17500180
135510917
1338705318
1107888008
119010292
1008168404
260361653
235343585
1252099172
562961259
39773770
177898719
24290348
141972844
476149277
278043105
104870969
950204197
25834922
141209597
497149448
22684031
1314096782
101518272
468798977
1020854532
158422355
63174700
98887519
1295604630
113077201
33880118
62070521
431391193
609490365
87340865
425186536
183362459
180014457
473711717
374813847
976901094
232633093
340160415
1006908098
70774512
618233246
27633606
22101576
911420786
25554480
57360443
1019012400
313375223
271206758
1222189130
531691164
1200357794
1191610471
1191364574
510654611
362180040
1170792781
474432749
225680698
1055055542
252841799
980916420
407043981
22866395
1160129485
79851018
1040387040
1086700950
451815639
302799417
499261751
1120443187
1119993614
317054504
134914710
1083159943
75375980
1102500031
25758132
245398836
1075429538
30045985
409196135
18518051
268821155
427765393
180396181
860999532
14807541
362719049
25375670
548512720
175228441
531409524
177484964
60495842
332957264
26008135
27487070
596671099
119967234
636523179
567755866
1007427954
924595555
18332836
902141551
331157627
361238217
18003971
876892868
224450224
916521018
57379692
481801051
714825648
66059821
865290528
614758638
334252288
942493040
134583495
29733083
38472922
713512195
903038748
945953203
21951204
433833647
882485737
441360134
919341691
326158694
934584228
16473460
706077787
923552815
19293874
143543242
274736588
44582108
104662642
373907009
571667116
512154465
324447197
440622422
223193606
352059889
161895582
822166272
68624057
28696985
318527204
202422117
51920650
246648235
868890049
219401006
419591355
792350166
564291613
785595
856083649
455434766
705229962
136337303
584045963
800521320
35563232
183605602
604058775
579447930
15379248
565583420
825940004
562352177
846124766
43738542
253838197
379396775
11149582
822543770
779990460
44725618
44150118
30097577
403301139
635133955
818642940
15783218
13284722
807841369
103052169
12007232
611141533
801286897
19019251
446714589
115085266
15873722
250839545
23118170
19691332
786792632
785886366
754220802
489657677
254757505
569242704
16703058
26796125
180484646
144336435
762474270
20005849
72545880
18809912
118936036
22920638
422135135
15103328
16813717
19363570
2660761
610047345
237912818
20936637
635575091
624819650
82892648
715100202
528066450
534125583
597821695
625997797
42076495
635845996
126696548
17123861
589205592
407331251
637154000
35843203
133710837
627450938
296091800
576470042
19152774
529843815
70291551
416381082
632945724
624231609
542152470
36566253
290022216
506958432
407229804
36770107
89005882
577426099
448002010
19633047
52998511
261977550
427726035
498140942
18293052
37168842
23796946
393737105
339820822
141301502
213754594
25547265
34641210
543414061
259503143
613798315
413292369
229346198
29605801
429337908
515826653
518780357
606863978
334849558
605153786
305409531
493462794
541451355
75176411
296688794
604284245
15722296
603698235
540407481
581255672
320983297
353117994
28824136
425876124
273421972
14649419
460407561
14787358
569250780
16736796
321682708
22390207
24180209
18513696
429068453
479899121
312437876
593120817
525984544
572099932
15767411
18560967
191599146
72127679
306331122
126274683
253800348
477861086
77586218
574538075
22447747
409942092
121275000
249362968
300825339
67470411
257925610
40116996
414041530
567697706
515460467
16520714
274087666
309124612
116596438
24293691
15551812
559011661
59785891
58152567
561634172
15976904
169356981
49003891
131672548
19637793
290085437
119069159
18519919
466856651
99142735
554425628
554805515
428715295
308775675
51717761
410907643
15013891
105019054
211217112
204311080
446737549
191706396
254719698
248756048
546050178
15632345
20927224
32780907
14319737
50717212
538348494
541291819
117790654
338880142
498931447
28507954
300444998
19246321
24293121
268978029
537889326
534602960
384948335
528722632
93730971
14085089
64331648
316357556
498524810
141572950
64031011
36131454
323284201
170687205
519441278
491696317
515540273
158727311
332694351
509171329
221335625
27035373
494259224
388328034
415170246
206723620
16090297
259306765
61492775
227697618
261768525
374127585
76637804
357223278
26077983
474526416
181150339
464719464
486686031
482267457
312477208
468424138
452484544
478611317
367442373
49506479
244419191
170016558
431686334
296890153
80845534
18170376
17541438
473857744
386591174
195332296
440237472
166389247
325957928
313210331
358158999
16149373
147171940
466823973
466180773
417466140
366734278
22091213
424512867
417464655
25678997
22206208
19598145
453091932
16440542
14953532
749113
173340973
253065892
94461968
137402449
19457251
428305914
447079837
446873316
423723006
324564992
22333220
183858161
316837194
370623591
158041798
167111270
188131333
437591524
79130889
356913083
176616870
357254404
17972520
76721467
250789991
430170960
305073277
306989124
72411479
202283280
417787836
76431666
336007282
309847474
355971984
39804159
396828817
60734999
414424616
353656571
404972507
81222928
28184899
16255990
256804320
410194508
97334092
408634310
260284470
385130426
270669498
18782416
259917691
95706387
109164425
193515866
16289571
66661896
399616102
393185970
178528518
25211979
370857984
195039023
189320783
289385640
61202597
400309095
394837603
65481787
18183592
217819611
397387175
283589229
373047456
240332911
184609438
70314572
38703581
392512609
304457365
390452790
18383195
14639963
108330063
358741333
218376935
37869555
170730688
69868412
106539595
23063223
354962831
381530452
380916321
158042890
379170998
21290240
172457982
214135482
294070019
55697401
375754404
302103277
350688242
15068399
346172523
15804566
194623417
59212035
15998998
321400844
91340953
40515964
15726358
113043855
359025399
15083078
31552137
330601928
84131294
357146719
50680946
15013572
14511197
361963717
102306598
212246761
24927116
31199318
39387921
232358555
170740021
252379105
352226884
104077925
230606700
292946919
278415425
243658875
356974298
351741417
134380335
325568204
36087646
158202884
239503436
301085556
67578950
344618866
88271726
17164084
344196530
21305119
279354444
73160669
58853343
17056290
236512984
49365517
18222630
275584235
344337701
203955382
145786440
345898940
341269457
346214204
17520042
129833269
216444932
24789603
16933525
190827692
38120718
16084468
335018588
201912811
64497286
100441124
22940719
24588863
289897152
323339126
217531561
72610515
289851280
243551839
249497049
214924340
331789805
181356159
58791339
232379929
44687344
326304373
330147129
322689511
48723840
306388787
150800311
21817757
270465684
313034182
323684718
208608829
322012171
188468841
51957857
231756730
288021202
65979310
279099980
101517372
240169982
172946850
198660085
23214448
39686482
33695087
100000760
272919021
301705527
288268474
303205443
240720341
279525667
18342649
48233632
262273801
161025692
87134401
45921041
180086152
153885607
33877370
277009265
94009909
292381380
278911740
31081562
38895013
284363879
287197624
118164486
77210288
205514475
53911602
18328478
28440647
65424358
18470433
279150714
238610446
267925888
88629045
222609911
217497265
276690653
277447526
277454256
276976114
276228167
15154370
204644717
214754889
19041145
238784741
29787193
180978977
119758348
269626636
200956336
142533079
214172784
270913633
179023938
262322843
257315276
33401666
50243276
16013206
46499475
16282860
80921734
258969497
40282219
20484238
14851897
51762952
201002448
92236133
226700998
46556640
251852225
89455376
34091029
71268084
200891132
104906508
252904521
194624921
32595028
223515146
231206334
19110496
204740501
16677192
198680292
109439762
193304911
15694182
243905668
45453259
15911591
35038857
95296214
226713935
117317083
100674848
78979787
32122677
28340290
177927373
146276050
21076170
216120282
17812315
216777684
125322205
148186963
48546597
236247614
47112738
22709100
174340450
18030041
198296748
113101599
25521491
185639249
221803155
75966218
95273513
33472080
58662348
89282130
219276824
57402854
218593761
219534847
58615166
16344137
216767331
29040062
53681649
221462940
77131359
52854173
199571964
145006607
91212623
26782496
216877296
33622636
190684722
83965052
123263650
15488026
214286630
17513981
20530951
196130975
17885796
26385846
160731284
197901148
63439599
182994241
87755988
60484136
10021212
182440170
19181549
59103901
166653118
187735235
133071743
152369572
183055789
90033713
89802173
161007666
161212420
126198100
83893974
177684752
85205687
105724384
32860247
176232854
6125082
173659212
17206739
18943132
134591973
116486009
124053560
28730113
55648286
76333569
58701489
130176794
151100368
57759970
55290296
125508540
107141744
17386731
82830519
16427414
124254580
136930247
15628274
139173680
140960867
17832889
48748399
113184683
25356215
79344520
97546960
108391366
137810859
136001366
52849560
126766730
14450267
64123702
16737624
28435324
98893648
50434933
129941963
15807667
16488147
121196607
18038914
122874080
43865033
16518494
17194090
123549052
86610556
18732578
34904414
39351481
120298294
122526422
59815021
87802331
11768542
20102364
21345203
110735043
18952281
27532792
14056476
18262104
91156451
101973363
23296501
112682264
24686694
25317700
88885531
9117972
113859863
113643881
17081275
111273599
14604230
21135568
58938499
97684194
17675543
30646551
109322829
23408068
44164399
34864723
44740201
16248319
92861452
23135992
14323769
15704958
15349354
60247993
36584032
24224879
27290606
13306282
93238157
31433420
67748167
16455137
100568334
20696759
98292975
49056528
95953314
25707034
91461806
31228692
29445563
45764940
16816155
15864679
24899874
83432228
38739882
2922611
73135424
89038428
85883000
76751363
76809625
5368022
18333506
15422705
87268287
11274452
34651221
83032646
18779467
33746789
52106931
18537956
23453489
71359943
17597741
16803552
68309972
70278547
69586607
69612621
69502583
34315867
56383355
38372614
59005217
22302160
17123884
50102198
60581107
41859765
59560071
18638427
41120874
58828299
27467928
33290438
9610122
49290982
16572515
26914871
35364918
58019290
33072375
37751054
7879052
20786398
57665469
56883513
14943801
4937061
44093781
45536765
47586808
47683473
37161927
15584776
15784302
20728260
19415802
40243267
17155650
49940466
11279582
16454196
45606805
14675205
23862487
9548232
19456939
48434898
14675992
36688507
29195806
35096291
31835879
38841434
27660884
40936315
16300279
3819821
39856917
15728028
28487033
41266043
41264596
22671716
22798758
18029069
28656326
32223081
9154182
35695329
22991614
34424548
13796922
36056781
17558307
16385556
34996574
34301076
33550782
32758304
14212033
22171612
23026967
17022720
29592908
15279465
29135621
14761924
14415966
17181265
16058986
17537826
9553282
9432632
21976342
5848362
11162812
13938522
28889536
17715479
26033435
14266546
15486100
29125475
117553594
37024101
348785848
317232581
3369278830
3289105505
3252166027
67973977
1007060551
16136726
3309825586
16231168
2884737100
208138875
634207212
3160654640
216680781
3310623687
2466735684
20709243
274213788
1216119595
97005729
2185144544
3288844876
85590454
91167112
584697229
3096361560
35734037
3164626772
2648855264
142454832
1191200610
172448800
3011254021
3120213511
3124548022
751230721
3105735400
350273257
3101933088
2802066707
3004715620
894283974
2427458814
1878987517
2923816369
2611737290
18013387
2266876387
23161556
15000790
2876298902
2987873959
1271182316
75605083
50757804
2963469269
2946767144
632027832
402630155
459176898
2893608741
352074492
28333630
33073080
14503673
46956667
2321522318
22688742
253007173
2843851829
42779921
2835016642
458655536
253007953
15372750
323282588
2787775222
2657288201
50891227
2799333908
68682950
437719449
2707028509
1591675760
2394353328
740956993
67972546
1267335924
427892015
2759124982
2705473850
1651299722
60788608
31033695
2736684707
705419508
234057437
206644086
2271481308
964591140
557180592
231095288
2394989647
613102629
78450623
2586689424
1152342199
388958650
18980017
44056563
39553138
134860670
19068358
2470207951
2488792633
15738599
1510469096
2522350306
2472667844
60138502
496054455
16133650
76348185
866871487
2428871262
524536675
88141777
2416003507
2370619087
2274608388
46294860
49491695
14376461
461289997
2389741904
1571239068
20938079
14763855
29272086
2335871538
275826117
23978654
1584247262
349456832
278399131
1177122204
15964047
2307706915
2339589168
25579483
2348768155
18297415
2344928341
1525342994
27924664
2327205727
26852920
212803487
240352786
2225449470
255324791
15751437
18065340
19000736
608546152
28205065
17759335
329927785
61615855
2277807452
18519919
63535639
2266575378
2216819894
21421552
353157718
2226378843
2244258428
2218347917
214523402
517168380
2205510702
2202721818
1234953234
23352984
2174158471
1676300690
2171492897
24630347
764173536
48268151
325167336
1710796956
15951840
16077656
504526751
29772005
2148547801
140797786
1955351815
633144117
1846066082
1889157980
701165191
1906451528
1534876380
549476819
1884265645
776911736
1858574694
213780199
162329486
18466468
1740127796
375834751
18535324
26573545
54935087
1758561763
18334829
574654527
181843531
227118355
83114005
1567733797
743387989
1172730414
220220560
80319880
1382348437
43822690
1525694822
599390380
1608382196
1393635494
176043138
830612017
1450239986
24905091
964333544
17765460
181210790
30853206
542128391
1480128223
1480108022
216559112
162301129
1165710408
1482947851
223950243
637011677
18531848
17536713
64100000
760414165
153551571
1449960744
185193053
582957246
1435827265
21612533
318339507
1408458079
1393575194
36837316
147812221
14654651
16649758
1302601393
84970794
1370154415
78074985
1107888008
260361653
235343585
434577201
108651486
286237735
712650505
35348641
709781480
14332698
1292983261
317890838
403016538
733688348
62955350
19031236
54413388
25204061
826313576
46581007
332511669
29826868
938657858
15821460
408994237
463151753
809198082
240068190
192432554
17650894
83845500
467909899
71777780
22299240
61965854
757817496
7175782
789944252
879381343
1114770715
16912546
14579415
877592162
710835800
864188570
82647761
16566153
1021088970
283237220
20483600
16374407
16801492
363844401
6976062
28537113
45619170
328292274
23654017
1009963801
199726434
540544665
297547850
11648332
857492078
14211066
231915739
18874383
39811240
369196021
915123037
15351784
16620297
352443077
569242704
813106891
434233472
123288442
440622422
16018931
401604609
322581557
868890049
113101599
120655742
842240233
817796784
50073626
37877607
56724832
15517990
18042925
572984065
140592401
530850374
1841511
273224125
28034822
166360999
26655503
821590250
817360422
59347556
790385911
337999961
626094055
179732982
126829612
145654840
363402909
398898234
51844852
102509466
547032359
244403743
761889535
327626492
15687210
263847419
608475026
24713008
214546657
14948710
19363570
18495854
528066450
22847003
232889461
635845996
508219152
357020551
6563452
395545765
633085503
19684793
359855595
34384892
14187808
46756669
625971858
21928905
322166465
39878894
337137755
400256726
213754594
18809912
613912248
604792592
19711691
525972597
26803125
599407995
266495932
603698235
44748304
366945621
519730792
275582528
74502281
345684854
50749788
595951001
401632333
89075265
34834977
180773745
588831879
317417758
532099738
32508641
538407991
186656087
15683731
19399815
79888534
81621520
9229232
373135517
450730467
19726024
577426099
47586808
91362776
574538075
18160594
132956052
378805670
405651002
414041530
14551068
564760883
22078798
488573724
26360027
18141015
175581894
27434341
512873029
47443313
16342328
16568777
542781657
59112075
370429783
446737549
546050178
115592358
537760950
23424742
338880142
216593056
25727484
15975933
22026125
78417992
100620126
465535605
32436745
20255171
14085188
30818383
253253039
16728811
187637840
454350648
179969312
403771971
517921345
488041754
509091532
500076117
222198928
497764060
501214911
160233617
108530339
470895325
14602930
457092647
22745342
388328034
466945097
37723843
138627315
464719464
498828588
470003188
486076619
33902203
379958877
56114628
408918313
78193434
22341209
451126644
12072492
481002844
17823633
20659126
163483932
133710837
21332398
481763403
16135465
298263122
419976280
431686334
258975084
150800311
468144194
467192466
269461344
464798646
465038840
191083220
403478664
32555390
166753030
288408661
57339097
42696882
18118453
176129315
310017205
370623591
9493542
431360131
175165646
24379982
407541751
441571146
378263478
11779392
233358828
440482861
102441519
369891495
408811604
421023735
415343898
126636661
364726251
240952266
10937622
82316132
53119185
76721467
202283280
289772609
425578744
16895274
394360483
28017930
55684521
72239171
14420427
185728888
388847765
388848300
256364313
353529688
122259166
417185342
71275367
128080093
15892428
397314821
222613560
366770986
114083305
385130426
386719522
109164425
193515866
368553490
280601235
17809824
386986151
13024262
399769633
115776336
394837603
4819461
67791438
330354472
122664029
252657229
41252198
88961864
15882988
12330852
184809529
289385640
207421174
63014293
14147348
304457365
218563804
245232243
345255959
60084348
325644574
158042890
348042648
39686231
378262411
357146719
54382131
226565923
321406518
275586804
80453312
65979310
177203394
193041570
40350866
15684833
19556574
44817706
38688930
288303744
171319955
359025399
363372950
361963717
357501167
197669787
19477339
20082600
16630083
177938442
16854164
18285151
134293012
193761083
155558014
311236371
129021238
155998431
67578950
103821657
129769579
350052316
339801692
234207209
345477089
108397361
217523838
69451035
189659678
336013139
17181265
335035058
271834664
329332034
30249247
20169904
53174361
267446312
17383566
239839468
72883569
331767055
23070858
322689511
324379552
320702367
165682298
329480793
273760084
213342011
74148410
222055962
222848220
172835600
325677531
164356948
324151957
280557079
19039441
16085803
294688253
60891489
271833126
322012171
277271097
300158070
137460929
312205877
74224348
154590333
319560879
23357960
71691476
319203495
202307352
28704177
94877063
305519285
38549111
301572092
19908096
73829977
14420238
17055941
237252843
312204152
196397102
22178998
143390812
219526775
18342649
52568890
141829991
279249022
208379694
24326810
145378129
297512824
147958471
234026102
45921041
134930804
23341459
31409264
274778965
294070019
258912514
36308294
15743966
82561135
272574880
32122677
57528569
41106306
16475964
113390411
276160765
256526699
42383845
136295030
270105758
100027827
31081562
38895013
215945501
257169058
43831512
267848480
259625932
259956427
282317819
263045167
267174935
60678533
6457492
191689794
20804924
142488156
267243506
276976114
168696336
17942597
27088695
121688412
276811221
270125065
81138450
40282219
216610670
268822802
226708464
14536743
234010874
273387711
142533079
55532513
211717944
1955001
14137870
24570198
179548419
227759986
165802132
15710396
269437459
268334862
125733356
267827154
78098417
217663889
214754889
251879991
163456116
259226596
148114869
21839051
247759285
35038857
16099189
253049928
16102923
183932808
205596298
54011900
250499424
187814909
203606789
35830238
14141197
78964452
245894456
245889380
234575780
207597568
212299145
44130344
215138961
248647568
16869525
113939025
151041862
158100219
26186626
246459433
243345792
126576584
193584993
104482476
14073828
244053754
66872449
233771830
16459423
15856687
236968047
239166642
205594391
63722680
224609845
216120282
36945353
17779854
128714499
226162786
20460104
236180173
22804107
134528794
206631082
33500146
15386468
226117396
21043159
218652670
215880602
81961881
119440072
155698735
159661592
28456063
25964864
179023938
192609140
163283674
133474481
146241066
16519133
165178659
183118717
123263650
191184298
212960123
13878602
223101523
214887182
531
22518425
199571964
221397936
96594520
86828253
26969754
124624877
15710957
8044982
205594139
212487275
132354213
210282341
186685903
29777932
114947292
148795015
203081200
37273906
130982709
14719457
217106886
167466872
78046239
39235712
186450350
213494417
38968317
77318758
209247097
177971892
25159890
195428959
128366865
177031457
166436703
209671072
16172327
166816108
104888932
119400276
205696664
199376372
96244987
20832563
15891657
55063378
92597771
17513981
168905133
24275386
59722579
164236490
197901148
74720768
193996424
12668702
153532738
67211942
147444372
17896932
161397400
12610772
145009975
169287943
156642721
162808316
97929375
159131309
178360453
54541741
14993489
58820180
20095466
190684722
135392393
25728193
61118465
34136248
11420922
194410909
120569055
1658861
194845633
117434648
139807377
173413603
166167185
187187034
101333163
190964849
140192316
182440170
53732938
14328484
174024936
184181901
15765888
53681649
188437749
148911150
44444941
68293745
18083606
187935933
187927088
70443496
19052570
869701
14184552
166653118
17144099
86917364
116615299
20117508
22821467
43382910
173719112
134342136
15211300
19815782
64549421
83266222
81470177
152812340
181363891
50542252
15801388
180988149
108320362
103013627
20199612
160353283
131853207
131928173
112223638
38895286
650903
15199740
44424223
120135366
167171161
93614842
54875633
177684752
171503815
83893974
24567791
32490072
169894402
174715496
155905473
19462653
50306155
131250021
56019131
53309385
128622846
170406393
117317083
157813580
173659212
15763041
27320082
158916229
163495287
47990469
137830759
169577834
119043314
97480179
89001516
88655952
61268115
132063722
167758468
89196918
153451480
112351430
23705289
123643570
26803584
147690679
21881403
148442541
157157974
110333336
147735703
90970994
32062804
149212134
19195914
15950476
98504605
55648286
27147237
126417361
156108970
27650674
87725052
34017675
138011854
154127978
23642875
117539548
151100368
150076701
63467330
96461687
18636050
22471561
55290296
140838072
146608274
28171188
62094446
55703572
46321000
52426434
51847908
137478633
79892540
140580609
139803851
39753738
131047363
104687388
92291260
16658609
38486664
127926887
107887308
39377814
112310648
134181138
117791931
126496086
48054992
55874788
116004910
81241104
21211124
10357812
20350565
129914739
126157440
129941963
129069992
49829232
99993303
56432461
19821345
122807113
94035111
5666672
118177633
73867481
40772706
18585238
78197744
31043695
89011142
117573894
11165662
19576387
69530992
17771366
115785464
114764955
21157267
112682264
40058234
22671716
47119404
106750036
18850600
67385590
25535130
113643881
109558246
16620338
113054322
18504867
106009112
45722571
110223887
96878420
109322829
98836377
15061126
62752540
93755210
44164399
94522795
99742444
104643830
35849263
75129651
36584032
97002820
92294003
14675205
31433420
67748167
16530978
78029833
85219394
43702278
55897095
40856975
103743310
39800168
16455137
79703598
17627148
95889918
99097494
78654288
66226815
36999776
18801560
30434541
100856071
49830660
88443703
97243300
41164983
75491143
96865632
12693172
90986751
19674683
89441159
96568706
16518494
95676839
42676877
16402022
89403538
93757982
62255951
25192236
2790321
19735669
19671661
94172577
14365845
38394199
46995397
14788761
41341558
26175054
19511310
16809682
91181709
40855617
17217480
73135424
85883000
79151259
57724892
18639323
18501320
50709585
20714409
51330569
35616990
20422914
33044533
54787457
14603194
31336450
19696413
37321646
65923736
22974248
13306282
49844048
41321766
15584776
1317
11274452
22148034
14109573
84744871
17030455
30295183
24539231
34553080
82864791
37239647
19689058
52106931
77394629
80916371
27873453
19077192
16340131
29200620
18692858
78574496
74876366
16096156
36459409
25085397
77463380
77329706
18355938
19382918
76499600
48713640
12524522
17386718
15869516
14269594
21343018
17600480
71841506
12963222
71125129
70091870
70493359
52393585
18396429
42944157
68654099
56716969
19977456
66740869
22877272
52772017
18161924
66652609
62977557
15743527
66299114
19547814
64096317
57734032
46186400
20453337
16454196
30010884
62147342
20802646
37036394
28487033
61661714
22368086
27931524
46797815
46253560
58801494
37989156
42312553
20236409
57457577
56183024
55619223
54437641
35231819
30231193
15743583
48035771
41523622
18776871
15525361
50498876
44878162
50080008
49718972
22151120
16739791
44024428
46220228
46513128
34620234
45697503
15433025
21756712
30975605
24179966
33611051
43386475
30330123
34012907
19627982
26388416
22141639
23798805
19505646
9529022
19181163
39293723
18462765
29583638
7139062
38106712
26806833
36140072
15935630
6719422
26889537
29018629
17547072
31638995
33354950
24893968
29813601
28599378
15745674
14116568
32997788
7161052
29266188
16167428
30718750
13258742
19589377
17124018
18034085
29341332
10460662
22197865
18682628
57528569
1859643787
278063654
155202983
3246330254
339733481
600228394
1272521882
3272559156
504018069
3349940685
160576880
3243938440
3331727092
2777709877
52812820
48831366
29990970
3063013810
1014480217
16231168
1665857581
3342073863
2432480988
151639222
3342665951
1375007112
3192556496
3293235413
3091046675
3187288758
3142105377
1548882516
20791294
208138875
2949748012
2790227555
3181527728
1352460822
3233753083
366537731
52482750
1850202151
3065433013
2383894675
735026768
3313918816
2760708652
2550945560
20501595
19441830
17870747
133019983
3307944803
2961571262
1307501564
2603359631
3305946963
2889290667
2530959982
85872613
154005164
33994299
3218016309
1662505982
163878122
611299702
274213788
3159338158
2951225176
293328995
3257986107
96817596
2589975831
3221084665
333986747
471666705
2310395250
2980094627
3288844876
3063774899
2726268049
2236288078
45716958
226174898
2658154303
765864488
3069886005
167183829
1701137984
589262687
3142918832
3171595569
2807786396
3229604500
3138907794
3091003449
3166191847
272141779
385455746
303520654
3225505948
3078249960
117553594
190768751
3109224878
3213359602
1271338237
2894151001
198083938
64532597
634040122
315959518
120144128
3033550696
2468452315
14569657
372572406
1250168426
448377021
3099165516
2781377717
3145420652
3063684601
2600254212
339844416
2361500726
1011356912
1289466428
156831749
451730482
17131877
3142878226
3065024602
2950150311
3123693910
3076290779
2409658784
17436675
2897406847
3033018828
3074164459
2580805664
3005489847
2728218840
553106339
1244842970
2831925693
3010916685
85568813
2195169637
1101252860
3021204051
2427458814
83576385
149241183
3055879587
1504651285
94700225
1935307658
170400197
346208202
95258698
59458623
97545677
17918004
369191999
3062833098
1873897400
3059414048
16462161
69294650
2995129129
2909789852
3038428752
2897875669
15704958
3049225611
1744120032
97314127
3001680413
55216537
771121520
25948016
1216134956
481442738
2990942506
2882368832
3031987864
3031564979
306413659
62630011
430320116
3015875509
382279362
2365509769
3015323865
795048379
1396303892
587601141
338010434
3010013348
3016419101
16458063
2817290970
3018251381
2458328166
3015702935
3009291059
2993350326
198535749
2185950356
1976995950
2450091194
2872877470
106968036
2686843618
1107849036
2751918749
157314427
41650456
2974880157
2990047295
2816114607
31109082
43364180
1036371540
2802907327
897921314
2415652722
2975631659
622062942
465265727
2817053540
15607043
1747015790
2907888320
2981390004
143847163
2564198712
2360738161
2360732342
2876593629
2400215636
2411878034
60173902
2941161301
292064042
260410902
2254223439
2489493302
28576220
496259079
570776756
402630155
2459654059
86929541
2905034453
313441983
2882427137
2549220967
2913892458
307900713
296042634
114810863
2382853022
188675837
18708183
2911016313
2905323857
2896621617
23085054
1852556701
343816531
2233346598
1558898904
919631400
2677344600
2909561366
2207592954
2327884207
2842869096
2550802153
22323944
931006321
303613857
2803841316
1351971097
1316314434
2876971636
2202007045
426777788
518821818
2707698103
1221986545
2898680251
377105501
2749117634
2586066690
2484829712
1923375980
2851281069
2857509777
629784586
36357026
1220414202
38449898
2163975185
227001631
17656616
1732728222
598908615
2728658416
2786443268
534508348
145318322
2471198340
86596329
378612339
492564461
941540156
95100171
64503798
137681335
2270076903
993359694
2329424348
2207944837
181511585
2721741788
1055593891
2478693181
35641954
457577809
932166978
2430976122
2792429672
1714362696
143131366
44675414
2398612549
1511601710
234057437
17292434
2203395182
371893753
280958545
111270333
2836101570
2316051960
1950189974
94107321
15238168
1004645263
2423003341
2188988743
47048827
590865813
1591675760
132175765
2394353328
2162670752
2715163759
2784591422
246129626
2409626258
2650814664
1875805104
161055704
513878302
179240718
2402255100
385281042
2756043500
102541445
2727394337
700164507
14446656
2646170240
2718707827
237953501
171991128
2699053554
44145969
182126688
600298192
1667209178
1436504629
2207563514
1182530118
87521380
2375779902
587293457
134959567
381741195
1263507036
41412087
1314171644
2192826980
2228770226
2401347134
1619574890
2615812597
75721878
2227341254
2600134922
1857106262
2462693961
1890998010
342848020
2612933256
16196915
40508561
206126665
89120740
1106780149
97553004
36074354
2650114167
14807541
1623389274
344514638
25525740
61604965
1646168438
389617008
111239787
2280986220
28205911
2489562708
1710711170
2186869527
187245132
46938133
254060325
585413236
2538381271
91482208
11724452
35585032
627581438
2483474850
2328937350
1148956603
1977423373
1004788752
2460662251
2538843058
2489123635
518716362
1674866502
2273806935
2218843058
312525146
29912178
2427742028
2439137923
2397064005
454078855
1510469096
67934362
401636220
21981538
2460304429
70976782
14435376
714295051
52593625
374566925
377953403
1617510535
2350339068
387025889
606544375
271109829
2421441468
2329244443
524536675
1251372025
150456612
2362519778
314025556
575679307
2418096308
266966474
2335844388
92986098
614618379
2411006965
627526592
48480440
2396027918
1470275136
2426924807
184255619
1604908225
2200871372
2395888471
2323509696
128440434
608794354
1035915853
792169591
1432645658
1563652922
62088627
79336317
1449321312
14763855
71193231
47841718
477845312
754157640
1431030840
735621643
1513768800
278399131
2243460890
86036051
122833270
431744926
2237941074
2330616566
2361130560
816852134
2328910046
614796201
2352431220
19315587
1460149891
1269487800
840500216
577433246
2201732718
87328482
1949957820
236335319
2316010344
26534313
36359397
389151925
353994953
2225449470
1408747832
581135339
1002298634
2260815797
72821495
2258004344
322439899
1195577028
1691785734
534651393
18293302
586094136
2285304680
733276206
594923847
869662848
2267971634
165469222
2182692372
2239789812
2275665132
119238810
540327287
491854278
68830863
22913572
2180465082
1525342994
135188957
1631114766
62752108
1139017129
365626248
768074833
1625730025
75552647
222187657
119715561
72457585
1691178578
1901718086
2205510702
2205917341
17201112
1849548510
1927527138
1561185398
481554301
1675929715
926949392
1875488574
613639371
91870789
68625622
424883573
1611119233
1675932943
29213736
564660860
74362517
68083448
475059186
54926726
517168380
262860788
803965422
1206769872
554195398
841692158
375302862
812217883
276863006
1390628612
21519808
1957572553
30052155
43357942
855374214
269609452
58430732
1638817177
97028680
72574756
577497678
147503828
1604016650
1357699016
1909122956
269553150
1530050042
619954424
230947206
1885143246
39983833
94680506
1881353118
995151895
106793317
227641912
1758226543
1871686170
1859256176
1345204626
37732936
1857874730
1855441640
213780199
545413723
529231238
22737380
607462593
566675213
1548355849
460069748
423658411
75549107
1284153122
1639826306
1364201978
33244275
192874886
181264428
1647346794
150800311
1494412664
27752119
22654374
176346566
1527928231
970625743
30247008
153544563
22890638
31646247
729523417
110910734
22036953
188347753
834893664
923995411
1578619489
54667479
22075828
748666453
1479616110
280485589
75413145
20400574
1321821690
1559455843
603093548
1533748566
77827610
29596951
25293268
1272281300
147564550
1471705500
139545919
470467145
248215830
172889061
75567156
1047022339
462599759
1461237234
1485580345
78060290
1176728882
1470825577
1321639076
188941422
1406722194
623383644
1491103448
453755585
372155147
971302722
288312853
17668459
18332836
1219950228
15970392
14739201
1365961357
296464977
1286493031
1488329076
1259607091
161591158
548366980
1482947851
263834612
68479359
1465940034
153551571
341384044
177257081
1460856067
1381960141
727494858
15014405
1287391874
135966080
15147250
252744614
1449960744
72862003
100339177
24290928
304181820
390506560
277091798
1263704004
127970745
20015707
63464911
877000292
853789698
270754406
312537739
864083924
14364639
1377961825
436189407
82181967
50306155
786135590
109206832
1408582698
318339507
317890838
1094435947
940133534
1387517730
850877130
196586501
27936248
618142522
1330759112
1385758170
784168134
20283676
704735371
126809424
145285607
1302601393
1364776320
41226653
17056523
995330274
44675469
35392300
464955626
34278941
126840001
59506704
747873030
152450444
115085266
1107888008
102832447
1237271982
86404024
260361653
1033366309
123959163
78259010
141209597
1224022567
1279605590
1230797082
177244113
83878362
1141356954
1223250973
1009409858
113697077
125322205
388926718
38026587
248771077
198284120
1131760824
221266383
1307838883
389188017
228659711
480391013
243368967
34710922
1260587071
584181958
1258339327
92406766
1252200618
509116606
1096112060
1278128263
96221040
60073316
16873604
885309978
232633093
1250420137
1262619786
30853206
425100661
237412670
18702878
431391193
283237220
357040097
121247423
147067341
23619711
302253100
254719698
1183320745
543156908
15825165
1078017014
148208432
352582834
199377259
372033587
84220187
932646565
67087381
516867082
22411554
616655185
1137243498
905095266
29695614
326144014
202739649
269686044
568275981
800204197
41140016
552854138
231358586
915254270
250088282
14640257
69308140
32647952
24261902
199884334
1079638526
1076609101
31591901
940278818
497441817
256205122
995515568
582907208
1008218456
1072253581
952350960
981076369
482098346
505168392
275665495
26018992
59941549
589777300
273421972
172000116
15607632
359181979
735683820
854509526
593968978
603528124
486336580
328292274
136666127
52592400
186583265
201398175
602531907
729181195
995655854
485110966
1006493864
402946338
1007819210
117580062
1005224330
392976388
985561736
993963956
991408945
24638920
333493040
348468667
944853494
851566579
917128614
323010850
432136201
490113884
65594160
36290416
634574603
621430034
93722616
68624057
951645169
341626295
118742996
15322397
946987530
169374171
574288926
820058893
326158694
904247852
932422230
598498174
464043517
275598694
45893381
481035108
393937033
898606124
41008520
392837181
868230996
174197856
440622422
816625177
29721082
883997976
136369745
286450129
326797074
268425038
25272120
248521394
597643256
588528532
27608017
755658890
247995877
868890049
468291242
861847416
102587061
104789366
202008679
113101599
832373498
95551199
516965318
431770735
46204677
842198364
23506185
342934581
19181549
28246176
117576440
14690921
433832794
72868640
180516166
112000583
584814972
613594874
128298699
589277968
807811267
626261563
537898341
25704463
44210513
64540666
777979249
23093022
152155740
194500461
232988884
27136797
705371137
517559739
724185788
493147822
772342621
18260465
772199059
272673278
552067203
354455329
587547751
709565052
18809912
279609335
215701194
33062052
552183314
631245322
46533483
726215838
73287091
111074269
472285083
634787530
226324609
730786040
19363570
234502861
57796869
517246966
559855357
462132184
56471970
615367655
588116325
528066450
635845996
625997797
567258480
281065664
633407186
587349464
33990915
427797615
36770107
400380633
41567855
395545765
622424702
618454885
596961828
155126124
539101401
275186491
291128925
414089683
227213216
549531006
265050935
496526585
532720412
19154547
615515320
38697261
154404679
22640155
589457454
81108499
562220600
408169249
373135517
252462480
334849558
461507350
14182488
29049529
540072266
403435008
15821442
3031851
603698235
307680089
83497847
601217951
139740433
594693578
559084634
185039547
569250780
575417654
377610457
429068453
58061912
27518302
486347216
375923721
462175242
150513905
590206531
537309350
587912719
76359975
584149563
521264284
242790481
585924330
585892302
53146543
582214548
65398161
14792673
488288205
378657310
281291227
353190730
569333905
58126640
577426099
460667560
143880901
396022869
36203748
107816502
480777272
574538075
39298267
17857089
49007297
564163746
249205136
291744121
216044716
414041530
38787850
413340615
366438179
16067084
291816926
563942314
403016538
443218463
559011661
105352975
561689580
205763466
379958877
421270368
227817369
553137176
89742815
394084707
115813132
394013590
28241043
516608363
62354742
337717029
553970191
14713383
280341501
417982750
552296005
357020551
437013903
343150136
457102049
191706396
97157608
231796558
72585401
500152453
23259586
19031473
172457982
14570930
515826653
541401637
50407613
223931987
16268558
294934874
74498292
367875300
487490217
480811744
265612682
338880142
446737549
48521427
237384298
115746685
479917060
65353579
347568377
141075518
505995749
531625417
518064586
274785383
519855627
28201141
528919426
21290240
30818383
423349335
525050001
443059456
323284201
523720192
336998321
454350648
475911784
435257096
380831910
415977004
317416866
385913604
158425074
14141570
48818117
243108825
469572109
19014015
14297643
508711359
24949732
100928376
346747594
319739716
481372884
312497685
428625996
413428375
483310427
20369825
117799245
388328034
46670901
358373539
412737696
491831596
482601967
167151550
16697018
480887236
15211300
495239946
471006550
110747446
460162864
351727194
49133513
192301288
451126644
368521992
394907388
203087916
422920738
464719464
412982497
132543891
68430824
168783827
483351907
482477742
330354472
139953354
441745790
478611317
61255060
18262104
398014437
182123094
431686334
24017836
322190076
144891125
257806981
457037618
453529953
252820645
322347614
210397761
386609412
33619885
64627074
118793986
447442475
21126773
39341159
93741342
170016558
12831902
120780488
165170776
38705283
127924885
251147086
419874807
378263478
286262578
173340973
456680713
180160760
373047456
25678997
265661269
270913633
58229033
239159712
17468774
90781131
358870251
444256276
19432097
33175391
355565022
400626145
340552341
417739067
340966617
297187658
361320341
82093321
368956604
68379685
23889157
59103901
374459113
245943221
170039453
25609333
202283280
9345172
99379841
160790090
37807262
289772609
22821737
421394859
46181544
21491481
260284470
303794216
227963712
247861832
246024271
346861423
11149582
113755562
356823975
318440694
382408300
143886265
123334903
45965002
97334092
22271259
114083305
170075982
38703581
368202430
376345579
195551335
317128135
22729482
361238217
408634310
385130426
357010419
292151340
145678838
48819973
193515866
384155598
361651775
19272490
67288196
403663666
390990131
376071258
215482178
277113285
358741333
394837603
398849705
174366268
308586697
297767706
18296893
397303392
220077979
79763586
395624243
347463794
162919891
80931384
309724677
254133268
391406047
214517985
340841649
213839655
370387072
312477208
161711141
19264962
289385640
381508697
170270136
379599325
167717295
214675085
372385146
207421174
63014293
322921302
97036699
1763801
16196590
382128521
16137743
325644574
357146719
211718006
369970427
143915986
112891464
158042890
53937000
17044026
325365338
126841842
25836383
52649364
234401643
369411320
378520722
213083248
373780891
17938337
289494464
372838694
376319856
109164425
376023499
16518494
171957567
90747665
182831767
114502372
117661743
372564467
6031552
29837168
176165768
297106007
359253413
299722738
18583059
116131436
234947166
299299805
288303744
187814909
71960771
194587229
344275551
272114251
323085952
171162263
369299359
368516286
147555917
301039274
151157698
248818240
359025399
348683661
47357402
301660068
86818387
327955567
14267832
27925983
312029599
259438310
278845259
292946919
252191666
252379105
28360280
40350866
211271152
58055775
175664208
339801692
16605237
24030467
37083922
287334235
43141010
352899460
53911602
287591314
139576444
67578950
53787571
174436231
344294150
346463855
72454503
338464038
320305276
304457365
27633606
205643437
336625195
123829407
297468432
267446312
250203117
28748580
334512756
160929070
204072648
335018588
289851280
75928603
332531400
278838028
28704126
317113525
112393913
320389643
245796494
20250784
27744803
201381236
74148410
132944018
302794411
110523550
24966366
266764385
325932647
313034182
297776021
16523695
306388787
235153270
154166587
322012171
135916126
38549111
253295515
21042002
310674564
241190732
49865123
114235871
36361956
15179353
14453224
108852840
27920954
289244947
316870501
315348820
16719555
249290045
294070019
301572092
48937159
49506820
246753825
111670354
97478569
311898771
272613482
196222204
301525978
275094049
32283017
40288023
309720321
254202088
260168348
137966519
143390812
224609845
229699859
198644786
98539269
203938295
32535546
108882707
70226817
41172515
263742197
188040674
38725883
129964546
300986158
29125475
149503638
45604304
44467204
288681187
297512824
18518755
11779392
297213913
18580307
104548534
276160765
86328816
128370140
28704177
297024456
145062902
59303425
278593365
17123836
108433740
292887377
289941751
122529607
55377688
31409264
31081562
139762047
193672520
59722579
127613700
288924879
98506942
17437735
198724818
144692356
283354502
28931687
262535728
178292731
210957837
16630083
278923662
42306855
281622878
188442274
19477339
106878809
70762056
217583784
75581732
138593020
262562140
15651538
52106931
108931568
189181986
48110818
159908535
260162373
14892264
18883360
256510025
252487391
93759471
127642495
276976114
159099962
276228167
17942597
38895013
185662415
93677719
15067317
42383845
118934520
275946426
110549525
65230559
188915990
69426017
183048286
22638297
19388491
273730404
235343585
116833234
142533079
809184
33358465
33500146
266597649
267246878
268294620
211717944
42804319
268312339
21901948
44417219
267291201
81138450
222209771
25718238
132340298
158548245
262302470
163456116
106347981
242587798
85566035
4937061
257630376
233358828
165113719
111235514
47487167
33276161
45921041
151083417
109003244
40282219
260500122
258915162
18355938
214754889
246709931
256361699
40340919
208656299
255929005
234651761
14141197
224286611
75362308
104906508
211954616
252489199
194624921
247497905
73265239
24862367
21629250
224890986
25258065
64614882
239313316
239141900
19897004
35038857
6125082
214864908
229619663
242968339
194783022
242764023
33472080
76851030
242761391
25517586
155771363
231727050
227470654
19729130
239166642
237322243
232182417
216120282
124598687
213242948
239586944
193535125
222262795
224746640
11162812
72883569
227536515
34657398
186206767
93386121
134528794
231120966
142912040
206631082
58791339
226117396
102821663
35830238
36308294
51581950
14430086
26604154
49652471
126697440
81961881
42389671
229339187
28795754
11630012
159972237
79259539
229179864
14203120
19041145
23536393
17283255
223231184
227385500
18488684
41843696
133474481
33607480
92073417
218593761
213706518
14947704
197104279
155698735
218534204
17885796
166584208
58043076
123263650
49649678
178040391
174490104
188292462
199571964
221397936
221700569
193522221
60701903
158944482
221093483
19303530
117791931
199362504
220226766
219702939
18504867
191941564
14167429
80790770
134799704
19052570
19239181
151041862
207256334
209919584
78046239
211165122
213857913
16002374
10351332
16138076
177971892
17116557
170256753
134570017
194033220
206339998
54594124
140182751
34136248
25718274
14993489
98593629
197013821
17513981
17547512
125104251
182065466
26082358
197901148
20479560
190684722
198179602
107939119
190497614
166653118
20939563
46003621
65923736
89506254
23204603
57115908
164846509
16953480
140192316
17181265
182440170
143135457
86615684
183605602
102788492
62551636
188437749
14218390
26573545
35849263
56736299
44292595
159865971
18927020
101704601
129838571
146177773
14216839
88961864
35974894
32523956
161007666
47811875
34399771
180852071
175235937
162739055
28487033
17027836
38895286
14420238
163885610
174401450
167067783
177684752
16092398
22671716
25728193
25081344
131250021
100853035
71199577
50758240
147717393
28240302
11420922
59417357
19987869
116854206
24698555
164988362
86611074
18452605
55703572
24389228
45664993
158949301
16410165
119083950
14519349
131014080
21833728
16283736
110781962
74709617
16425299
38394199
24780061
800594
49133305
14357626
130239693
153594919
39377814
56745670
92712623
149290557
150076701
106653747
25080455
29461709
14348710
60935270
151100368
16689603
147554312
117750618
15911863
55290296
19462341
110263006
37036394
128931574
65404941
118938783
101662042
101653773
78123863
53036323
106877921
16178191
21717987
19243061
25373670
20404303
125414326
39818894
16892534
103160964
92181298
58304391
116627472
102456700
144641613
18879979
129883520
15511055
36666496
16950743
110504365
28688030
16323642
46694159
134604426
117973218
142439139
23798980
89799464
33880118
71691476
136823893
57701060
11002632
19329324
97546960
108391366
79344520
135524236
108477691
15368940
53130511
130236750
92835653
71424820
19079060
122668344
27790820
16975697
61801629
128165410
24481864
27432194
124540955
17194090
9026292
14128901
17108182
11768542
33175976
15484063
21250073
126673717
117317083
83676464
86607959
24183598
78763988
24158983
24916472
121601973
28288813
14435159
14615813
103067027
26377245
17088305
121857445
121312300
119810894
84872900
93002724
16305494
17155995
33768465
23319971
93026341
119116841
104674956
94431881
51407841
110423583
16011794
43888471
100680699
28223692
31291086
97529882
100281735
116536873
34334009
20312043
65076243
112682264
44493962
104901791
95478036
102418999
9548232
97386451
112903156
37298176
17542265
100304940
17002426
108968092
102819900
44292587
30270360
17592800
23018624
15558635
44164399
99742444
69742233
23132317
31174873
23321692
14675205
31433420
32542277
104033161
79338114
97041434
16455137
18834912
18801560
69608969
94496818
97486261
38983615
16194172
18251827
65986336
62104424
92623132
18495854
91195806
57140977
91926738
48085489
63552808
58638496
64275106
18244332
85639337
85883000
79245441
46745460
77101383
77103833
16050032
83495221
18501320
18333506
33206825
17313681
18692858
82912702
17527642
86807943
15584776
11274452
82871666
85357333
23090203
83426690
17398655
22805394
75025380
34760658
17868144
22693812
22963911
46237716
80556439
29512942
32219369
61569000
29040062
79575960
79737383
17573788
74877055
23862487
15751918
19539602
48791942
78031398
75258884
650903
33943843
25150645
32178689
21806125
13306282
34388974
46995792
57190375
41812183
44672132
75403075
71331004
66790664
46877746
16407433
26819876
22059706
28777855
42495288
15702758
21989641
35799291
53070461
14507400
61618591
18316591
59842484
57823864
26510932
15400055
365662159
365659212
614052201
20203285
169115069
1154770568
2870771494
274213788
3288844876
205779806
2180600329
3153492379
3214489588
3169185390
1878987517
2427458814
402630155
2799333908
1161094062
22290987
78385060
181324826
953246570
2197878528
278399131
185428944
22804872
1887606948
18998656
152422265
1666140319
1618639116
880883612
1482947851
1275483228
1184811380
1235889278
25911044
505213976
705371137
197901148
160932452
462599759
19363570
635845996
334849558
386105565
395545765
316357556
123965046
436557734
603698235
429068453
430976274
521264284
582214548
577426099
175581894
20957374
76852598
541192453
338880142
25276558
523683907
67605369
154378794
466466862
96817585
379958877
56001635
458857248
66866920
217099550
479523712
90188209
384542197
334547177
268815203
429765661
400628666
241236624
202283280
22341209
40413304
75491950
82728233
34482418
394837603
48524256
269467738
383995872
106539595
193531665
74741590
22420130
325644574
158042890
63139123
365358403
288303744
18817953
341950179
307803626
290085437
273671343
361963717
290654907
340552341
356182751
67578950
258605206
353209768
315209115
284341163
21692610
27524063
326952230
322012171
322563251
137925180
18597725
263644449
263837594
59722579
186581954
276976114
199962693
270527456
163456116
133369441
104906508
194133712
194624921
35038857
216120282
15257293
49386820
231206334
64177274
239166642
199571964
202729572
97268181
182440170
161007666
177684752
156888876
71112822
151100368
55290296
142114993
30705172
136001366
25723686
111334166
112682264
113643881
108968092
109301883
44164399
83104189
60710077
14675205
31433420
105041102
16455137
18801560
33712361
89038428
62277936
18333506
18692858
11274452
1317
27279694
17266387
21243148
38847188
16912306
57703513
24214974
71290434
21528296
50093131
33323675
33431238
8539242
19124961
43025056
14282672
22073621
26914871
48063491
18791763
29234916
43904453
17147344
18355938
14683599
14497828
40922231
31187031
39926925
38494874
36441355
14897898
23284985
29738794
37699510
29222415
20519318
22741820
34288514
34059397
33935156
15712233
33803803
33736486
32945195
19074661
32275815
15382610
6794502
17200756
16022682
813286
17990762
19696413
