3109667240
2338991690
2874211573
85690018
30205549
1574110243
564188036
61818239
72290017
2603359631
3288844876
64532597
2427458814
1878987517
402630155
2724926922
2611063576
2851281069
2849495949
1736988302
2799333908
7350652
170016558
2589340476
530038050
96875199
2484594776
1510469096
70976782
2370763855
2373319662
278399131
15533279
2225449470
2289900266
279808566
517168380
2152794799
549476819
1375694046
38592062
1485580345
1482947851
1302601393
1341446269
1107888008
260361653
543669376
141209597
897636840
109079118
123624216
281531515
1170818210
407043981
917128614
968430570
31555585
326158694
440622422
883997976
102754776
50776054
359687274
723623221
19363570
561513057
495295526
227284739
625997797
635845996
594042110
603698235
599407995
481369158
366226473
569302640
562120521
535526895
49115368
338880142
468119429
150380448
304457365
478611317
18730238
446737549
403736459
202283280
402992625
125811915
415018439
394837603
317657433
302103277
122473043
113874950
271396253
285636244
177069355
240720341
38895013
45921041
276976114
163456116
267002310
216120282
84677619
194535578
241233760
170379852
199571964
201134139
92312888
192937063
123652879
18734353
182440170
180804273
86608815
175451539
167231021
80891071
135577037
151100368
55290296
16538703
83893974
101841933
89796311
128602710
118464505
109315190
121547238
87686685
120594840
16520724
106974844
14849573
21430495
15642093
52365026
100333263
64937921
109301883
106874418
93135530
34301129
46254126
28748843
53434016
78064092
18664838
42941991
97283788
14548883
16418966
95913948
30793112
18737322
62781857
90338033
82279771
87921948
60379820
19415802
19011138
60550064
18636754
35178855
82359962
22752559
77583559
28153657
27562951
22441611
79280245
37378316
34583542
66941186
44673758
74259976
17527642
41675224
38815735
77533552
36631657
78131714
76424698
61702151
77503586
61725984
63131577
66960457
37557785
16881073
29140796
72468776
27922157
17987214
69348280
75457980
22011465
25825847
75723551
75723003
75722362
75721541
48834614
17468725
75453561
75427477
17602228
46816375
7199762
21746821
44520685
18617853
18276100
60247456
24965771
17850012
74337796
74336960
74336800
74562836
14389132
29247437
19041947
29014787
57662014
72826235
53500597
21820770
27327684
44126916
35524263
72401399
16721203
73460701
70913222
14388166
59056253
68164522
61151382
56533624
73122430
16265869
18620441
49787198
41997302
70250728
59216204
38226416
70761729
22366291
38006855
56527568
43608792
616173
17137489
14542767
46505695
16818304
11274452
69186551
13492872
61283706
71958671
15905461
71876021
42322282
30872859
25509705
69543605
29417989
49518187
68413593
29303009
17147838
17194090
19489341
20079891
17235918
16158450
18153673
25435213
19893554
17489654
31460103
31193141
11099872
65878760
16624180
28173797
43780156
70880037
15783124
62553762
67656702
16454196
47267826
25155488
15837571
72232791
9928102
16129800
32220512
72232525
69997345
15734464
11333532
65486037
21366308
72232276
15882988
72232272
72232002
43434645
72231982
14805088
54938704
72001136
72226080
71757101
97263296
863560650
703747892
243886951
2552956976
3224541894
3260545621
3086143288
360110634
81768850
389788299
396064703
1276323386
2288793805
2886171849
2942487587
3240193453
3152222581
3234748658
3312047685
1433803981
3238230301
3085628805
210423504
3239545486
3306316895
1875887604
3305089054
3183125832
2992671064
2294951304
1928924557
3016876123
3227563818
2977598185
247372230
2582205828
3185603485
2389600609
2720062660
72474994
3095203980
3063791280
2468488350
20337729
3061356320
2930532312
3058987304
3069762741
3185626898
3062129683
3059992728
3067409740
3061283892
3068233401
3059039192
3059256564
3059060125
3063353389
3058957789
3227127058
3053957882
3181355161
414926921
15090204
3021929034
860087023
3011191269
474735795
2257649480
182368299
3154020895
3167632353
3022868034
1908813554
3140453355
3064106830
3138035414
482342159
3057075382
97582080
3071446454
1429511610
3110464247
3060202826
147717702
128238000
1611691939
23197285
1318878074
3073306578
38774571
2881222887
2543611748
3064596995
3092730293
3087242825
2222154038
3074645816
496259079
886924555
3081005415
475927697
2925308736
710891990
547118166
3059732384
1490566874
1677845070
3024185345
3048760555
2754540707
89730870
3048140676
28097802
2536334009
44145732
2617553558
314689658
1951859462
2426368520
1878987517
3028102907
17284104
3018546997
569266816
285767172
64496398
157870208
2353644817
2920073665
3008414804
148376865
841042568
2394847339
2990039705
3003237647
321115885
2310531059
3000301762
1087698499
2987558612
2805974084
1712474917
1631205818
2740833367
2979043834
2548897788
541914049
2970219784
2815541726
2150899380
2959209009
524380157
2946657602
2932462461
368006507
2195383282
2658813266
163572050
2932079558
2895916074
2700967530
2888228291
2161362860
2300598486
182898659
2865386771
1603849628
1314635815
612909026
572103841
2797426927
2892634025
2883804014
2808775807
2887882438
2788463607
2871441947
423020236
1539720330
50556340
2864750242
237439136
2899020902
2843710710
2576957810
1940511434
92213688
1385864336
2650814664
2891155825
132498685
46275964
2886558128
2242386882
2857133381
2849656236
583550500
872354664
34332836
2844802053
279612266
1970569844
23107251
87782840
38449898
392532535
2873852766
2813760535
2802340477
2800917735
2829369891
2857286198
2832564497
61648363
732947929
2857223444
2829170411
2856763428
24619991
2857101186
2829380081
2829128459
327487581
2849852995
2731725872
327787572
2820099471
2611864608
2825874972
2809603306
17565293
21938457
522804152
2811539956
2568923999
2826182833
2788209651
193264099
21777950
2799333908
26964782
2781620163
2813088386
2814696180
1570745113
2808186638
53250947
34981357
568422337
2778391176
47304781
2692702676
2761194763
2750389660
2565504979
38186768
381421375
2651629568
2575240866
23001821
449286447
2715072603
215468420
2269335313
808227668
1662697566
2596669362
2421224785
2615823134
2615102370
2576535313
2611135826
1807414800
1356973021
352846251
2460545184
55972978
2588194958
2163569881
42869166
1290907939
2439353418
2585368801
1591254643
537672308
570426375
19836394
1514264712
176943352
29517924
2542775443
2542420124
2477208122
2523733057
2163558020
1381018688
2534102911
41319758
74268415
2556730505
23431939
2442805338
2294745972
2429784553
437194442
180191210
2495056477
462483794
2436082994
102844000
2465814534
234468035
2481394736
201986338
1952492756
176559858
552004634
300102839
2227964798
2295468565
29884625
2424070598
2357772496
2425667845
2389718828
1282410276
524536675
2353268208
2370763855
2421076741
347479910
1716475376
1523848572
755005418
77405727
20109966
2228708211
2389699046
118585973
75249298
533984368
50619553
2377065234
278399131
285738920
431744926
82347593
1553984078
2325855575
2365695820
315708790
2351507652
2353824626
242916356
2351893633
2220593922
731927713
2329661623
2346288008
2177981904
386389230
1684561429
21859563
487516955
2326392402
2300593593
277344623
18636915
1121479212
995993360
408705456
2287541678
281256964
1399917301
2300159866
2305996278
212077669
2225449470
1525342994
92816523
104063505
33822012
48965487
19805937
102738908
96685394
154159584
111079301
2253191716
915426877
844057466
1580593298
326848167
1621749770
999624618
130546829
2228231707
2222606682
1969247215
2216858382
869931469
309806075
1691178578
2172562386
2201974724
1849548510
1927527138
1954859749
391123749
204017507
2179266428
32732937
2170439496
2163107342
29995873
1654165357
2160710484
2153359974
517168380
2153128867
1355467062
387520773
1978602570
707121389
84028847
15496725
1968497348
717205588
1965106747
1963956182
69970162
85879049
64540666
1948122325
293648296
1943188182
14389338
1323451758
1470783817
1912041432
80438026
1902639530
1684118390
1924029715
1606740330
622282653
1685858353
1410938605
701914267
921919885
529231238
134899127
1899128192
1515579319
282167544
129014775
19163553
24210880
106793317
432612341
1718916954
1689250458
1727103817
1865119267
1851180614
1857104114
1449658680
600361376
1664981006
64532597
1729405056
1638272184
549476819
1798786440
192318097
946836678
26083260
312942363
365085260
282738622
1242281460
516734016
1559314778
47926059
1701453571
1685741282
63058314
1110287659
76833499
1360056384
176351274
994119306
17093617
107755630
1081820558
150800311
1618138626
1668495992
499958181
298740641
1471076491
1387833997
1643429540
1621120832
1226171286
948430320
813667910
901907479
211038020
78514007
1628927587
227801247
15969141
110745853
19478383
1613603466
16248319
153544563
248250335
1609499251
90491643
888117289
1605019777
607320430
629494885
750240042
1494197762
176776779
391646271
100357173
1591793430
131603306
76242992
362352339
1382849078
62182808
1523529991
374928737
178006333
497305442
1270045303
974609209
1485580345
493237635
18194714
1131955106
1342705368
721501980
1531344722
1479541880
1526116712
1499611466
808884390
1486266302
1448322205
971302722
98495950
1515110084
1514401764
1360129338
813892345
169699225
851882743
520859503
54259228
1425756096
1482947851
1454426676
1260294914
1376002592
153551571
1449960744
1440702985
93600342
1192656296
44145969
1452476738
264066547
1437183104
123178691
858786685
105368834
259458977
71551520
51780493
1428957458
1325357749
1378006147
1247041370
593774127
974754584
3291901
138903325
1411304150
1159101042
201531821
88022041
588893151
13235072
393627208
351357895
1254646400
27473193
1401225691
594199237
323010850
1256395052
111481198
1081707841
1379577444
1357985551
318487803
1388180443
167393917
123662071
1210169720
444378105
291252989
1387517730
1387568120
1000609592
1271338237
607297004
23716458
591316208
1300692458
1372395878
37440934
1290021380
586296369
273753154
1302601393
508956593
794787781
69343996
37610492
17195257
788225600
561691754
18914520
1360542242
44741818
718205298
1307536549
449914347
802622550
40658194
84566784
1346476351
277499459
26642880
455501068
1278877272
1284066126
1297785998
41305596
99771620
183605602
1107888008
1346600245
1278218868
917249532
260361653
809540564
1342000794
261578918
44022593
1149472675
273065600
1281171048
409909745
317210891
1057836372
1322919656
575694710
300830520
17997888
1205647206
1318046575
1297032684
952131726
227086665
569468540
1155380466
1250277642
1289879593
129867054
14435376
143960873
1264872337
262505637
1269926964
1182665653
24107145
50872797
299770512
1216980337
362064710
36448609
18652538
615369698
250860875
425906297
409338004
17166484
825978409
1213635715
375429139
1242119635
89019102
6145592
714210114
1242411296
968844601
755311898
1216456543
1097206921
1177013718
311219321
621609359
105242314
411652759
903419480
21232712
543520742
225057967
21709480
1014028376
555342588
1107231780
98978219
19394550
170039453
1161221364
873762090
1071949747
239899107
169286313
302555733
969100975
555085585
1075421527
1163812219
14285062
1152868682
1164928328
59593456
955265682
983048900
313403186
1129727125
1078544353
1160585802
358085025
1144748064
15608448
25015075
355608798
1134814513
978858152
107876546
18516690
1111560157
16683858
95450091
1064405989
27244338
227073726
1119341358
390613521
1117012741
874145976
1095865880
955583112
1109541367
44609648
1063149162
14977798
54931722
1099549400
345739075
976942646
567637435
153164961
335023072
291716489
72922288
148357391
100853035
55862313
1052233705
112438314
170270136
405131999
953726948
114644744
458666149
18317022
330083538
15933898
1008218456
272687570
342524628
819852560
1056985081
124243654
1012083992
1050984715
417435366
705419124
71843252
277747980
46051059
628330662
977067529
41496517
46970485
120016683
40565544
995655854
410376529
1016546767
847379132
35356959
211656206
799719
543803539
1007075414
996148501
18879847
22772972
280606793
16878100
914148625
1000630165
998495810
9610032
850080606
230730166
67944502
100545641
823104889
144938721
987379554
18874383
588848487
25965585
767800722
924466273
485726696
403122455
902476328
974145836
279011548
436307251
148418872
137845982
368198491
23661767
176559684
284670555
604300579
774510661
962004764
15497071
20732256
858591565
188855808
164787215
400101893
923211204
948669308
20512009
591531396
921566702
942431947
17130246
733318934
169525045
26385846
914898919
326158694
459548985
934899644
811215055
249780387
628932619
367344074
254763107
884682385
31613729
325087306
921996632
454634696
808769856
370243397
81706155
279862111
314185609
328710038
195953056
614845976
89847675
622600917
237522704
30930556
900342338
16787663
412651321
889624987
22490043
36299119
887507899
375213791
440622422
137547218
106958838
43254311
56133391
38801963
124215190
883997976
883479397
33222032
875878093
859856250
879931130
878884080
138091823
617566055
826516729
747479576
449457763
357924478
435091133
868890049
720860635
832716152
504383834
861847416
213421753
864400633
230152179
861516818
861781710
859957376
856842026
854511366
612919887
538622627
429316197
433779462
828815186
298106566
519333254
26731182
176637412
32634329
800915173
143878919
842240233
570405771
576345879
839224514
783853819
246342530
625751662
139769681
476205583
743031164
398983566
791915414
129108387
586995969
26311890
600707683
17021806
16918180
38226136
15693370
151577471
282605582
739517394
161351348
622813644
44690703
36443379
818959268
20701669
76548995
519138944
362254373
60366403
805193316
221636426
18864326
348216077
808886533
807611485
243176861
368731933
17453989
132771522
801040453
546574448
800640866
792409434
125217521
387511616
411243415
51094304
464719464
583114341
739484196
183887452
595954169
787416751
187234309
784074710
569242704
312339084
393887721
75114585
778864123
705371137
126102656
777438888
80931384
771862471
464020559
53146543
305787509
751268940
770233442
635009358
484407481
441887845
38672141
627038379
22307468
95560264
213037272
46405356
744285024
52162126
321655924
161369215
438534632
515931860
736957459
340499646
245493441
21566661
631245322
755347196
535347528
751227439
20153536
22074405
474021761
36441413
18057077
726675360
61576864
633088706
20362037
467794539
616855470
53798383
434627928
46302652
598834494
16884557
78633549
438079895
617252578
432241991
255045122
169826603
701526528
705276912
64209706
403016538
706581786
620693258
273613563
322106528
564748792
635845996
625997797
637333242
606237761
48035635
597791013
633292644
633913383
407677152
629557258
331811277
24285050
624839149
628993049
631718889
395545765
456356697
253800348
286265535
589268580
518223469
626654749
128656589
28588467
267790948
625739843
31889311
534584964
170016558
34490011
594447840
132013165
104281873
619699938
299256867
611198594
612524622
168266935
586639418
229346198
253556137
168369231
603766881
416788610
21679555
21367818
610678762
609271745
606863978
334849558
587494394
377603950
339050867
62122627
403435008
604894616
35200923
603698235
330114204
587484007
494135473
108124132
325628661
491507092
21801651
191293137
163892910
352592177
98925352
332000180
569334243
32866745
588434684
449665603
576692777
596320404
518759360
376646614
592617481
190755527
583380707
83738301
492680530
590376837
588497515
155737317
308995701
43329758
145003170
317416866
109535044
455958271
333882418
87105356
577426099
269933990
583120384
81950362
207275743
13519192
580161375
44431564
577302617
349887612
350421270
373481304
50105532
64476090
14578804
328626523
307610221
363846198
41129686
575551114
410097298
106142483
574538075
466712385
435168598
537745745
573272523
209718763
512342043
571688411
568799489
20107621
436267242
414041530
460476457
562946889
552764719
227614566
539391345
378857991
474231961
15071947
565515923
41300171
256774698
433315594
201826130
247062249
166243815
15434757
33702361
3760331
563826310
175581894
92315965
531653591
115767852
471724867
558714396
558133841
256949516
199200976
115813132
544227552
240683013
555181378
539462644
555977227
554249749
90580501
268414813
551264943
524235290
501551188
489468400
552858617
65334171
551820978
322243450
186216743
508212993
54264281
444016110
373458346
484903912
15210604
525434756
101865842
547079127
540871907
24124843
311473402
537751948
342323975
272479011
543934586
495296928
522512093
17524938
541369982
329490789
514652719
30818473
350856709
537760950
338880142
112488599
459931857
19031473
18226360
538291955
533343885
248140283
237384298
126636661
184816574
524422032
246597981
224529596
536014460
365725906
236497884
100620126
13581742
518064586
386546688
413580583
315961360
18926067
31675617
49506820
18224425
528251762
310563730
472536676
458893494
486678037
46533064
385547094
523653773
519130269
245420957
198146503
521766596
260290230
454350648
37510119
341242921
373485028
355733162
449498275
511763530
58083572
197339963
258631328
512731470
501637003
469206597
516395132
480261498
62102281
106332103
499495465
410090631
442539271
373112432
397718635
381107230
503525675
173811572
50169834
512661937
424275642
468123834
108112182
305929920
14170346
72442979
187621409
508219152
266727449
16102902
80403200
501187003
430762680
237612705
489232752
388328034
482601967
123965046
486265255
486297195
498643786
274573255
456028158
38243812
38235993
112918314
257201883
66422288
129939121
371434619
89330165
480950611
442003934
342242258
285432762
393735845
480887236
42898075
103781862
270898552
285024875
170021186
45568547
489188730
457325307
211384657
344461019
24719615
493901181
203941834
489784198
73536919
205406176
371528295
402300428
458959484
308899694
433449414
46283650
46926992
445766116
335620693
485457239
26643400
50849078
422790418
16829331
149866836
373420372
77822247
247857394
65417345
485515668
90539171
26587010
320769390
412385858
51379645
314857768
28066607
481671901
32731774
19625650
28053298
469859598
479672577
281592380
218358687
76848115
60398541
56328691
160940979
365153842
479388699
131672548
424287525
478611317
475470745
465088638
388356589
431686334
62345910
26416733
63524788
299987158
296890153
411605111
402920222
470440050
469872723
16138751
116810705
404450277
353604775
457159794
24700399
44802042
226853961
446737549
463181295
467701934
244669997
255512980
278825958
236782408
447442475
460366941
240143685
17383566
462683483
24654450
336226993
445024078
463160168
423995169
410378210
267971339
412906781
340777522
454116779
460008320
273437243
418972440
334408510
145362253
276862179
340055904
32507618
310426894
80904090
38431775
457636427
42923372
122463378
454078855
408363863
448282180
316863563
281553848
147655642
260591219
373047456
84459419
288408661
425950873
84153684
453377489
454576539
66453286
263624389
397614046
185368971
14822698
452241714
450404308
451819932
444750166
38265042
75300453
191577279
79601717
179241242
426428521
447978740
22234558
276081640
425063546
69403572
442172918
173955667
384166103
431029113
339030033
161268346
25430037
398427904
433660629
440625818
405860088
425927216
36047976
438018328
308790201
271157886
110151376
425076642
15843240
124829306
353755291
82316132
322813406
225252058
409042581
397042704
335639878
433512293
387224878
98538948
432276745
116056481
430378396
261737097
430816881
275690945
131061244
205070842
430653086
97218764
160003040
156378383
334258375
26505232
391710976
202283280
422616741
419669921
74930988
428620682
366269152
14627161
217612401
418357905
387228629
399624192
422876074
154013352
108762843
106811428
113022975
370877634
380945407
336344710
418176777
237890046
38703581
418220907
191169374
364085993
74504980
110323436
398821297
231329569
83025760
372633228
59565896
160350199
393171872
95530777
410323656
286845396
267448882
310912900
380383110
44210513
403427105
388916024
169636942
16491645
59961288
411268738
410884628
200276634
24603507
405430523
234921313
410101453
409506038
154904990
405427079
123582575
385130426
405428595
338297854
396235635
136951914
88227539
191135652
349156930
371158701
386719522
109164425
359871722
193515866
396286845
376275278
221557402
200984448
394604441
403590021
404215213
396286820
401167344
38109868
281637926
402643009
189320783
382110470
228862591
294733246
398928237
346195544
210900896
243639393
113055280
390132529
16279094
386588164
175386305
399925714
242300046
394837603
214621479
222223075
144799283
27806923
301294455
22206565
398109581
238814812
169636085
200923305
298230682
22335290
396671227
24377822
396094750
12358342
394540539
327216192
391933138
368714774
358798377
361544672
394903405
194219839
377405947
372654011
355070099
172978886
279869576
289385640
392890531
155156528
320257822
161900014
59988172
247913938
138071749
389268043
194823018
389135259
390239855
69176038
151041862
224634239
247847063
340737139
389366949
255552196
386749676
370226428
30043227
117535876
388122134
382039408
381769625
41966817
170730688
385071287
96786749
295275468
112881502
384595359
382621017
119417680
378208320
20252773
359438108
383957332
271286619
65156317
187576324
181325946
325644574
146510602
382548185
372917812
143915986
349300156
381531900
300773990
312499245
333596491
322738113
158042890
22068689
243302278
379308486
95161566
367499311
20629893
367549777
289405549
342684211
214853763
95796254
293088957
136861608
375642490
258893909
373702891
343612195
97034665
297106007
126124248
376270902
365751608
245862910
366846840
76992915
311636879
27992755
67113127
374170242
374588823
306102234
374074424
357775873
281503774
357208573
340470449
248829548
372155907
281347828
366042447
257581957
265907467
71631236
37993822
234052317
17240937
15598930
359248231
369073473
73208978
368716434
202993488
248901205
17896146
323427043
367666584
353150400
217670423
62983495
194392056
365176078
339807838
43134139
229214115
21458371
338017584
364624232
36471368
23674342
45730319
361963717
331197844
133816291
340435971
337187749
361219314
349752953
295608567
360060001
292946919
345542448
266689545
119761740
329406069
338615396
212459704
120110323
346307615
24990217
309476291
344862556
27233102
132151090
334924967
30352213
349769904
14674411
84475186
295960479
340112256
219781496
166878932
315730205
94244074
349972526
349292364
17500731
17862096
289611233
56915234
307110763
348683258
222478706
348347069
22739948
65500168
59579368
217451219
326035771
224882988
239627149
314489008
80754467
261862746
322394680
313116118
129314630
153233445
92778632
54085999
344275153
54354543
289819996
343054830
24893968
36199875
104409346
338673564
316984374
339206344
238261061
330437594
15288934
158061141
338560673
321037790
128906242
63922188
201883668
267582177
304107084
182639980
336185838
315641893
279298770
334332322
197470062
87325512
147670082
14565301
334227844
263669498
330257596
307130945
16872388
54787878
179244462
326673362
18476385
18197193
329826590
330236819
281160959
109308604
176733865
18383195
40115792
297898628
235670349
277783933
117751842
156693977
315932654
233259766
287322639
258605206
323048129
324972609
145944676
325889449
222501688
65415879
21546136
279144755
270465684
293454991
314104167
212353413
291659911
258361600
185377482
322012171
14268445
277271097
80775390
317208940
286408860
309218822
295155966
25367937
23599046
259366282
317831707
46438405
249340017
23790198
139953354
23566826
33623859
170130903
135848452
317372276
284607400
23452370
315538626
28259108
310246115
297295773
77553261
313796600
114869899
27680898
80873181
302082310
310440036
311898771
72720414
196593150
52400584
304457365
282084936
216134608
309103333
53478811
259988089
134071341
15322397
163497338
293280353
159509125
296332331
249720155
263334673
295115322
91483314
35279241
288781112
43714630
227135190
289755272
246024271
296435272
305001059
44681236
253820435
266804259
304684982
235481356
265336095
289849897
302876406
283821080
272771181
98200833
3215901
52106931
134940326
301140285
280882127
21020465
131600416
290462269
296011005
45921041
287631678
288003728
21832059
131922078
190083415
40310690
17315235
255748044
65417385
295873900
293896638
277666499
32587003
121225999
90514489
89723396
41660196
291202757
68170936
286940081
264503151
289446266
25730252
227124553
258982223
169499702
96981637
276094718
280750619
282891411
226242505
237413322
231127425
269042194
255246948
266749907
193834733
38895013
31081562
270408017
285453727
41666832
247963545
37551682
147358001
28124419
65720556
238881698
194108939
47205502
68383843
266078924
144690131
287878037
208332000
235672196
17437735
284351025
121058256
18219905
38076933
288823104
159535073
22737380
282317819
46508855
275391587
33124778
285219458
16809682
191596401
250763684
283208180
54052039
286328018
268537888
209531141
285836131
69662659
209217467
39764947
228815293
233010207
283966998
280611503
238951707
274018028
242638659
19464672
20775310
48480153
22745342
158802131
283730672
274209565
41458373
46891744
227546224
48486100
16671144
275220043
240505395
277120125
30263154
74378483
270388936
228882373
165102638
26133376
282210403
281123363
245923333
14336965
204450682
280107967
242093417
39602799
29620466
260184686
61783197
276714251
197227956
9699192
155392675
13638892
276717119
27240166
231675773
278444634
18398842
273251072
28207437
153397456
275589154
42716864
19500536
55074711
276228167
131389043
91700719
276203298
113408069
272216309
272978365
275644486
58017839
119296057
262079769
128178543
257092701
236215006
243892025
230067081
35763043
142533079
51084711
54615655
267175425
198400206
40044001
264370040
209666647
76450444
31128256
21370983
83671898
108329526
270338918
196675888
174368767
27685144
263791035
267002310
59714064
246386985
17268418
148085615
236664449
23864985
264187932
109623217
230642295
264930890
214285707
151206351
17787826
263529305
264346867
262883580
259608606
204980846
185800221
235324053
108941515
47962663
138688465
41950500
42032458
253692900
262314447
176560556
256349576
242528092
116223449
17413777
102550824
251925695
91159691
14821347
63458937
231154957
17216383
252741484
73512970
75704938
182492439
192911633
258937604
182961391
257303210
222616026
90547165
234400837
238223859
19499541
53005904
53174361
244460744
156341511
31409264
116766949
32458410
97266123
140809312
33985800
177232074
177187276
33933814
210964592
161983590
16273144
253086416
253723873
15013572
237448128
86721216
20681254
224715987
222859193
218229974
253951583
41958344
163585221
81847906
24590508
25178603
250894729
252934888
249413720
17817793
232805751
17937327
249988316
235581187
126213684
174064681
250998151
138448035
231309966
217158255
12594482
244233786
14747430
242979657
228917170
196977999
225611279
246784832
89593931
174298675
234608068
100019126
246785357
249100623
246701213
248969211
15301640
23642893
246697328
206011112
145789673
246691311
35863564
18581409
79830711
244623146
246690271
246685230
101843389
126974144
228770112
64419656
97719308
246689452
28223692
232197522
138453208
128241313
241539211
247368685
101880303
199854584
246339071
246568411
38001218
44153288
245879639
18364255
233332962
27098210
185706869
31338352
61725984
97309238
141274978
86818387
79593752
73319462
16724500
17235918
59397009
20770149
12831902
244333305
137856749
17961246
20715442
162898103
244279131
87250631
18003562
47164589
64801239
21820489
244083123
15645871
33006313
186461571
156239812
159462573
24025224
242801672
9345172
16476908
224330660
62844809
216502033
239597590
239493444
212100956
168922714
240763278
198692281
238281060
239713067
240149432
197230324
105583476
223705254
20100378
188023903
236525658
174104744
164322605
159244893
239185887
112617997
236204117
116989944
27702107
62442271
10762452
223417387
200181927
39450727
51502583
208066641
32062804
20425093
86383307
35744896
235020335
87588512
209606107
15448821
182227043
30614750
104669528
194021282
154690956
166731381
123033330
17106027
219300990
170103075
227784441
14768661
234716644
231494427
224355546
33754152
218504651
223390951
16826425
211216482
135337455
26739128
198050782
225167622
227057016
231997191
226352998
119950761
18557959
51643600
194226242
170868721
216680924
38944844
29153775
232035860
47942777
18582160
26643307
15845357
230294511
167221801
229215402
115736043
227757179
226713935
229746526
225241498
39387388
15240952
176629337
222283808
18306136
140724579
201151574
198167494
15856687
230710450
230348157
132735612
34668675
110536542
71804693
221939413
25392270
59610506
225949983
223634309
75914605
18471342
38670922
226117396
50743805
38440785
228848282
134430755
213394585
226335593
228627944
91298698
226953603
22194884
67430699
220041846
226282131
194252920
57374064
29775575
84900368
24263930
19068352
208250897
14236161
223800791
117960544
56428342
167274030
124054564
126842522
129065792
21797184
31048444
133401264
224074946
223708483
194256417
221847447
15998931
46224705
29648224
17194090
222936115
219375583
206464199
14870085
133469039
154122601
134218425
21658412
27463129
119505792
24440532
65589378
220627948
221124936
222341487
216575461
219033276
212305467
93996035
222261788
55481720
19747017
221869604
112520272
199290088
93742191
39883835
122565863
206943339
162739055
220068585
88528574
22172854
45702024
53784189
98920088
219437209
23125963
20281159
14995791
22427741
48860222
216088327
14277689
23528959
218162774
207611592
158644335
211660247
167931315
213432619
18193824
17071455
60448573
185056717
58695412
14948418
14801168
210216171
196698224
176555021
65577676
24803181
153055595
16631968
71150591
17131833
73395049
16542054
21721513
169615150
197499103
210463370
171357534
143057492
33111655
184321278
135352406
210137847
44656385
207183203
197023347
18490258
24689116
22603666
23860769
200035299
122751034
144065163
201304164
203419026
36983420
202264577
202410322
201557474
201389966
146867090
164635253
116053618
199556084
175489113
89773025
132518983
95038033
190684722
182994241
186268222
48284168
188447253
58617712
14196671
187028390
17136889
185636244
192385492
190065210
125660423
143135457
31344784
107180524
36929309
87871906
182896823
146214483
94600150
190868384
33091017
25740881
175703521
153574281
35080292
24324881
185689086
162916817
97280188
45089449
174762045
161007666
163885610
29124968
173955306
172735892
16515444
16953480
20532407
55656498
178842666
178196714
177581822
178695835
177944124
72869574
85171530
176157831
18815967
29214576
174322908
174144575
83873868
109825873
21685362
118538592
167628325
86749362
20656780
170022561
125352131
167816254
17286093
151958983
9491292
25561558
142698934
166191690
159533681
133564884
163025041
97267889
15194641
15952919
85944346
94912172
27230410
154005164
17094471
27199091
115254172
36752896
140903326
129071562
32397007
156390384
25728193
20583028
156078323
120008076
30015139
155777769
34277844
18149869
138436535
25778469
147794926
39844685
141082328
122103111
151555969
148822027
63195739
121544985
15179591
149540403
140516499
57369440
30896066
143607006
135518250
74399881
147742172
137463978
145157622
139598445
85828025
89103024
15235475
112761288
40037996
144872418
59268693
140521611
104565802
134235405
130657592
37246052
20924698
36056694
93210720
23977107
122721292
48278981
140209184
9320812
79344520
26569991
95093448
97546960
108391366
137490015
23333534
134333930
135259177
56510389
43486535
50522881
23870175
48086560
56199784
15840938
18513162
28053481
130266456
126708046
105577375
119702817
102714187
127660907
127225770
125227352
23036506
19973100
17827820
118885118
16565972
124008589
76367384
32181641
33987004
30079018
57105713
19465926
117792133
122112457
15949678
123372232
87495080
86572222
14488540
80929247
30735466
97207004
118573957
14375658
84872900
50119462
52803092
58791339
11768542
72622103
96817070
62987341
119929360
93926089
17855518
20624831
44017367
46117342
116444558
76385137
5881632
115976129
110757452
27565236
103134510
33713799
14162498
76345101
19711108
44432632
112613797
39792350
47956694
73902114
67748272
111334166
84126909
25670369
64250735
19596592
37557785
81909600
90574374
32657325
114300055
101924808
30590886
65086841
113690442
34956651
68952817
111971091
103058049
19730434
19669954
37769093
110791453
31059620
69654069
21708996
94456013
110048022
16419705
84467632
22901373
91800476
98997204
58701489
15628274
18969174
68822790
18178581
15998435
73557459
18040544
15731700
16684546
110607861
20258334
101074585
26588803
71343336
26429682
32725540
109942103
35862004
36808881
109109771
109187355
63570184
71188954
21080122
90093934
68390266
109337867
46052456
58562926
59886374
104867182
61841410
108521730
16186274
14471748
21365619
34080819
87623160
24780683
41644058
6114122
40376212
40257595
44128868
30031273
21787636
80680699
26089139
15887497
22903810
19005291
22456164
20055109
39856917
20268506
83939854
23816148
24310354
17449476
21500044
88764043
37665421
21160279
21618344
38932766
35833570
15244063
63818366
38992089
40072525
18573156
16712387
18502254
67095130
90577822
24459649
40958494
20193452
44292587
44362897
27733204
40237506
15431253
32751863
24986150
89277392
66144042
15909085
91498551
95744594
15327488
16103483
22512245
30911516
99432200
19732683
68493899
39384756
15297359
15318574
37872924
19835581
101303173
19557176
27283297
100524678
18183485
18232515
24626969
15131310
30453177
18755600
53559608
54311708
41674443
15603674
15526210
24861500
38705325
20434870
15653842
41866944
20638487
66251932
73286634
59815021
21908150
15076722
113458785
2949927863
3164988675
3028838219
430865419
2907960395
106703933
2452455122
3133821104
2690600478
1949624828
230185306
269226612
16231168
3250066340
79998918
2213628559
729030781
2677552122
208138875
102755330
592101519
2163607454
385641321
1433803981
2996904849
2401366082
430109795
2876162658
2170670504
3221736583
1196702316
264255037
2976350210
1958114756
3288844876
3131432631
3195396588
184886388
2182886594
2952317147
394899263
1431120920
2447688342
1877138754
350389150
489874212
2852414568
3073314942
2804108831
3199948114
3165878377
3176680833
3097700807
3152827806
18000120
17820338
57631031
3131241515
2232373076
1494971312
39600497
3109389155
67006243
45729664
104908181
2157324482
2427458814
2935131134
2991886559
177918011
2216762577
1114072530
2451562988
2808979546
418103045
2996539577
306413659
2761634326
2994384871
2850872906
1729206805
17757005
249591853
3009230370
3001161656
2890892908
2997286699
16956202
598246504
632309433
263179354
46747269
178367598
1368404684
2914295607
34637209
2263238899
2918994996
2968354821
2905044932
2960526166
2907556098
402630155
2658813266
55845878
2936308326
2496628903
334714680
67603567
114810863
2828474707
785976913
2900770030
2906451603
149443096
2771596210
1497206186
397700379
21838443
735479288
2832336983
213595628
2871095214
1652593748
2895344881
2336788915
172404274
2889013345
156616929
1355246173
38449898
2828393482
1536802513
598908615
1692146910
106534744
2831908699
2573190320
2730315162
1099423574
2837874053
461470904
1437303674
65784083
14435971
2771732802
343018061
72049917
753124434
456756353
2789180230
2791628669
838319744
2799333908
96529599
325365338
2814478093
544570091
1559057616
339193494
1591360309
147276255
2153461352
2780492820
2777340403
193205292
846525259
2764629336
33935465
2699808786
190221491
559838199
441389311
2730793555
2497279772
1585188121
2712893881
2598096054
1335098496
702736801
1890998010
570251167
2492197830
614986991
2601771121
26499743
1716627188
160532764
2496626886
448902114
225129996
531939744
42947049
2540104878
2598858852
269757075
1961754752
283660297
886713692
96420409
2470183518
274702465
2318689427
2458845428
1636056774
2310984980
2458497085
1328074400
1647941448
2555830850
39417734
2553619596
2583439091
96156263
2330578284
119121753
26485352
581954959
1555056290
2346282452
56358597
29508714
14957573
302927769
815860274
2189448176
1534279520
707070026
45648114
2440570195
202866073
1027556136
2468290399
1615885687
29726998
1539884196
2386214846
389400214
851203736
1041302138
2456860862
137193517
2319072588
2282303263
2453798035
1414889893
311264491
1402507831
1921972170
106514543
308155516
2306836050
27156384
2414030208
2370619087
14237254
1289619865
82631006
21310222
324766420
1093174339
1179586170
713288088
48164287
467605028
24576103
278399131
1904979516
431744926
69047389
46133710
140906400
408034486
132306696
884915562
2213320656
34136736
2231767311
1525342994
260006905
2336381553
229613393
1219099572
398852891
436400805
48422835
2180352578
297758270
2225449470
2173100236
463013529
438041502
460833550
414272183
325134493
213308646
1640089802
456989616
1284950995
203106907
2179626902
2283955027
1911279636
1962452052
1246382568
555088778
2178526927
41156446
1934688001
1676673396
469797599
194644112
1572704178
2264766470
86381586
56445256
129655839
99231134
874140715
155665285
2219413272
2185144544
82384783
1886900190
1849548510
1125153289
501047335
22247912
2162844822
617902757
374489165
1720460144
1966112372
271638996
1972980943
17677470
935864510
1978707361
416978186
1920174674
1940740926
1957572553
882876066
1551750511
1686157808
1850854572
1611119233
1447546441
282730331
1920324775
201393659
230907840
243529398
546346198
106793317
954115538
1715524202
57137566
1845661759
45430819
167734800
1855441640
213780199
23652828
26122639
549476819
360054369
612052515
1655200802
77627079
20706483
881805559
1410360103
65110930
1697568768
1178176110
1205287861
151109102
872697786
529231238
1498716865
401710943
1548883166
1243124022
598824487
150800311
1292323015
474131440
561409562
494300815
531629602
1664004266
429235602
1089193110
1481939022
1286345484
2347991
1614787478
1601184164
1402014324
1601926350
253235199
1336120392
1544941170
1467617616
41018658
44438035
198637428
249510394
1553097073
243373869
146211541
75413145
1042210958
1544383472
1485580345
117860773
1486748803
138085872
418830106
186022912
156045376
1514138353
905641458
261889903
1017621751
22146825
425228187
17811145
1445491118
1524312338
1321821690
1286193416
27752119
427366076
22059252
1482947851
1327634545
92950839
87532460
1056658993
82310813
161591158
1479862782
1399843464
635829234
1467344148
461743239
1471161290
631726460
1449960744
28597782
380610220
1259619542
12672352
48512580
804516534
15433946
631443295
1438950271
1361877432
124073070
99121516
491575108
1426951452
1383363842
1425756096
974754584
1409275112
64430402
989295150
1408582698
20701480
66763500
1114095811
997822819
1399913616
291252989
1387517730
1387568120
715899596
1131935911
982056655
104224509
1351681153
198284120
1302601393
28980062
1345290547
1250176514
585309709
917392603
178539683
1259520480
1107888008
859840280
1033366309
948662821
260361653
343598276
608237062
636569662
417680166
141209597
1289787372
416699260
984497569
1180783682
555471376
49454971
1283889056
1260587071
1276276147
301293945
1272665430
1006908098
1250420137
30853206
1250525000
491644552
235995939
1245245413
313375223
928213579
1221499698
544404835
87946729
1218235873
555342588
808111832
474028890
262058837
1130569488
1010061702
580843297
133321787
1018053984
193119895
1128956155
874939332
407043981
548366980
139783534
945943322
375338584
108454159
279913686
552451073
37435412
127631369
586885404
1134909722
1116215989
34358861
184064133
67075884
69084538
1126509990
860747574
168853085
247335763
995655854
188809568
171940131
332830042
137548343
876073004
323010850
791861030
100853035
1072536289
291875085
1078282033
1063413966
995515568
580162469
75375980
991157478
1046245022
219586159
95990756
232593965
806896586
947368098
994459190
915254270
938252803
921777144
946083566
916993556
125617468
344695607
938211312
634002871
302074581
18874383
983631140
626351382
509408976
341626295
280606793
223996528
966556106
821343739
539221746
907028905
126895769
96430054
950092327
456162624
20635115
326158694
432289109
459932105
59385011
927050978
398313150
766985846
16065149
468533754
51441812
597643256
18751524
454217513
36299384
718158649
901348998
874421773
355705952
164931222
440622422
874113463
460349896
46674766
27468172
829865384
177189033
873599797
869509350
877078410
127496205
870350832
868890049
534448318
861847416
864676176
92880734
720168955
477924342
222244335
208578623
18034533
808846532
343540352
259970783
816554761
494483677
400628188
560699868
21326240
734162708
625252669
22140606
58475274
411243415
583114341
588749451
631245322
479768086
569242704
146697122
21307484
706798892
74841087
289436249
138065862
761507514
761356770
758223482
43228691
623048095
705031848
466887821
603698235
509369390
300247951
744808200
382160660
586257477
716739450
725844019
589603294
170016558
64811487
728673787
19363570
709613180
725604222
719562036
718837022
534211910
309641451
717558228
716204844
625997797
711752479
528066450
710419710
710034991
708454580
88043127
403016538
107542559
635845996
637015681
700627814
339907171
635921935
635888087
141641580
546065844
123356076
634785120
285029771
633483302
633406112
45814911
633158767
632749977
581331754
630944262
630743776
364234813
113697077
629941407
313434025
75343122
21319791
17563421
627231684
627133527
395545765
602531907
625294816
221346437
624554998
624480225
623287389
623194447
622667872
621911791
621865352
620904547
620815122
620595394
260423869
620130044
371008640
437002374
609998444
617959788
615532229
614531671
615515320
275582528
84100157
15897247
614135425
613299508
613277879
582620237
613199908
562875261
594638481
603766881
611818134
612356833
609834807
606309405
610620504
609922687
590417091
600926819
608727464
334849558
233636578
607980406
191021682
607288559
17385513
405800833
559084634
596974180
313758008
127644260
482844853
250668597
43639695
188526999
250268989
142893631
343444921
161118340
555339015
377610457
53146543
134816860
262745842
557336827
282542884
558848954
539338456
577426099
576591205
127735164
186034950
328626523
575952676
564219091
498598417
569302640
22414167
472344548
571688411
317838855
14579415
414041530
531226490
14927888
563942314
213735158
60275465
119123917
245971334
19609679
94456219
140072696
553692883
559223740
19011122
154018393
546485165
498254575
155645591
553137176
550624868
159062283
78147666
60025337
223953672
54264281
550778507
49115368
548144782
72585401
109632934
519742525
48052029
468120793
528708780
107464551
378194577
529470269
338880142
540376716
537760950
526479048
518064586
536418578
112469049
100620126
488573724
386700891
431130625
527195531
89254098
254700702
524839212
325153393
241352198
524288788
523591545
126415605
96191049
157212752
323510110
273698901
336998321
454350648
402881950
445830219
275619791
108547471
493448645
481399167
507058643
15065238
19031473
442705780
143701910
503780929
117799245
388328034
467546601
482601967
480811744
432045620
303539673
293724426
469642307
498679931
458810217
394453341
472613961
494238170
462640742
492463678
24405831
14205381
97317387
489067844
489129787
117896191
450716948
296873254
95936892
486851927
17485992
485940969
370484807
168955264
267898332
418894947
394178955
396165992
66317179
316861094
481349808
476889277
334546178
442381864
22571085
479614956
457613728
146794988
431686334
410838810
475588981
73134313
312708057
407847459
402786754
423862055
450019803
282556134
251390335
471715735
211284235
208180103
458985812
463181295
211909025
423667855
266122904
449716426
126281391
28274841
465963866
144876970
36697704
348055156
455116038
441337820
430951707
437630408
458018730
460310976
394001340
429075451
136223207
144879861
377446870
221310976
330462746
18730238
448995162
436065224
442897171
375146374
288408661
443932113
203173061
410838499
451909553
453693423
441190458
414871698
451301989
450336339
404342354
390584518
236782408
446283832
442256461
353164707
136697789
443952870
74777744
249346415
441865319
154653373
437447845
432501888
100054962
423658411
82316132
17194090
418707867
52960461
212241811
277090234
432313497
431993534
334788063
261023653
429463872
202283280
22438313
427472917
426973915
324472058
31500136
388038908
397520889
424126927
76752133
271965325
346861423
323041034
414744810
372564467
416320620
299956601
204811338
36721931
102746617
104302864
308876324
18947534
22729482
405427079
380787625
217049965
385130426
408634310
388458260
145678838
323511209
109164425
380413668
376147127
278757807
404217540
404967797
344375241
74731237
93581879
171099259
403691216
341112030
288763838
376989144
189320783
97034891
14803010
146984636
338179525
14736500
400912275
394837603
237381325
34064695
28360280
220067186
312972756
760637
394758778
315740032
394423613
242947917
385973307
377384229
21168607
109987567
389588993
60251958
360729998
80931384
340841649
389268043
213839655
390239855
390161199
390026131
323072389
176527523
379599325
385795965
52208488
348664248
220031605
384752289
376734177
384184420
52745508
325644574
382877462
143915986
158042890
171162263
45543728
98482274
47357402
380249792
330095999
377687354
158814557
378180624
66265568
354409595
322177587
226286509
372766820
72152474
90664854
297106007
236968418
214517985
333412876
250203117
310775871
330366631
17694550
160826292
293055859
176165768
373034932
341687260
359253413
151958524
288303744
341371244
353569402
18583059
143948177
252557977
71960771
370104569
323085952
369736549
369667556
368020280
348683661
358604193
317797173
361963717
364335377
352483853
363880047
78471292
331308942
135765053
295036856
78016210
70951504
36744294
344801595
289494464
36471368
328500266
312029599
184812351
288510006
360397300
292946919
20599790
359025399
65135516
356924962
60265289
250192336
355141354
252975526
172064112
353603679
199139939
85651705
181844988
352960337
352435629
350046758
352399214
296495123
243970853
309005073
287591314
334912431
339899987
112034865
67578950
311440241
350669922
350641554
350381197
350599314
129352595
326711847
118865431
267335725
348175024
199784550
116001544
296579557
270173338
345238981
339213429
267826971
317147225
344740290
344613310
282791796
288625220
221191334
342852088
331736512
330880225
136276021
342255180
341331400
335018588
305446858
160209043
107790036
319716672
222671791
339652234
40746203
335359507
32578174
331374635
334364931
220532756
330438152
267083724
337327529
336625195
335687611
333971741
57495588
304457365
209648331
155670672
329307855
311484275
306400963
242764862
325493504
141935479
322689511
267171658
18932935
65043471
324828721
21116179
325346934
83931660
299708575
271827551
308586175
314007978
309977158
95174397
322012171
130268033
65259915
320945927
320998535
257627884
272236955
300350200
138087503
286765207
318440694
309053555
312816924
258955783
316482441
279402598
204001586
78495571
315327557
296683911
314369021
313954549
234891681
236455067
171946845
311898771
232206915
298942010
312682427
17915370
201601391
90204807
40288023
275725803
271591796
161312229
83002445
227311189
296619467
304815076
86106217
246055807
65190307
304221533
301460184
53465287
300734803
294070019
67378997
263858092
292070082
23379393
32153068
17025317
112534380
293428098
300398894
251648195
299707191
64052392
129861439
41253753
159381625
297163695
280634191
291091272
155604019
51733689
292859950
271508581
199540909
261358586
38895013
31081562
291614396
151406650
281772146
289211105
287765978
288924879
98506942
45921041
288291716
92131060
42540916
282317819
166617666
14705116
85736691
18096816
131264627
285387079
121247423
259471054
261049943
175057485
282788446
123583134
43932174
281622878
218926372
280108685
179963135
154395228
40282219
218824910
76721673
279073994
276976114
168696336
276228167
219397019
228498725
138480484
276639779
104866053
39260808
61900768
34950960
274142812
273873696
234833937
269729371
253836700
142533079
171569570
270519930
183551713
161960363
133609381
76155394
84772695
31131371
267250986
252487391
112961367
197125799
265592721
263783329
213789308
47428990
109003244
38389350
195967628
262243463
261478397
49923839
89609089
76661289
248897533
255690514
255937470
251266934
251872722
252348319
252398150
252125020
246645419
252401940
255573385
253950788
254152057
254219595
253697155
253739302
253690504
151083417
253902165
253759836
254152088
153983883
253712380
145356443
252404905
254220447
119073074
248831348
251176716
223515146
54968692
237023901
95686669
127558171
246077370
227060460
227080134
220317354
90909525
209264781
71305614
21436867
50851023
129866210
206557206
241721940
45383857
241459088
229577516
216120282
201164878
162155088
34907048
235062306
234852990
164553682
70714191
40261881
235236068
227536515
208166401
16116421
208270848
15913295
18558628
173529517
226739220
217580886
154437008
223973717
229852544
97429523
126545239
226517882
147734461
18741044
160638159
219557044
128538621
219309987
220015371
226988436
17382977
227841780
222803524
176866289
222493303
221556387
10039442
216627445
178904428
154598925
181248011
193459662
32567337
20100548
54927974
199571964
208167307
25593014
35791900
116189363
38699173
203172788
65212011
217795881
217869591
170113518
198906224
20422787
59037850
16035865
45664016
164345288
133778827
154955791
18343779
171980594
211888623
21209732
208468766
15939054
17088009
209033164
25718274
40228487
174490104
202729572
59339066
78716833
180328559
115367867
120071239
191859996
197275783
199290738
170790415
173097066
173743169
173097188
173097414
173503264
15953511
154188236
121623525
154420672
202787032
159833569
161325375
38291533
201661106
18241719
182065466
26138537
160731284
59722579
190377758
132529923
14513471
18633782
74242700
116530984
194173402
196752630
58428475
190684722
26085941
149059198
97546960
111006463
18019481
189910203
69400169
191514075
44906167
20154994
191446834
182440170
190349161
67399972
72602281
70495854
33926445
35080292
20932349
125940559
22042801
79388491
39064763
169471952
183519480
168410254
32523956
89802173
161007666
43934874
115287947
25795518
15199740
84384251
95161796
29974361
92437068
177684752
97771770
39495449
177619063
16797081
31276651
131275961
39698821
38586891
125993959
136438691
16069972
8745312
111028624
109683168
111978982
110913165
122407806
111574131
23589650
22160197
21255844
165685826
173659212
19291844
89936723
15371874
64722415
156136903
169799029
98931020
151185584
112351430
8388582
53071611
78654264
72011049
114819429
55526696
69511543
74129992
155147461
119185410
36238712
148060225
158111629
159142933
55648286
36405037
157764264
127484318
144641613
155662044
144872947
20058864
39778164
151100368
125784605
117973218
25557859
93593435
133251117
90424680
149916472
76333569
15879182
5526292
55290296
130365543
26569991
146175698
28767881
16699496
114575851
142439139
73027466
20197573
126321869
60215777
24219059
108391366
79344520
63020838
24509808
103908322
64532597
23807343
755452
129240741
20208987
16941233
42679622
131838800
14243046
20201325
16259319
112260504
19281432
41858057
130226461
129920889
27895986
128332403
24231528
122018949
120963347
23947803
125660566
63658667
117317083
17945137
77363309
82906910
19738560
66275628
26510157
33947019
20431389
108710783
123752072
123998190
111027335
122565096
43865033
104265195
111594999
96584091
115522286
107254980
118988117
121422459
121187955
79259507
21834303
108036475
95809229
85850756
113408120
119206078
99781904
85190199
23737656
98648745
67524701
72106050
84327025
87813952
35290587
104682729
96099071
96346911
22671716
43982987
81842657
107784572
113703959
81920590
108825470
114966019
85455054
27817316
96717028
93618475
81350215
47374058
115782955
74825856
106342490
87973595
23296501
112389441
23915100
108526831
113716293
115561216
45490819
92607192
61535408
25709676
24371480
113459994
114510321
82925252
60885114
72924658
114899582
18560119
114776173
112682264
115139873
86451986
57951868
62665601
107935677
95546854
34599373
91144457
73333706
107751776
73680482
28805175
74932412
16673966
87623291
112976039
8706852
114212321
18646356
71916981
113065558
106364446
72557852
60374137
88418600
100634529
76792477
113643881
107751437
42790519
112740855
7891592
76975238
65658659
91593348
94029257
83996734
108212084
100785381
112325641
108415888
73522850
112460746
57877822
108713661
47858500
89184773
67707161
19341895
111513882
44706111
15105878
111354002
94412230
97207953
18147467
64739004
108968092
76135200
70577588
62167026
94828086
101647469
110512083
111334166
17375330
52369727
109082175
43831310
90700251
20608159
56316276
88284142
100936767
56462475
109182318
15742514
110652412
18481463
19250495
109831732
29808349
66567842
16129800
74010581
92252757
91203229
91673977
106060369
110076795
99284564
51357821
21119947
55944315
37640533
98372943
99834341
19976462
24206535
30872859
25298734
23289070
21561620
19359303
26756830
52954700
101129630
13759382
93611475
90458461
84284349
22275015
107018001
75094884
14944241
44164399
28626360
41074006
103371707
40914976
25150645
20125211
784492
15917667
104508274
29548063
34595320
40198923
106185121
98903650
27114476
19214226
83624652
97336389
43242266
64446131
16888904
104596019
63291595
14980291
61567946
102072656
103790495
84121994
62012111
101576614
93109918
63818366
54239363
39200569
93041673
86961190
102695444
20271080
75436229
41202507
15817478
104532986
34346121
95910111
49757985
17277325
59422981
29397307
12782572
103724159
103745762
53033940
85173155
14419313
16562663
97767328
72857532
3533231
99744276
101539825
99004990
52526819
97368438
97065785
102941295
95738741
101313457
18040924
80746682
73607715
100650474
27123346
32812453
19032043
95670637
89403105
10865192
18801560
11768542
92834565
19342287
93880411
38911056
15451367
80891071
47347550
101776046
54614548
29362243
63622427
58791339
93922027
25153138
99133856
83130821
95863927
101188812
14267591
60853065
25119321
9979012
88278355
99688249
12570402
92853592
75689414
98460006
57411871
14912789
27559439
28537533
16314471
86546109
19378927
15869832
43240018
18538564
82929882
26121068
84076573
79608504
68366837
99190270
99470198
99680698
51945599
93328161
92032206
91879320
79599845
39054167
69116070
89868982
68848560
79566868
18855401
60297747
17057376
99148612
90126165
90259570
14507201
29356669
98993208
91256935
60649297
16936303
18913050
16878850
68140281
43060862
70812244
93464249
29337885
74186627
35048875
16380110
17428375
84117795
91668779
95655519
38310347
16788768
62084025
24454190
53488297
97233205
77918846
52035549
57161327
61556494
86123633
76435380
92703925
85436482
97798415
73122430
88887142
83190448
98419332
91382042
95163312
38742528
57935244
90979485
17002426
95684460
70973597
14406947
19784552
96592911
94129440
45911981
39432444
65406587
94172240
97189021
61540226
80277700
18771406
61477868
77792049
97285898
21105896
96982249
23379353
85202154
44977794
80679742
30210124
59337355
86036108
96914611
38469132
89723620
78547290
15533248
14255759
75867439
96248024
33550160
90656366
37258238
21157704
50920646
50395579
74681903
51240289
95913948
95894406
95889449
21192704
71350684
64556941
93564986
93891385
64567417
94388531
20682588
63649354
45905029
18621686
79376683
35244169
73695466
14660391
14457588
80677085
23437049
41912268
77565652
14071477
85739190
30904591
38553185
80518302
26568654
42035933
63209913
59465850
14447850
94135653
37564231
93638825
69284171
73155824
30011816
22029439
66355403
94107851
70463961
88861791
82537785
63720229
80908765
70913222
93857302
27419487
72169212
17546318
47702485
65305843
64208453
22234257
55163382
17300752
42624098
84997230
16580890
92951663
93273898
82381450
68841786
90755271
67702795
26320518
25054324
90776750
89412361
42682809
35670709
23272177
58273002
34596799
91623822
42724079
57219154
90461924
37381909
81765740
17354797
18589522
17491102
51826229
14378029
56006265
70153995
45971402
61704047
37839855
39587534
21673520
51964801
66780876
11333532
79876006
58281229
82138130
41293827
31238771
30977352
23133361
91288528
88998076
66346482
18532919
15569235
17440232
73598471
81782341
21551820
26006195
45202287
8057672
89115570
18409645
17790274
90800321
90738109
88762400
76114248
52931657
24705398
69589950
79823560
87236725
18122642
7957772
71334521
87997123
70359354
62397267
59257796
61502793
22120066
88899937
89883358
20897509
87850474
82692864
78292018
50319021
84636759
85473476
23550943
88403534
88088156
27374285
83067432
44153288
36855355
67678930
84262821
60608151
60688437
48828008
59200277
85295953
87934651
87111731
85345304
87882826
18601750
69100689
48635863
85875168
57720688
81402388
63311737
45346982
54583906
82908137
71888625
86953325
18975088
50961477
20427885
27329799
19944816
71478515
80862558
83792639
17492408
86186142
74349903
5475642
71634746
18688200
77291685
62553762
17260136
85740358
22010021
46374176
18036348
36162240
27306870
37378316
56965125
38511602
70833649
8981642
39004829
84969982
86521001
79764713
44023448
85333996
85334249
85307880
86299776
83374979
82112778
16727022
85838688
16968062
75794540
85572863
34278941
82588957
69205799
36981827
30877173
47294975
83767925
36873399
79857283
16661695
17512710
84572210
62251597
85426120
21131960
23090203
34701347
85343518
62597703
52949518
27137834
43997002
72214308
37545188
30450573
39563680
23703690
83934179
47236605
83641537
14633814
61554561
25325433
17040731
35753127
36036421
82004405
81781065
69270288
81607706
15766464
45638508
75582943
81510264
56758410
81680433
70617719
31301038
55958190
80577523
81621081
16596064
76644656
23245331
12764032
45560533
73944944
33776446
74321013
53933318
79605506
79061522
60211884
82485019
19268459
45545666
18071569
81632043
20619908
65207797
41653366
23349990
59698136
11573842
82046514
32548173
26809735
67437016
79586999
81844274
81919612
76651178
18415641
19296493
69378971
21658477
80834607
75094224
81564733
67430443
70587141
45309050
29762396
17034552
36990012
30092587
16792149
28060275
61503323
46231538
70554722
81164317
62269912
18274110
22620337
68462146
80255477
79681675
79745666
45403153
36327781
43329833
80880648
40870833
40712506
14522944
25356215
79271914
33677503
41358380
56599386
70510140
45180667
55646027
34398966
80581793
80257465
69631367
78188151
16136799
52729072
50712695
32331734
805718
79116379
36324527
18282695
39859738
40878734
58163488
20748356
71729207
67710857
57876160
78846278
38679483
72958553
79930686
15267917
17992196
27077825
35610654
68623693
79174761
18696710
53655558
73790836
24642664
63364367
70644792
49377630
30442387
53438535
35452114
41382711
24591351
66016249
78889258
33943843
71044126
62399325
25172914
21430495
76872578
9596392
73977930
38251594
11463452
78209682
78337713
71566883
57786431
55924741
75096500
61825943
25157533
75828303
21493072
73884400
16524166
20486147
3537731
30292024
73480348
70071529
18010273
76963869
33646572
15680614
59343352
74277343
67372488
58905170
64467171
41123038
20957388
77620897
26717814
17486417
56074155
33537362
63842624
52421813
54728209
62565164
26660809
16699495
23998829
43050185
69497815
75525819
77037285
63552808
74474262
33153203
75214256
62087504
76196038
46816375
76256503
22568769
20012081
75137777
33436426
53170101
46215625
76617373
68499399
58490948
66248750
24035338
35716325
55867074
75960774
19692583
59136271
16966928
74765678
72526869
75297377
21477870
46858446
654203
54368334
75036221
61625825
20111385
58939815
72785754
19207523
72859878
73991055
60128932
45460959
74807282
45800914
74399123
61338310
74386818
58287561
75708850
68317546
73357738
17980871
36924248
65736674
27090485
37317307
74837464
66722629
41789947
62477304
25451173
16538703
19163973
74611464
18620441
74941592
33044533
54500424
15676819
18651600
74358152
66463127
74719844
72874804
16905483
74497306
70482442
74049295
70247497
73138375
71494875
44310850
19234620
48352554
73721059
61231339
18832833
33282199
52721870
62212610
54172425
43622577
72545261
70785183
70603540
70230735
23198381
53802289
41396452
16812036
66763252
72953566
39999486
44679470
59531867
24142446
72939011
58589938
54046960
14353146
68234617
44369664
25053226
54161433
61502101
63681073
72620439
71291931
69416061
69365858
68085084
71998415
57345224
19912933
39354810
24287402
60395359
29280682
19498445
70677527
14556477
66008550
64598893
52915290
43714153
61486007
65848668
65865989
63156153
32333767
45686453
50982160
42930792
58054917
13227722
67333769
20399746
19341833
70403109
24608086
65100785
18504486
5435942
65938283
44673457
63322467
20175361
64465308
50814821
48834614
70314306
19019212
14943818
64683643
69790517
20852569
22715672
69883704
69801597
15264739
20084777
22239322
66628260
57705132
18074132
68001318
60767100
21521770
31189847
69212176
27678632
66677953
66740869
36080317
68727224
33442030
21721548
51883226
41872498
61053093
22414657
68685442
55287606
28713467
68106009
68276679
16932445
20331468
37762931
65668137
68671644
45089449
18260465
11425612
64411928
15619661
68362363
63087009
14470636
39210978
45408482
62023151
15288974
56783103
47414702
37521293
20405428
62640163
19733819
22233065
66586414
18881831
49904033
11041822
41004822
67391460
15012545
42208725
62905056
66552341
66328424
17772796
67594128
65059193
67573023
56370361
55542661
45545433
66160764
60642383
65484781
67379042
58558558
33875533
62671218
43495743
50854437
61642869
26988513
36820661
43637071
63060380
65685975
53301240
42386024
30354164
17874035
67021159
22679928
45252933
45735645
47615723
66451770
62546370
15356467
14308273
15717652
21425995
34674988
66653190
61846846
26164442
15719469
66549728
51218443
26414380
60991375
32192966
65950221
23769455
18549821
53528897
63880455
45476212
66128953
22235371
64341130
65693322
51807344
60150818
14874649
65128991
64785133
62654180
64984415
45800691
38187534
63925988
40740661
64032309
50117370
59952027
21561943
21599647
50519832
64981942
63392436
22851666
64677870
64041680
64032231
61387945
64972445
63069472
22748992
54743712
14413498
22111194
44274776
46995345
14833435
62942883
64366049
29890636
17591443
16538771
36240284
52032753
44914733
43653326
16736066
62050782
48434972
20260341
62935536
49464364
35534795
49314043
49734051
25497965
41897469
53437427
15685444
40065752
60749850
61863586
49588869
11582112
61185399
15732867
61874281
56848260
16501262
62096744
25534432
41911725
15108779
47621712
33846635
54808761
24781626
57976364
40110962
27562951
18769672
61786819
60582208
16631557
19515771
49787132
32302688
41320490
23669136
61250785
57757712
59567398
30279352
46821808
20267271
42401620
22423078
26049853
19925370
58981156
49966494
43349370
17938958
20312043
45004523
33715148
24862187
38713852
59317016
48348100
2519801
42878178
26297965
60658569
54674839
33440456
51220700
45636070
47652034
57657767
43671196
18318176
58434094
58872397
18383732
58076170
46081842
14719093
58076362
54057497
14610275
55537638
52427630
18529774
59532612
26541144
58382844
45099073
58458310
58566669
37441640
49897308
42272787
39589707
44893755
37717280
34904414
15181500
44472122
57006923
52722781
57798721
44476760
59123960
43152183
57871330
58663714
22679626
14307344
45708141
44589332
24941625
28359693
56617568
43526613
15316932
16978733
26608673
51722791
54486721
55986892
46707759
18067813
36650335
29997641
47708426
53262203
37599234
47730592
50707881
53637605
23320227
29116176
57023081
51172197
51167293
57049194
49641431
56254583
49198331
52757344
31059946
56553203
19499732
42906143
24122752
48316968
36905299
45837548
34870775
52999705
27856595
20742627
41155704
50735400
52275377
52756093
20682227
45993589
26997707
44119012
20765240
24965771
53935110
29247437
52566122
42998320
19558182
52948418
15080793
20066438
19343495
54570501
55942377
39461160
20220253
53992552
55628073
55375814
51444935
54998989
24260487
34755402
54938791
48345369
54392372
54540837
51662770
38129354
54406763
16957675
15006658
50389437
14320564
14093096
29109420
46431931
54413753
20987224
32001422
27417367
51998116
53462094
45141651
51646002
47041416
31265996
46144919
38208210
43469042
46505695
42482567
46785415
41466534
30857396
32836877
51829879
17907471
17482984
46117664
16743474
19614733
26128478
44855375
24945689
50036939
44559969
15553711
41809811
48913946
34225445
18246335
32431483
43510237
25886907
14184889
39752645
49166171
45924754
43719999
37915778
46427011
29528671
47574992
36080974
49148700
16035499
27902520
37937091
44868532
35196068
48543725
50760133
38810148
50498876
16454196
48082658
50448633
50011295
47116492
24398846
14505380
18450733
44665482
49768085
44205977
39850054
46131748
49603271
17518786
19154143
27573070
48655139
47786685
47436425
22675809
34334009
47568609
32780660
45998133
48255204
48629920
47324609
40723336
48148277
18254005
41727588
15568612
18019121
34225492
48212668
16468796
43076901
26045545
14470037
16860796
47037577
43214431
37279137
44000041
44087753
44011058
47607737
30023870
18454118
21219163
14849200
40873544
281563
18807593
44142609
1317
40162537
35774603
17942579
40852420
16878227
15744310
41224973
28143514
32155203
23546412
46616643
47105758
14185645
45320963
22364121
16322914
17793579
38447955
46603381
26009909
15751918
41466795
43620449
28286083
41284396
42896357
19456939
35010062
44721564
24957749
20885589
16443216
33420532
24704470
24905565
12885662
45710358
19725959
26833888
9171502
44783433
40432292
41639318
25458378
20131183
34743307
46316352
14471957
46325508
8445962
46309794
19518866
22997517
44917701
41911308
37992869
17245752
45511537
23523081
18379329
10163932
43595720
17747609
18244473
25768384
18550664
35415955
16465359
30982835
26877303
45637757
35842120
43552207
35667782
20031837
44520232
27827658
33829697
14532771
20024296
14080524
16164520
43051200
25332875
44719626
41455090
20075668
44451898
44384569
42753244
43424084
26336959
43127645
15284900
40519708
16801452
28785515
14670879
20525466
25857989
41008177
17147838
30913844
40146103
43249514
6087712
35038857
43306502
15380207
14334166
40338748
21545115
18268532
18620272
40829457
29695454
17437735
30133649
30050606
29472553
25509705
35597133
22432303
40206390
42656830
1818321
35655272
19204892
22216257
30017998
38108608
17488225
27881452
26983781
8336682
42196938
38025322
28091955
27060914
42051753
41978615
39910807
37508913
26490829
41973995
41872660
25599869
24861084
18083988
36780511
34306548
39182844
18699766
40749622
17639250
17765188
17884382
34670731
41150082
21513461
26493362
38355472
33162974
40112725
16253598
41248923
17885313
38715825
40951439
17624304
35513278
41106797
13662852
29387465
41032131
15062528
40956257
32291866
21104789
40915097
28952520
29057391
28751147
31731670
40738303
27070289
35385475
35210834
30092716
30089176
23705066
16190975
14831299
40470272
34653856
15811314
27354009
40279476
32189252
40038544
33821979
14942016
23408270
15210424
34821938
39605803
17123884
35341756
38379031
19026617
38706274
26601012
37295503
37323099
18826280
25528906
25928466
15237322
39418826
15582559
33999168
12816102
17870682
39359846
20799075
29763363
6038282
37677053
26726572
18514087
29120050
32480848
11274452
35096291
21584466
21869847
38670129
18082206
15954176
23196013
21127861
24216366
16175544
20432549
29657072
38175073
38200094
26930857
36474204
36861122
29718675
18501320
30046635
35856957
37966270
25170112
15230663
32769095
37840406
35404814
34206040
31835879
37673502
35829928
16739442
36560742
37541436
19892459
36886588
32569639
18886380
27767256
35227082
15176336
35877354
28584525
29413715
36999697
31652418
26663044
36974663
36509849
34806087
14938016
16050032
35536277
18029069
35602338
36308258
14857135
28890084
33615679
34569897
36343089
35761807
36100576
23401766
27933511
33765961
29553587
35166038
24890438
14076588
27665615
34766077
27003119
35722966
27137085
34212675
34160314
35156295
35495658
35331523
25407781
19409246
20570461
32417428
7624142
35089880
16339101
30929595
28343947
22062895
34954571
29646000
30447097
33783358
30627929
26509964
33841030
15831817
22964443
20070557
20848823
29605801
34124318
19415802
25084021
17717378
19779712
31102268
12833022
29033690
23345682
32661971
33092272
33035659
19658995
20552489
32759680
31845019
17394240
25549127
7662402
20972980
29512942
15390020
7509442
18493785
31274835
21906739
25995441
27769157
19947647
30951364
26835500
26817317
24744915
27610779
14401544
17601250
26499962
26477845
26467533
25383665
17453693
25378942
25378710
25371927
20977778
30433672
22553523
27913103
29703938
3545781
29847761
19666728
22948577
20214318
14327320
18386677
26573419
21833039
24590635
18878528
20603062
28281390
22654374
24118398
18791776
28851716
28858491
28815188
18467164
15546166
28153743
28133563
1501881
28377232
27074025
17475781
28282626
28282250
17276451
12295092
25080455
17825585
16896824
25225649
27451112
27571538
24921774
27065628
27808129
25596054
21369823
27545343
27742747
20023105
27481587
27303236
26295700
22570502
23816148
18889947
23898154
24797080
27221386
20755077
17372386
18822017
27057288
26961384
26980436
26961948
24881234
26780344
19176141
14279896
19734357
22518425
26739574
25026344
16692057
26517783
17398655
10667662
20695735
19696413
26020686
25951292
20494215
7862922
14670993
23309597
24772517
25795803
5554182
5181301
25435213
15859039
20915313
17693093
24035376
25696352
17578429
14080733
22364823
860851
21955855
18362944
20134312
23123427
21600204
25126822
25294398
15347337
24337900
5380672
23300429
22259556
18136824
24831424
24448500
24458748
21710524
17894233
8343452
24444499
20660256
24156050
21211055
24031610
23913045
23824356
19514142
24173598
6137462
6116572
24137156
23829398
23012450
14134479
22754670
2567631
14964923
23854139
23426870
17903329
21799765
19244912
17890318
13658102
20465327
14047540
20966753
17378950
16471718
16597815
17178973
19337315
23191584
18250327
22623378
17044037
11961532
20750766
22707236
19367533
15442984
11911952
19070342
7868232
18810341
20549470
20469752
22249236
20211679
15944045
22396495
18177891
19660389
22358680
14398500
16547458
14717525
21550765
19439643
20544405
18785524
16892873
19665469
14859361
20005993
21684091
16061242
19347475
21053347
14669398
14954707
21769200
21672552
19833105
20188987
19875100
20370473
21504209
14567349
21646635
21724397
16585403
21647264
18258005
20570039
16036420
14809486
14936286
21255715
16567134
19242232
17270759
5432922
15818676
18004732
20941139
18905619
20815721
14880856
19249333
18032149
13604382
21321973
14621598
13849982
15821034
21205390
15225843
21085478
8796622
21122389
19530219
17159062
14941163
16876339
15050972
13673392
20742386
14675205
12574492
14145704
14173886
18647233
20654705
19743770
14674690
19936970
20626982
20345476
20455738
20564862
18083983
17316606
15067280
18124375
682333
3995521
14387292
20062463
20325130
18005047
18127199
20082368
17343006
17802893
16116732
15881477
17944548
19618918
868651
14982126
19460725
18788070
17233536
6449282
16610761
16376689
15584776
19425911
16067166
14592635
18441547
18963717
19388709
18189657
14789024
15926672
16560487
18286352
15756049
16294267
10623142
1588391
19717400
19863117
18714307
17291599
14119609
11855092
19099916
14552421
15975725
18307340
19713752
15343686
16684007
19628348
15693930
16209656
14831022
15901521
14943556
15998474
17461349
18593576
18193921
18575560
18481984
16116536
17062689
7760822
19581648
18807292
14050252
19504708
14391242
1530371
19318138
11206882
18787798
18345314
12895192
2656681
14670999
19011761
11315892
14548885
15179507
16010438
18131401
16640215
14271358
16343608
18770132
17857220
18762333
15498461
18439818
14966703
15619025
17964515
17122450
14326998
18202092
15139005
15597393
16057594
15326881
18160766
14223020
18496398
7629832
16903925
19119732
19084637
17932454
15882988
18975620
17828110
14444177
16045742
17900130
16045468
19024658
18310181
14343852
14588116
18308301
17925070
12014132
14244542
16448814
14463440
16323649
17145049
14415928
9023932
16182703
16428171
17550920
16835886
18596225
17770303
17672711
15596589
17894169
14962114
16935108
18659973
18886170
16830779
14083276
15963391
15170795
18772751
16296800
18932562
17796228
18487449
15973300
17905816
14864716
18234030
18844554
14988245
18868797
16692771
18298876
18787916
17538699
7862352
18822218
16859589
15384629
15474458
18531951
18754810
18734304
16650218
17949929
14405162
15108672
16010434
17642448
18748417
18742652
17492156
18039861
18424295
15172189
16045527
17496154
8653412
15786922
18183492
18171084
18536826
18258913
2726631
16323449
17457105
15149003
8334382
15161938
15032862
15859070
18675750
8360502
18635714
15054733
18627284
16005341
18662907
15070364
14206269
14882764
18251376
16602995
17780733
16010099
14590903
9528912
17350597
14613531
15238205
18314908
16821954
8417802
11732322
16617786
16008395
18521211
17550030
16636176
14719912
15880153
14217862
7521832
18607953
15795521
17065721
16579506
16604423
14751748
18609604
15330930
18236012
14603115
15405142
16317543
15591360
874
16051471
17871850
15193328
16005131
16106523
15102934
17155760
15359377
17982724
17966449
14389827
16372808
4898501
779451
17943552
18400867
14292326
14195869
14944084
14208982
17639021
14037052
666523
6845092
15056775
14850580
5741722
5392522
17985116
15791597
14104847
16170787
6295912
17349129
15448801
14619342
15113622
18577892
18282281
14326165
6291632
18210497
18023081
6291392
18098507
7708032
18381155
17008383
18094540
3251381
14068964
17095170
18414181
15795421
18531184
18423862
17992963
16867126
18232054
17730786
18446307
15536483
18519830
14333474
18326008
18511348
15657623
16548716
9270652
13322212
17542895
10724762
14062405
16899075
804455
15878890
17994074
16539573
18051227
5661792
15858485
18468714
10355572
16493563
16082844
10086092
6830022
10925702
17007129
2356581
16290150
14261168
18105459
11734522
17147872
11862
18339682
12811952
16273140
16099486
14063253
16958142
6023052
18391777
16409126
17479472
15254077
17460110
15360092
18297649
15248053
15817310
18151467
871631
16615898
14164855
17288112
14278006
15430505
16072647
16917803
16587002
17885796
13330902
15166577
17954141
18362685
18437401
16269475
17001317
16410131
14729225
17928137
13095252
17296920
10493972
14926117
15866947
14891870
10240132
805124
17446887
16248768
14355142
13401052
15599505
15816459
14520351
16585020
14122720
768579
2820921
17685359
13977792
15766848
8373412
8119812
17955058
15282152
17920019
15734464
16036766
7385872
15816164
15182343
10618772
14326938
8596022
14632998
18343766
18194994
15802435
15131310
15794195
8356082
13082862
16625057
15790717
18324305
12712322
17624006
13110992
9348562
18326977
15660644
14341871
11199972
16481826
15936786
12422972
14455964
15027791
16398216
15045193
16531389
17056226
15577241
16446761
15164442
11805432
776575
17801505
18282199
18131675
17793705
16303282
16627727
18087515
17295146
17386939
16875531
6192162
16181186
17968865
2061671
10401572
15829920
16744558
17374059
8918032
15724505
18206578
18074209
14589191
16412137
15867107
1338681
14945874
8820652
14389132
16948159
14451294
18139731
14140703
785032
15159312
15919939
15711791
16915303
898491
6084982
11752272
696193
8171222
17541486
14284595
14248266
17809307
14588579
18098332
15209694
18014067
17683803
17651721
18007420
15947185
15062527
14709397
6273552
18001873
14803701
18063196
16747109
16870978
17512350
10348402
14849573
14573074
17297910
15508743
12950682
15991049
15148531
17583639
16897314
17400254
13124342
14777649
5889412
15501073
15866876
15239391
17498112
15959560
4541891
14648864
14445236
16003658
17490432
15296408
17949986
8911432
813286
17945516
14916332
7799412
16953808
17275115
16212145
17824861
14588151
5946672
14600831
14603540
16745140
5656402
16784095
14709419
16976960
14346066
15731049
5417132
1315431
14394104
746323
10419
16828265
17202271
8331982
17333896
6682202
17206335
791635
7588872
15808502
9573382
12772482
8943132
14812193
16481781
7040932
15346899
16788047
16026253
13443342
16366776
14303228
12010462
15407944
16057839
2558171
30800869
56695892
2151560346
635024437
170896135
2684399379
3114416654
2652690186
3102647931
215875504
549618627
3030643485
52708305
2857216422
490392539
2904305654
207866010
128360400
1266141284
33736320
2836844310
2836931215
2799333908
73176167
2734353479
2709152602
2393300070
74039607
1125970574
278399131
732259484
2225449470
1284950995
276125766
213780199
1482947851
1302601393
511539407
1107888008
260361653
39944442
194841701
24300671
950748451
400726071
521578010
714525408
326158694
18041493
393548474
68712584
495637851
815867653
356500706
18251159
149627233
574405466
338433757
15188674
209678571
407850899
25729213
412457880
387514899
15443555
123426631
63922021
18961305
323531344
21371092
353141092
325937423
163225725
78769296
18439352
271415349
271257831
202209219
140447326
254631214
25656475
24582527
23205991
39265116
161164332
66064421
174904516
19801761
9520512
178512592
180221438
151896392
135202135
111051223
50746525
28511271
130245585
19945740
35286777
28514419
70030813
7910992
23970312
70817267
25126136
