68536810
67973977
2603359631
3288844876
64532597
3099165516
2427458814
402630155
2851281069
314011033
2838138170
17949967
2799333908
2718707827
2620038794
170016558
341990231
1510469096
70976782
278399131
15533279
2191260554
2225449470
1350757747
213780199
30853206
188941422
225057967
44189429
1485580345
1482947851
46992121
270754406
974754584
343127562
1302601393
1002474271
1107888008
260361653
809540564
1278325087
1079617056
62305133
407043981
1002872852
409196135
756799508
917128614
326158694
892702184
705931296
736098319
44737035
440622422
883997976
102754776
16059858
564291613
16738787
832716152
704735371
451928392
589277968
21215162
115085266
302986366
709613180
388892606
38672141
785042880
183887452
591502609
705371137
452538404
493009826
556913787
31189478
227284739
760348926
754228662
589457454
107268370
563691118
391699882
19363570
537309350
260797948
41920879
49773922
15815215
625997797
504778384
312348343
578792020
635845996
549843702
87732724
635575091
509180239
395545765
292848922
343598276
42064432
45445828
515117277
213754594
253800348
609445356
515826653
556646526
15073400
334849558
603698235
519896464
338504476
37010025
36359184
107483383
217498561
275582528
429068453
583160550
528251762
487645475
334273099
52463867
577290913
515866026
34710922
576627367
587883683
118499006
430976274
521264284
455116038
582214548
24929739
353529688
536320808
577426099
284572672
540081642
16473460
503541908
284670555
14220692
380126055
77156883
541312643
566776035
468171920
356225164
175581894
546127092
197085631
163892910
72127679
559223740
15322397
486275052
311271073
18027434
17181265
426534479
538379098
488418201
244029444
76852598
51581950
541192453
438126883
338880142
15458277
417982750
96994334
316357556
14077740
280884181
443059456
323284201
374082977
480811744
154378794
514682562
482792121
19031473
343150136
491831596
87493971
30221886
496526585
151510763
404746409
487291206
422920738
7434622
390521637
452403439
113101599
297106007
478611317
476064568
90188209
431686334
345042866
463402754
92520372
30346477
257263670
128934603
12831902
267843683
168783827
58229033
429765661
409184794
428305914
367829978
44384201
357015312
434768796
430124709
17545965
202283280
18515143
416320620
68011669
266764385
357146719
415018439
191596401
382110470
170075982
48819973
385130426
142609588
27682675
394837603
381653682
390797538
18452605
289385640
269084559
280963103
374644897
258050016
383995872
304457365
106539595
289494464
382206044
109738442
214203768
158041798
325644574
381672018
47757028
103821657
377250310
271982552
79413506
361281773
236551812
288303744
273671343
62315837
44025126
18434575
127054665
248943681
340552341
352226884
312029599
360919192
182180763
28360280
19377578
72452672
292946919
321436678
327484674
258605206
71508775
243658875
22275015
49232876
334405179
315209115
171097606
84617554
311994573
248829548
26399971
170535565
322689511
189659678
301141291
322012171
294070019
278683850
100000760
260168348
156785569
170947459
106891333
38895013
240720341
275233951
45921041
276976114
18147332
235653663
254740339
133369441
233016777
16273144
104906508
35038857
216120282
231206334
163456116
240338404
244083033
239166642
31707262
222654667
237113002
17573788
87487452
176805234
214835548
133474481
223960499
165178659
199571964
16745935
18343779
177971892
170048458
197901148
196763665
182440170
75718169
161007666
77164761
50306155
131250021
69883180
151100368
55290296
134826804
137810859
108391366
97546960
136744679
36890388
78745126
130206836
119116841
33084262
116310184
111334166
112682264
103471300
114691271
114593948
108968092
49947807
44164399
104255255
31433420
16455137
17214019
18801560
82838633
52106931
14610275
38983615
68732791
38172802
73135424
89497478
76751363
42995996
18333506
21898041
40398900
18692858
17920531
11274452
68689443
16905483
34680093
15908459
22980567
46035463
57894751
78412463
58820180
74315634
14467072
68535572
68534765
60966674
18360983
24704470
20719550
54254748
18427611
39971964
61477868
15427762
71167875
53935110
34078466
14563201
55767579
69008617
5976972
66135098
45894936
69680415
57910710
41339860
23609996
44128868
39062156
16406706
62026732
17257786
27897158
15245706
20838971
20622724
28913128
39515660
35344006
17260743
22095432
16872524
16406682
68533318
67186687
23959286
1939065583
260480369
3246330254
3100006992
2398415960
87403396
544591363
3077495906
67973977
316623946
3331727092
3346101297
2808652656
3331177337
3247677444
37599351
3131100742
2846301617
3213229673
822902773
141209349
3248455994
1446737552
3257941008
2214965124
3083060168
3099835444
2432480988
3247991772
1583197627
1956901496
3323945848
2896621617
15704958
1850202151
2897406847
776014897
776012018
776014117
1952336160
3226696401
3148816939
2166561326
3307121374
3307944803
3235491949
2334259603
2932979029
3305946963
3141451249
3092848323
3246061719
714570162
2239594778
3257986107
349237218
1271338237
3192691623
2524210554
1558898904
2233346598
23707281
3237807543
1289466428
2355286194
23396106
3010013348
2824930123
3078249960
3109224878
2426409534
2409658784
3130810378
3145890551
1638904760
2904968423
2966006639
3068231646
778738098
3030684971
3101878614
2967554735
2986005483
223371327
3092253946
3131681835
1701137984
2394912030
480862981
2978357163
2957864592
2982366129
3106985598
3109796211
464163488
843943698
2414474729
1962117006
460263502
149241183
2856505151
3021204051
3091003449
75552647
2200319676
249862904
1382880535
3063013810
2902736691
2887315522
1504651285
30404035
32141303
171991128
2775736811
3010916685
3017018259
2995129129
2991213353
66986555
289177672
337566767
3033018828
740972952
2391621660
377953403
296042634
3031564979
518144609
3010125666
3015875509
3014816195
2837991526
607118330
2602056984
346921768
2458328166
2450091194
2990706009
174145542
2685905359
2418205021
2727324168
2999432146
247017009
2999884991
2686843618
2990047295
2330930671
93904853
516856946
2984767496
2972589562
2424091854
2976928790
2530959982
60031479
2951184531
2569756853
59134045
2933647421
1120144940
2787188853
2149457485
86929541
2916302879
113946795
2549220967
31257471
188675837
2782211491
948023341
2382853022
22323944
1852556701
2905487635
248062686
919631400
2913892458
2203923235
132285842
2907565820
2803841316
2901046502
72071912
1316314434
2207563514
2898864403
1221986545
2898680251
1589024544
2586066690
2857509777
358079959
2886894710
590865813
843762829
38449898
70180872
598908615
2548927778
137901227
326840808
22108332
392532535
2651069334
2839220655
34155255
897921314
31153655
2329424348
1662485388
8812452
50705042
1069176048
2202007045
2754018780
2760781354
2660575728
32384797
313970545
19418708
2655726757
48342153
2203395182
280958545
2827969958
111270333
1329417704
2836101570
2795364544
414393898
2390988308
16813675
2546630676
1952076517
2191149415
15238168
1004645263
1589395507
426712975
2799333908
2494276201
2199929872
718644372
2565022904
2423003341
2777358095
2824248072
47048827
2818008978
2798894126
2798800687
2402255100
2699189508
90304480
2415726050
2810450473
422971437
2310321860
2772034932
2709563323
18809912
125322205
571224644
2715163759
2394353328
381723196
2162670752
1619574890
2545706443
2744322890
2384046336
2478871266
1516724623
44275508
1875805104
161055704
145318322
2387665538
165622748
2257717476
904232244
275714999
22638297
1267684873
564625855
209128573
2366105815
2764629336
2756043500
46521260
2208195378
2740833367
2319407276
2646170240
92635895
44145969
182126688
1182530118
32456979
342848020
81515159
1284153122
771812
2596604929
2227341254
26140867
1857106262
79336317
579521220
250309546
2528345286
1262187882
381741195
796773710
15607043
206126665
2531395935
123133590
36074354
212276472
2561844738
2590597789
1710711170
344514638
816852134
2444262344
2280986220
528770450
2573708358
1357699016
2255186288
2489562708
2186869527
2543394512
2549446669
19870451
1626905641
1375088636
2481183744
15120023
2386473378
2460662251
2289008047
2489123635
47017660
2172778184
606544375
1945324286
433671657
42495288
13928312
2437518361
2396153328
2350339068
14446656
2425667845
849523574
60999185
60924418
2389718828
844557601
1132533241
319445363
2455701905
91482208
524536675
926949392
60349138
41947564
92986098
22860615
792169591
341384044
2418096308
109367227
115472116
36176898
1907759965
2332348765
236335319
2396671794
2200871372
1880324436
1883067037
2176537989
394489640
1573873243
1035915853
14192589
1432645658
21238552
2286634436
1013117612
754157640
1431030840
95931212
278399131
86036051
1433738215
42152822
2370764473
431744926
581135339
1658567935
1419555020
976359504
2237941074
2361130560
2328910046
23636912
132104736
800204197
1554529548
64732962
23617800
397758983
282256619
17330404
2329244443
594923847
2323021892
457206031
2257824464
1092624332
76060246
2225449470
176927872
919860212
2162084328
821347482
16326304
1525342994
954571346
914622212
18293302
309465858
1284950995
37821533
47220520
119238810
2266575378
491854278
22661046
763289996
109472711
42664672
167151550
48229652
2255392951
2234482794
135188957
2246359519
1328272640
116523278
1511663905
1877047692
17447543
588556598
1485046994
478435409
1464457254
1461007502
2205510702
1595967516
735621643
1849548510
1927527138
1095057402
123639454
1623389274
586530660
1967563776
1950189974
2170927328
581992403
613639371
284062274
2171927101
1631818555
141554227
1944958934
400307692
517168380
1611119233
308493210
1909122956
1390628612
54641489
1726794630
112236715
1698997392
1971341048
1200427766
69384060
1949908759
714486221
248211848
1957572553
97028680
1917334033
1898403697
1657795950
207746403
1630548428
250798403
1206769872
1530050042
94680506
619954424
1885143246
135966080
106793317
14739201
1854356874
1859256176
39983833
1863543000
68479359
1871686170
304107585
37732936
54205968
1345204626
1855441640
549476819
213780199
44675469
831528589
529231238
1638685592
1725778663
1653878605
841692158
460069748
94933474
1639826306
714294121
1596418027
181264428
21677185
1647346794
150800311
237696463
363950748
443739130
598999128
19031473
176346566
1648626464
85357919
42764562
1601671454
177726870
436189407
245049796
1632947388
22890638
1613459300
32879603
396679009
1626436046
1578619489
15422354
419859222
125880778
1604191304
54667479
518713770
632494753
939125665
254202088
81144172
29596951
22036953
15147250
121924431
139545919
1561185398
68625622
790775708
75413145
248215830
172889061
971302722
75567156
1137243498
585309709
1461237234
17199560
1485580345
1259607091
1531283078
1478325320
1541665742
347136137
1470825577
1533748566
878533242
185790728
1406722194
105692231
583283177
16513931
1523050394
623383644
1144075362
529693019
42383845
92276218
372155147
58304391
57397586
1131760824
217894193
1318747148
1491257580
296464977
111139373
360457187
516867082
161591158
1482947851
20283676
952325707
273026438
596585414
1193033017
86987712
1093043414
132299679
1449960744
252744614
248759612
390506560
424848293
1449517578
769411693
127970745
68472691
877000292
786135590
37104595
312537739
1349767302
24687491
940133534
1279605590
109206832
220929526
1201565418
705906692
1311332082
423658411
1383796290
196586501
27936248
850877130
456604217
1385758170
1374817963
1364776320
126809424
39039539
19924390
21229157
145285607
1302601393
24290928
41226653
509116606
1344256650
102832447
1348522939
231358586
1141356954
1107888008
1237271982
86404024
610365300
1268374452
1033366309
260361653
231683354
16873604
609695414
828032940
127685843
18361263
141209597
414820322
1135098091
1183320745
1078423993
1312402604
67087381
248771077
35392300
480391013
389188017
1220794244
75187266
221437684
1131301704
1002474271
1260587071
92406766
1272281300
1096112060
60073316
92396832
235343585
538045479
1250420137
30853206
280888513
1260308647
408512333
26584011
23619711
41267284
225057967
714825541
381659742
1227173646
155250540
1224022567
40340587
32829801
1183433192
73287091
302253100
43357942
555342588
384155598
39009227
143081495
1130569488
1145719580
119083950
485110966
252820645
69344212
1158306108
1120909268
227803783
217500447
22411554
905095266
481035108
861407364
1134909722
505732940
482098346
568275981
16867364
217583784
915254270
543156908
792852992
1079638526
1072253581
1039278300
445725919
995515568
582907208
981076369
273421972
995655854
593968978
326797074
1006493864
20004934
612645181
83632701
851566579
14826796
117576440
715744369
428782557
944853494
323010850
82181967
867294702
341626295
975053832
377107353
147067341
490113884
953663587
621430034
951645169
373568120
443218463
169374171
820058893
50410071
326158694
61725984
255024890
15158464
202739649
40619394
222780530
20947963
588433604
569242704
625706931
392837181
36225746
382794448
267057013
440622422
333493040
16059858
507193050
25272120
597643256
868890049
771236426
861847416
619089548
318728607
63365510
843405830
46204677
412737696
845511764
842198364
307978564
501513217
15591627
44292587
716938778
823903993
820589214
505435190
26959179
722878404
411243415
72862003
46640748
146227334
185662415
740730288
152155740
537898341
785042880
781386739
598498174
757094898
724185788
772342621
18260465
772199059
384697961
550417093
745931592
143131366
423108734
403655733
759146372
437444958
612759463
574288926
14339581
215701194
351702029
742772388
631245322
733861484
544361504
729181195
730786040
581386387
714331093
717704894
634787530
252262907
349273215
118793986
46533483
706783620
20250784
94107321
637229314
635845996
625997797
486336580
634047558
343598276
564133532
395545765
622424702
596961828
539101401
89742815
119024138
618002784
580289990
615515320
291128925
589457454
408169249
594693578
38697261
334849558
278733601
14182488
342108998
220347702
545156023
32647952
420487513
603698235
20691960
601217951
544679771
559084634
419797653
564291690
253670246
377610457
308995701
577426099
540072266
460667560
76359975
29312430
137849250
53146543
90810076
582214548
18438694
379958877
552382909
403016538
396022869
305127430
208711034
16071314
246379341
544068930
404519271
574538075
368227288
14956024
249205136
569921408
334124546
414041530
565821736
291816926
563059538
561903509
550147614
559212340
65682751
14570930
561247972
279099981
484739804
125104251
324467773
553137176
543544238
263719312
419611272
8527372
523477901
540027107
29414634
554543244
546782759
14319431
84102393
337717029
357020551
54264281
343150136
14812306
180453804
536664518
487490217
358391830
453775651
72585401
172457982
258669390
275186491
277352432
223931987
47487167
540141278
69342256
20198692
537760950
338880142
446737549
196922534
26135395
237384298
460846685
65353579
456912758
520754636
141075518
100620126
531625417
30238627
232578497
274785383
531687348
102078596
528919426
459296624
482444444
286262578
523720192
276248684
259301697
336998321
454350648
357860145
380831910
473208577
415977004
149170341
428107563
491831596
15248499
117799245
388328034
402733379
30221886
14430383
469572109
471006550
493430206
44170649
28603690
493184589
110747446
473038333
436575405
417529652
276219975
182604976
451126644
486394280
331090611
191959925
422920738
161156816
358373539
68430824
71316365
398014437
223174105
279510151
74014618
92568301
434876995
281622878
120780488
480642736
58229033
21399854
478611317
462092245
161180380
412674092
473549692
170016558
431686334
53863777
108329191
474949950
109249785
322190076
257806981
457613728
472117260
34449157
457390193
345533037
258662037
466872730
453529953
375146374
379595845
466371276
288312853
447442475
113453133
442705780
20985155
26781537
425582938
224609845
43973031
211250442
419874807
27606741
316493308
457577711
456680713
288408661
373047456
393937033
429765661
408943743
446904302
41740036
451164962
64540666
87956192
257051281
74780102
449216930
339844416
69623480
428463454
104789366
117580062
257178652
249346415
438482628
428305914
318048152
370623591
440510917
434220392
340966617
375617660
357565091
368956604
171162263
204001586
398849705
260996104
373670142
95766279
137208270
413496143
303794216
202283280
129520338
270717402
19011122
407146880
215482178
82093321
190474730
354373970
24862367
363908860
346861423
24468248
33526986
114083305
390839781
300157656
18029070
399800612
22729482
385130426
407530711
232988884
397248797
371755154
109164425
193515866
205643437
67493727
403346114
376327986
179007935
277113285
270888188
394837603
320510834
24973023
397303392
34980146
347463794
31166705
289385640
340841649
391406047
312477208
388841229
325714761
234128241
20891968
379599325
386609412
15939054
385931082
384948664
97036699
325644574
344275551
26646698
143915986
269765677
245796494
158042890
52649364
234401643
33619885
327637114
34278941
214517985
114502372
28569360
372564467
359253413
343816531
288303744
71960771
194587229
309724677
209919584
340724974
368516286
368112618
124824097
348683661
2883841
228620600
270754406
25199963
361713747
169265889
222064013
23502286
83891850
40350866
359025399
23643499
287334235
257739663
357637881
339801692
242766915
308571985
287591314
24030467
85651705
14217211
335440720
241323860
67578950
47357402
265661269
311193018
147567232
275770479
68998917
341814243
340066867
340022883
19187206
28748580
334512756
46181544
333770530
313034182
335130697
24966366
127346195
195551335
332531400
294070019
320389643
83611359
36087646
297776021
128370140
214848457
299722738
322012171
241190732
140101314
118938783
101662042
101653773
26334024
178713665
55377688
82384187
117847883
100000760
284948057
280560071
297495587
42357572
40288023
146537157
7884762
307858332
252487391
38443680
232206915
121784215
246055807
229051526
151075175
302930643
161297276
263471865
87779052
15308457
16407433
6811802
18172753
275725803
45921041
281596426
279703432
46995792
38895013
31081562
128489900
279458410
178292731
80931384
283994701
15651538
108931568
224345414
109003244
179963135
224266171
267243506
39518644
20299552
163456116
14710904
276956650
127642495
16622970
142533079
121298966
261137383
270202879
174712153
137347720
17898327
262302470
85631584
26572646
257630376
215919146
111235514
165113719
40282219
105273307
258915162
49386820
196742839
50026944
26819876
130584861
216632283
217064653
255929005
216880421
78031398
144558944
151083417
75478054
231727050
234651761
231206334
50758240
151041862
239952022
64614882
238352119
21989641
241458130
78832560
93722616
227596234
158944482
18598309
237516964
73800429
193535125
42306855
123433441
238516950
214513425
25728193
130158887
186206767
73639309
134528794
135352406
227536515
195257432
85680818
87825838
17573788
59797864
53135825
16953480
54594124
38594738
42389671
97429523
229339187
213417890
17283255
221093483
41843696
213706518
177657326
219410060
211787131
151243214
151211487
89680313
16689603
155698735
151219129
218897212
26762692
194624921
104049186
193522221
206907844
220226766
187230304
177971892
19543309
134799704
92623132
18034710
174490104
51737572
17547512
16264858
114874056
194033220
201374425
21731857
170256753
206339998
170048458
87005858
205176926
97268181
205361917
25866391
129991095
19983763
37952182
176601606
85182329
134593389
190497614
195925730
40827156
122787228
94368405
18572960
46186400
129838571
88505413
57523022
126537373
26139521
111410087
96015867
95726463
18663234
68157749
125633136
187855499
135208604
39064763
86615684
20154994
89802173
85588933
43588681
15964580
22671716
40089895
94316158
50306155
131250021
100853035
174401450
101970929
94643834
158489102
86611074
134255088
2737751
29380557
24703010
103745433
17355848
119457622
164086841
18615283
53071611
21899725
38624169
15157677
137571954
135618634
134650771
125414326
158241823
71193231
98744702
38282286
152648147
71199577
16477470
113709253
118187597
144773751
141880528
5526292
19851031
31124582
130365543
146154255
146135032
63552808
139845310
143521370
16588717
142439139
24205430
18049161
17490973
91138297
97546960
108391366
79344520
105056430
59417357
39339165
85086146
23088539
27432194
119116841
26377245
113972040
70785183
20787406
16181186
93427790
124192033
113978566
107480397
17582161
31295819
58791339
15803477
94431881
19424599
16918503
118450325
95652919
116854206
14706902
19869436
116808755
104579219
103855192
99878398
115667135
50093094
113818704
18504867
70905311
95478036
21918290
19204892
101444140
68817916
108462955
19511316
108449320
109588968
103814605
28616043
108112350
8472082
37478092
107867643
108116347
99742444
14387542
102409355
15044502
90672500
105869206
55388869
90300745
15450025
20271080
101208749
18935307
99714175
70259317
103089938
103042807
103786520
6726612
103271973
19794839
15195171
17091893
57001926
91390057
90294381
25341295
97666281
97041434
16459994
58877194
68379685
26301024
73669222
17734242
84721643
14815766
97486261
93828075
49729705
18066534
96508167
89340865
90484894
21579223
50732174
48260366
19296493
20210947
54317271
75901837
15897247
19373418
93140875
88035131
34743834
36937995
30793112
65986336
18619708
43520044
89374177
47375985
14178271
89729390
92306438
50255161
91910204
90414055
33044533
77093868
91257021
33132808
90284900
8928552
17795451
89843989
17968456
21869512
88436226
77966168
89186133
87220146
85683244
89183328
57140977
83043772
25737016
29337051
88448063
84491163
15490971
44783151
86813489
60716143
36060598
37684236
78811670
60813526
50500612
50028252
28137926
85139557
35835350
85320515
83426690
76437836
84419832
25581439
21160365
14831865
27449422
22805394
74892274
49811161
22222318
49860235
29633563
40257072
83029697
18686823
16596064
30483792
19163537
15408763
2608911
54334682
20625850
45230722
70668565
70999925
27819185
70305651
58571975
57817472
71047832
80645349
71923119
78181198
24302245
17245284
18878234
14196921
17752368
79847795
15533248
46722882
64165461
57380820
77335880
57085750
61832221
23336661
40885516
69583021
48326190
74877055
64971157
64104789
72733808
79341400
19706088
768579
44544203
18838461
32038168
77392463
20793861
67109309
20161260
76237025
18685922
49386562
24071755
14265824
17443144
46790461
28007046
72366393
23993818
75975523
26483997
66881860
33113508
18186710
16356887
31993742
48073585
32017303
23088949
52283630
34398966
41422057
43309316
66192937
23506573
15274836
15493351
70970756
14100972
5683952
20951700
20071285
19916228
17415236
40040201
70048267
75382909
74964879
14465597
74401779
28559125
41488658
18251827
5644142
16986222
29763355
66042274
69207215
14603980
74611464
14389132
74975260
74565312
14863133
14837928
66282198
50957222
74341275
73305577
18868847
37319536
18810005
71115722
4303181
74196828
66790664
38412829
30959227
15957929
21421394
28644659
18882757
25726282
27783150
29934771
19189070
38342200
44712560
71894033
48052598
22511375
66187291
66345862
24282484
68017210
27993380
50713128
16377828
73517951
72851069
24771578
25873356
46129844
25389921
40769383
14435305
24298489
17536261
57482262
36044890
18267655
10218832
17543438
14469179
16349392
16447494
14932728
18436333
47541252
29638506
62173685
15766899
16943688
69913720
72642453
29646000
36626155
15697317
35999736
43640071
70616680
37662329
46877746
58268843
70619967
7792792
71365996
16322578
61112096
15402812
30921522
14378627
13159992
70215238
70214374
70213150
70218170
70198287
69158329
15443101
67561260
70736183
54170586
69583697
20785170
22957295
23220823
68409652
16296111
32998543
59756649
19387759
53464126
61804753
39495354
62290135
57942590
37066818
16545133
45521790
40954919
46223467
21551116
53434464
46108625
16434105
59404011
63972111
17579769
50370779
28119139
67885492
20290997
43971703
66453137
9264492
63634529
31343100
15882292
32973407
57102611
14610663
41348604
18993161
14652517
16277370
24187893
64925847
22071724
45764940
46077747
56386706
18773467
19476477
17512042
17174353
16153984
6878292
19336438
41204242
15085985
18002076
16254876
14276017
17925706
14824343
16348745
48285335
31461475
18650879
14763855
46249947
17417449
67113731
63214372
18191358
43736634
40897064
21838036
15834234
39165806
21782457
53613762
27906999
18682972
15093338
66283693
16701666
14071624
20717440
61673290
25715647
63526212
6560972
33580845
15260162
65286541
33847975
60357321
54962082
44672132
62910359
20044207
64049852
39352524
31301038
9574902
25365200
17685257
16618416
20066204
18209505
15383821
16528437
46875810
46770914
16026708
42846163
35005360
39531206
14808307
63079597
61868482
2377871
64035823
64043544
19789111
64021623
63206483
56338571
21734536
5774082
52379561
21718439
14430060
10777522
59272046
17835752
31488314
19049188
63332434
1530371
14451438
22377375
13033662
30202451
8179822
45950137
14819157
43054534
25838797
27038804
38384998
15202741
14068080
61696379
15257533
8908302
61987815
49934749
29657072
53817305
18325903
15214601
16424803
17362970
37011319
41173746
33792240
14335929
62351769
21435570
60388514
14076588
32576484
16595690
34486083
17136783
36610619
37198753
21266537
21780888
19395651
16312422
11991142
17638489
17873840
18530082
44180551
14147615
14888543
41423059
14185952
60343277
40157999
40764470
34019268
61733413
30999232
21730149
55305852
15181348
6893192
10156532
20710035
14668945
15768240
14274372
18296715
16985316
51725503
16108527
61042936
38883384
16230209
60696388
26647413
60697914
15245648
15811314
38899617
22731153
15850633
22487532
15102242
15496711
55665026
15263330
57650470
19189585
59715178
59108359
27410772
48861496
39813989
16360607
17114908
30767146
20017243
18804623
14600055
14536046
59946929
18262412
11138642
14618493
18129159
59326428
26195992
44248306
22012077
44089442
57974811
17849197
15170894
6529322
17173315
13910972
40970683
15176862
56750930
17194090
54567376
2061671
14729463
15225133
29723905
32014399
20340833
53074369
59226901
58965916
58430628
17856422
25135511
58056204
39883608
14128134
13097772
16358849
16369874
18407655
14283534
44740201
15825654
18586373
16651858
20847186
42061581
18231536
14348950
18639374
2318161
8601572
18818476
59289701
41855898
18743995
37245832
14070794
23857276
16454196
15989069
22214943
16910414
58296738
46734259
18731282
32076271
14940412
17375330
58467980
14472541
15870923
16339226
17008780
16519822
25686946
15284153
24024901
16503460
18862968
58903259
31401033
7518252
17131763
10729492
16022599
15274061
15818552
36083368
23084417
26822866
24898059
22429348
14213115
17329285
15337764
23543770
14391111
34623670
14940884
45890260
18368561
8596022
18406939
15805710
56959255
19098222
11259322
8981642
17845906
21585707
35007560
57939969
21172897
20459347
20630597
16907515
10029732
20058140
34080819
23218354
16434478
18993481
23245049
18457208
55048594
15779581
39920812
17878138
19803042
57917490
19362341
42023715
55183436
15830326
52408201
15987693
14974715
22336717
12703442
57799517
37218474
18822540
52402961
34793510
28112625
29203792
45060561
49860279
3076591
28581815
32719045
55012866
19498780
17217717
13359972
21345004
17500559
14114393
25147984
26983781
21244588
57334768
30382840
48667128
18536192
15411151
57539240
37411759
44976939
37110762
53537887
49445302
49384929
56141962
36512422
50486389
22226619
27993869
33695785
52107574
16083377
17762138
33297549
24992109
15309624
15179591
40567946
56761953
16908775
55536406
14911414
56954762
50947770
43581024
51941120
21654520
53547238
15313041
40302317
56700982
19766432
18000607
43491988
56267022
20415460
29774360
26816270
14767302
12624592
20968300
42906869
54156955
55778585
16112983
54952671
27845072
55849030
39843020
48497316
29702641
21799503
43261565
32557307
16383886
38806654
55890035
28036868
54271768
41066777
55637688
29775723
50349252
39339669
23416480
14610275
22396784
53482768
55219061
14078180
21793546
51543284
17936791
22499213
10867
16921231
8785632
24733117
44570408
38814010
16347306
15523525
39530150
17016264
47568506
14334336
15392519
52693283
20570057
16145309
17772796
14294545
50699334
16729059
27070586
20833797
27674509
19507015
18229335
25294150
20645586
45010340
10655882
21545357
41340983
23682153
25849740
23751744
26530722
14436218
53337749
51888063
47109097
50069768
23635425
35368870
25998345
14051156
17653667
23370472
2662651
24942179
16366837
53083832
37599170
35610654
34691067
27577332
49350629
29752825
52970758
41754702
17398655
52628387
16721203
52497983
52479580
18426704
25173028
48720569
44555884
47501517
34597277
35248185
50774218
26868914
31716155
43397189
40733906
14857774
18174909
21543469
26469676
37685659
14282672
23545688
46652180
25373670
45512241
51223569
7673322
16137792
18454118
17317076
43454357
18688909
20369825
15891425
27099096
15712110
34087497
31045675
24398846
36417089
17784098
49662719
49871749
21341796
49438410
49438344
49438350
49438296
43601704
33169962
21285657
24447086
15482156
18520875
40620109
15208271
42328574
48644889
19057211
34396438
38570793
48381042
34334009
15623557
27084645
16697784
19539602
16578806
44912474
32520468
16913318
41254340
33507540
39807879
27316445
47022477
46566934
46547486
41548560
31167183
20487325
46849351
25898134
39020714
39193236
21182999
46396885
16436098
45969443
33050332
43538418
45076643
41742068
18056358
15187035
44828631
35652603
45128007
43808554
15751918
43769698
44655564
44467442
19716691
44477546
44241860
44288946
31116642
24741441
31348573
18388754
44241246
43913685
43894542
17198500
25080455
15849998
43902435
44069550
14675205
43738648
16981127
30151648
43387348
18763527
16804960
29224563
39078373
43675105
43611204
24389228
40149434
39167435
43451117
20815181
41455046
24300075
18550640
15738990
43307257
41707762
34160232
39571611
33967735
22027038
43200685
42376691
41120192
40908985
38678487
17413527
15353425
42792940
42860089
37467176
41502456
19788593
743763
23581251
14613367
15181367
22075226
40961689
42279660
41776782
16525678
41061099
22571645
38081521
30052417
27686056
16446860
39578627
41597456
7768622
38227786
12993022
24719564
35524263
20579359
26150361
36953466
19503553
16349153
41399228
41309609
39295210
18483749
40081470
34624849
16056243
23925014
16293381
38643294
27184869
38598302
19921416
33050386
40669970
28129392
25803609
22695001
17348169
30439416
15961241
29560538
38923149
29542388
15744329
36889983
37112778
17434437
2164191360
1878987517
2799333908
278399131
81986355
3256179560
67973977
970909490
2847861170
1489184876
3238321502
2603359631
2457674556
1656710258
2967539429
3288844876
3188262614
20791294
3196108809
64532597
2949905838
2494625324
1257006636
3117585557
1878987517
2427458814
1420234183
429363493
3067485687
84042236
1601659303
2483405394
402630155
86560045
2997916399
2814150718
2892434481
2473095762
2988548417
14746906
2941954201
1422036331
2793519899
263584032
2674735872
910769420
2247302710
2878018379
1270783015
2896273927
102831103
2851281069
2860057415
279209122
2825164751
528141027
2576478912
2542178352
363299430
2489981514
2799333908
2669024064
466570757
1584753452
2780326866
2323439713
214230715
2721106246
119128690
2714517967
57901812
550784040
2420312726
400264194
1579197036
2541965197
2529988658
20862229
1311591936
2458364064
1255057549
1510469096
2361159599
153109916
409543281
1834081567
2386814419
299185525
634667986
213610098
2408634903
278399131
2372356238
2282271434
15533279
1302314334
587245758
189152491
1429693344
504689771
2280272486
443117712
91296635
1316136870
46482469
1676049379
2187471981
110805657
47876253
79452242
165769764
490604053
1617489696
482122511
1958972894
1940572465
1159489082
1849810244
1859344051
1855723562
463430611
576624184
1686885980
1673708509
1648002162
1644964309
1627722638
803458712
508314014
1554592177
398997515
1527154405
1496827670
1493377424
365255757
297591239
1406028920
190118263
1408946520
76973876
1252329224
393941610
55190518
506256350
147465626
1290930786
1327951226
1320164642
1313780935
1228612459
470468035
352155127
964844167
189531992
839933792
485757154
407043981
173243862
1148841996
1142224458
1101177115
87533041
1102216111
1071557347
165048173
510602809
1066146618
556522601
34805937
1038751548
23601313
256114455
331212353
913055006
550739431
252730200
59001250
386248604
932306335
398626503
915963631
913490822
912172975
147390009
590275542
806966832
493476619
159489938
17295146
867540726
70714626
856732656
856441418
851556210
21196337
432286884
850293420
785140776
838399663
833987786
121478184
378596778
570343742
41544635
328006634
471121337
821208222
635403682
110317046
235727470
817675129
816040886
336090940
401347633
537417846
616535930
791445852
53077926
705371137
775221116
596851755
463328200
292036840
168452841
193737773
138321376
610759226
398209378
315957225
738686107
71395609
19363570
619077283
715468554
605867406
169261485
628473806
625997797
635845996
375102700
253800348
634633655
18998668
53435591
379524611
623704153
91336803
613160154
210261187
610326070
33191869
158708493
603787358
559825419
603698235
79859984
602967516
120132818
467249645
333840097
357222049
102344022
250862747
429068453
581034619
205844574
21480561
570948832
579732579
577125550
39280736
364216925
521264284
458774349
558752029
566242185
15055308
26244315
560166235
461417953
556139563
492168420
405043671
120675100
38262728
385250964
338880142
395173459
280884181
426646381
526621360
26404914
491236486
251198747
137680817
510748660
257991469
491831596
406424532
327985344
364531825
57963765
100827714
321650310
93842114
446737549
407240335
486652166
143324708
343409603
106440310
475875138
190051905
217436024
93141566
38632420
407206052
333017746
458986052
155439548
382179926
73227479
60664706
453404342
117027069
375903897
101219589
82169989
68313688
434768796
93973956
93158003
202283280
184485663
408194118
291239703
72144631
273434338
411741954
413811822
193595393
247169577
409305121
368508642
209954252
99294321
406867819
370280502
289385640
404539792
322274752
396678393
394837603
213810541
179391506
278145485
270299418
392154965
69269198
312029599
157220027
299496213
166212613
382200913
81819944
374644897
316093922
47953866
361963717
347552919
20278550
30578654
349806823
125360963
357127075
102692952
265114305
305120658
67578950
268047566
320305276
83919440
106495172
321684928
275445960
97727042
294070019
294851481
322012171
277054604
158483742
270519940
83460073
95691694
250386422
45921041
18398071
18136477
239803283
44114790
15177370
252276274
59722579
282230684
280440748
268983959
276976114
196813264
74249719
278524903
142790838
14642103
198489893
272292071
47373997
271025361
20093403
148024689
65350897
267518688
55107308
263332386
241292238
251851142
56830719
190677259
34271917
68316637
20545089
249760809
246356198
194624921
38535173
216120282
141767352
182884961
107923038
117473362
138594195
232256524
49950553
234797676
218218780
35038857
52617475
239248239
129914227
161454863
164722144
160932452
14282519
211863686
233161015
228008145
60058666
126318745
193626134
228473122
64687106
210754356
159651894
21420010
223876038
137460059
217901772
216427245
25020156
177971892
94350247
130670163
80077128
196350573
177712438
45476680
56293413
39036225
199558965
23742836
179938406
185619555
193036874
182440170
150824205
20559085
46006269
189480504
111604929
188390323
127341430
11182502
77884882
185370456
95816877
180025503
184363453
29296944
151876965
183176832
173109330
180400248
107265181
148879830
46225843
178892313
122216651
32288622
57160302
176706991
87237880
176693602
12240932
71119243
113895529
167572555
45877750
29295874
144941819
163154073
159185391
148201704
23219490
110379836
151100368
148931648
22165325
150076701
146162902
55290296
82830519
143489609
22983962
97327101
139999682
138488472
137258601
137050560
36808965
133593087
120703844
50186492
71508775
127348705
73639309
60244897
112988726
123238715
57022310
115815997
124293947
121601434
119116841
115079810
111334166
112682264
114691271
28151752
114316186
113643881
85686712
87656792
62882249
112034601
112352270
108968092
109700133
21438665
109008717
108862893
44164399
16562663
99742444
106503800
106394186
106134256
14675205
31433420
104688032
95815721
16455137
39288604
18801560
62019456
52106931
38897436
94760765
30276053
50597667
93315144
89581424
63012312
76440409
54906926
89506254
14212033
49966742
18333506
68689443
18692858
27119750
25407858
11274452
85976221
24232840
36927039
67367617
61582943
68450418
80621852
73944944
49409296
34670731
54052039
