2211579961
3131926679
2799333908
2730392449
278399131
1402285314
16858606
150129526
1531734655
1018137218
62934615
2838359887
3329140937
3371191366
3269474425
3362772893
2993877650
67973977
3306088385
39516377
408845411
16231168
3345101758
3237138370
3338012913
3218691320
3052866806
2934437450
18583732
2530684609
208138875
107476580
2799064945
16273144
2869540593
23032100
2732979919
85872613
2203600069
3310605249
2758880754
2516824286
2165360574
1523390311
422940116
3293778293
73170167
3288844876
15722135
33923443
2391647941
2517569024
3194677939
3221906662
428484375
3180806798
285177964
766340144
142431906
2797948107
48831366
1876309766
3182180660
122770149
2810399760
19375070
1246598083
63345988
522255047
92386982
2912820625
2722739016
3016636745
721113493
283776799
3124903585
1424621288
2883501093
3086783734
3092364153
3085608310
2815755485
3091070194
2769566675
1616061264
28172188
2218514713
3075954973
294973344
1709989291
19039983
2772258532
2427458814
170400197
15839517
1283481277
614504399
3015164439
67317887
2745992427
2739612021
2444539725
41840277
2479107132
3055628993
1573873243
254423711
29697122
372033587
924054156
24828907
3018846762
2906248424
2413592806
3031394987
1418487427
3025969275
276076297
1965129776
3000083931
147321065
183430084
3008206422
76684509
2742297606
2754011259
1264830354
79380331
19375422
2996266663
362788773
399578441
2444017754
115129826
2991455399
189616315
2802418747
170128697
1713930162
2332542157
2304034704
2962792937
15728569
442146243
2966713377
2960276369
2957873286
2752511618
2948342758
85253884
2938341165
86758625
2588297012
299264437
124304429
2950885148
1008063187
343876124
2937575891
23313549
2959294005
233788247
2875560627
21627154
27710842
2946516554
2477703404
926415025
2889529167
280826651
292970304
1201485007
2931102873
42664672
150800311
74338534
402630155
88918741
2932908104
336489458
1864629638
114810863
2924907734
2907227398
37068823
2799249193
42366422
325135580
974944603
166387926
33419310
193483917
496967130
633858780
95938895
2874541313
1113408414
250867477
2561103504
1952336160
261051423
52238926
71122191
2761257432
424832448
305786599
30058899
143496417
111668305
2835719057
487849778
2474094619
1494412664
159509125
2438658560
1340134004
770501394
2849386417
377497721
2698684176
494245205
155603048
753124434
2805062291
2802920296
397749650
116641726
1235832841
2834038508
2757663445
2799333908
19348352
14769044
2826572684
1673994272
33416999
2811703224
1643510401
2376507499
703206608
250373881
371296393
390872465
18411867
2692386391
14847910
2507795062
1469553374
363332569
2262732177
2282428692
2360769247
2739017463
1141572697
2732359002
1197914298
28580555
918344562
800905848
487959617
462325947
1602601124
2353887235
2628066017
2612933256
2533028205
2508162804
210684204
2582251838
245162068
29648579
525145675
588525898
225623465
350875816
417346168
2712713584
2579307410
478216489
92088511
2430851822
579595019
2477718435
840764857
2513169782
2676182825
34147860
131173354
18484473
1173701365
564141984
762098167
2304242481
2349662173
2533001622
364302140
2623405737
1875505560
17571962
2573596788
2571754892
13512452
2300386206
198593937
2443838071
1449277945
2589731032
67804270
40407840
376511457
2552871170
23948179
2268404822
351805964
281493214
494623415
1166235530
562917452
2491813388
2531628030
614453254
2438838626
1541449681
14621507
2460662251
408136880
18589820
126808060
571955443
2448164063
808323108
44004125
2529570105
2420663887
762480229
1937401650
15368404
2430775830
412586854
254719698
55599871
1598572914
245365819
1058518825
562188508
36131454
1294082875
1733147210
270409282
917713820
94231228
603759829
1450855244
2432762640
2330488477
51028802
2355803576
20928541
386770336
358499291
115472116
2414607757
56280035
36131663
2419695793
181752044
116062258
2370619087
998954046
43706571
78478956
107173519
282761637
2196546632
1248013646
1632239852
2397076284
2329787082
1217309665
226639234
309368821
2287336857
211004186
2360981360
491390571
2352732520
2290576909
2366543281
278399131
115118188
635546875
323424475
2373063192
89523998
37673329
1583926536
14620497
25457977
26069176
2362630134
2344374321
2355811944
1558374758
2329468500
60659530
2321251988
2350404842
339529477
27222944
54840095
2338306639
30909705
2342187582
40793687
2239747291
56788628
1329651782
1358033646
584706299
2325922435
205796999
2271987282
1096179054
330503606
49743177
2161027384
293152138
16434868
1959479784
273592451
2225449470
457665488
2180365801
61652041
2281137230
2292095728
2298377076
2296676407
78585641
513591797
581055512
2291464056
2275271235
437878141
1284950995
25544195
27922157
1177016743
2274101450
546438109
108999587
1637040932
61501127
2253020347
27449488
225820269
86092117
43154610
2231171530
416734484
321383881
342851384
78716734
29150271
2214232117
1163263914
1525342994
2203073986
2224451504
349203850
60808164
2205510702
19652847
58680581
22930392
345239811
47731596
1016036370
38228095
615455540
1949917650
1154529114
114370117
302097047
196322654
29124564
1213704644
22108175
344078271
1255733678
21969930
15378625
155083360
17400156
1636719937
15054904
1617147865
5137311
398504032
1708585694
84657987
715239338
17202417
407048479
1072281744
1727196050
64620097
806536609
1650806742
14276913
1583890434
29801431
249814081
1732292724
1613941476
1891458661
476254319
211893526
135972898
85728309
1879548266
1873087333
18173267
1471639861
267634622
1548355849
549476819
1669186328
213780199
1711002793
593294179
1627289498
58214171
1625730025
365176694
76368683
1431709332
18820420
504891663
1702867363
1225958774
930304867
399650376
1052045294
622393435
162616280
186666137
1686421698
37836873
182455893
19204755
32933516
1671602036
269029967
19031473
1630961239
1643989962
392371630
883450136
1583735227
328301020
1492645093
1598534239
36846510
159562452
38436023
79905727
1443167935
32690471
208532847
485533140
87779569
1197167208
497491776
532882164
948653858
239722812
25110584
22422626
104670844
396112355
19405607
1456013012
15365127
1517213209
334141427
188941422
22674317
32419886
45068617
40866816
1037716260
26693186
310010413
1350234162
365681572
327098074
218738039
190785056
1131679759
291984118
16896497
40007653
1485580345
835177842
515737826
601126245
41142849
1464016304
536021390
122252149
23033270
19477339
311718138
27716826
270044113
1467171468
271709396
30253405
1482947851
54259228
20081223
551160542
335488332
86152874
26333175
1425756096
503518296
749525383
28135146
396985362
316198868
1388735665
1477264951
31132826
221165777
26006416
118531245
25768384
26287367
18280139
1449960744
34710922
327547607
774935773
571849260
1301809831
454526650
1455492943
1375712923
74028189
950146334
1426880136
361636400
780606002
104224199
247131172
45808880
90079704
407969482
451922770
323010850
28676469
389662603
1421393263
1259607091
1425782700
974754584
388512557
14853999
1266673164
262165844
1377542354
69719578
589495646
385772960
741988934
278217777
389001744
1184325480
529902738
27026371
54201583
1308017988
429060697
291252989
1387517730
1387568120
1384533457
304421080
329106229
21987563
568550309
178837262
1302601393
34302847
817521522
930302545
141209597
29806644
34565351
37841232
46447358
137382418
60354192
885701275
20258816
26730979
42086805
16189553
30925396
22944951
52463955
244432097
18481646
90645477
183896736
381805358
790171766
1329607470
102732472
18192818
42954213
403577036
154146730
1292682840
995635087
78196119
1107888008
507735230
1141356954
516867082
16434589
260361653
24035428
148914777
23995748
89540471
219781496
337003352
312437876
15035706
421682122
1169176579
54394894
18075153
15924274
704576750
418031245
571545159
1018000387
25431480
355178719
174847568
754345789
1325347428
198284120
216077183
29639918
549441035
45347346
346626626
367489515
227367090
34299138
81039068
14617444
796476415
1149520916
731653874
1250152189
85399171
265781389
295723593
33880118
485785711
17268418
127657664
321543436
22579328
43949126
357293747
477945520
15864446
396834863
104013755
33730103
240044944
197167838
22444791
863069118
49992096
39764138
1122894974
17075703
153169586
5415352
475286355
1003121359
1269473726
27645610
91727282
475927342
20627081
16204159
605153786
513711985
1265936089
18023868
23193517
23944104
50603875
59031043
112336099
1006908098
1266346476
13757702
21200171
17567533
16543899
15231758
316063208
18783267
8085502
78912604
4099171
38690295
76710543
567819293
186999354
11930482
38259300
1262213666
93963456
4893501
48110818
620998640
16653705
279131931
240675832
350471216
212563988
626902743
406834241
273802980
31322568
51085782
107783993
346777840
1242321912
62955350
337780746
1111816453
121601973
36532106
86418838
313375223
18040878
71584155
1096288309
894259020
471943652
633077587
381667858
126348719
21134127
621967446
1170792781
985414170
14390377
1176583351
309399416
1172256468
1081645927
119083950
407043981
1004803706
208369770
1162169018
112808368
70041170
16788288
519113801
212477065
35067572
22673868
779087281
40214330
460608450
497476072
1042905488
1109708168
213158830
1033568833
1014035714
420613753
947934780
604642603
34809311
64207926
409196135
18602315
75375980
292423715
148030490
598618389
1024497324
25375670
22382741
992144804
515081899
177835974
35007826
22866395
618879603
1015789692
260866130
930337681
904886851
307911018
20625290
944853494
30060614
917128614
588848487
83620998
272148725
120242843
963104912
397458156
49979511
255024890
957788293
174522171
122463378
876932000
165241607
338187087
29554085
729509677
23161882
911476416
519645601
792878952
26864292
88849324
85957731
937798255
353595066
278187456
906113768
159624455
294887992
860659706
582003476
228533405
181738645
590673517
291555018
44737035
383948271
789932677
440622422
487178849
335388923
814472647
248572353
731565986
209877416
886253377
194848501
164241855
397233569
454409455
31022745
366023013
872077500
242098690
18398465
18980533
868890049
16046981
431233045
550624021
865288292
727829352
41410667
776976716
18950878
42947260
44945378
32203462
25918955
21978087
619311966
71189823
23189508
215161900
85696795
20292718
158396700
40704407
799658150
19172936
31289047
549231191
18034533
36406587
609279234
66025028
20688108
562787769
552874294
76721467
785645238
94248202
807841369
774878762
592347382
555288422
142596382
16616757
705371137
33582352
471248196
769475412
91205695
761922188
227284739
766685905
300027996
411703839
562044542
16632227
16172862
266258029
621539811
634002531
32302122
175152003
261898816
90032194
260257808
424359106
175413979
264277605
35830238
59545436
21877296
755467794
21201108
73444381
735479288
436969570
412781654
35624815
26320682
32698959
586257477
188256714
624334553
614138430
15621960
21316236
727604820
379271728
733294003
31198269
19363570
90278796
703653631
138141150
178530998
31242368
300076221
716472944
627792618
631844024
284532147
14116718
46801931
505976158
303466788
528066450
625997797
237416819
487869395
92023414
635845996
546289365
111460242
160932452
51513254
586366952
40123704
122473388
19711108
16149614
303519293
244281779
364052514
35683708
167010221
17855567
633169745
384542197
67199189
603025746
196683865
223316084
17133444
38043113
415068421
395545765
99394141
555577739
623268025
27861179
581162816
620509149
515117277
214838322
126775451
19093887
612455672
253800348
617858942
14040522
16530328
587980909
27951565
39878894
140125793
331926696
603766881
56435394
577574544
265519534
113504756
606863978
61547703
480709771
296091800
36770107
403435008
604597691
603698235
84688308
15934100
592337609
550958881
17793575
22416023
27188963
334849558
429068453
21959520
115068678
430976274
188422887
103016692
351574423
58061912
594042110
555270728
22379017
76528334
419088777
81485786
26360675
589616598
85577397
140844135
58271546
22632779
26536591
20594728
498964077
587015692
66704297
312348343
447442475
312002342
439730508
581991194
531689679
558848954
282542884
557336827
469350403
425187902
577426099
49493810
46485024
557077132
574538075
259465545
75911167
243364338
480753095
388531877
573789712
69325545
544309035
243342889
569302640
33688673
206363516
571688411
63598257
35151915
414041530
22699588
205542759
27304477
535962518
29282458
28536593
87342514
565542511
322937532
304682341
461530123
429460511
412494721
45742161
122402146
231104880
14105487
278362474
258928741
246923540
23998156
250647032
22161819
16571511
560605345
208809825
494428539
21942126
177069355
548860180
243314482
251443550
183703637
103424605
556553887
32513408
12989532
238889199
34989461
220403886
559223740
123276758
36178858
97975640
282805144
21019697
311585956
259800426
16116845
50022079
25112718
46987141
17897772
31288536
15185624
14357886
400290470
347956457
155642460
34947683
346757476
45290188
48175178
256363817
19023939
463946372
542781657
235632769
509180239
32285459
25712898
268334773
61677868
41406721
169168622
456747600
28708677
419271419
245152613
551518201
326535973
383322613
217498561
542143649
381285712
37036394
242499374
54264281
43747498
17353566
234317552
39995934
21328090
435318035
191706396
336778628
322997160
47407693
19800806
23267290
34809578
546885095
23148608
239754469
147848479
377949581
133102106
22072767
31649401
256289731
493911843
303588970
464712166
81043553
119162868
15823296
492745870
338880142
22816480
5507902
11097342
1025521
539505388
7730222
537760950
426820555
469289758
308899694
44499633
534824621
100620126
25198672
59311173
42960054
214889685
117747878
388645824
89724329
517051422
48103726
184093024
518064586
236645515
523068108
42117366
486860501
307311066
141208282
417982750
36557337
14122840
486720583
429152599
344767414
385682990
458019558
454350648
510773704
149532233
98387401
494792166
131409484
273614983
87493971
480261498
63364595
18657608
19325534
400668808
509835059
493226130
152917642
120966324
18251376
412906781
24121742
479559163
509171329
486792904
339710744
226789447
317770916
455116038
507749328
491831596
397540564
364671652
184498878
22409122
225689424
388328034
14745381
482601967
500287887
439247462
395153917
25272586
16697018
485553248
473038333
468118331
149743549
452484544
340983626
263939850
26237383
379958877
51305926
207562056
468124450
493430206
37899134
74741590
492239255
456152934
38096430
18214188
321070865
132990675
486207825
158866855
466466862
289422043
482963993
18964273
417320424
104619921
16271902
261981162
36263673
476489979
21879831
480887236
19730939
26095655
21688902
262829926
468928558
15267333
446737549
227797368
476064568
36385431
170016558
431686334
392736475
87845394
473305123
459039210
460537290
472340252
468897793
472194570
9517042
18001225
241208166
56770004
6333502
416888421
63004733
20624206
65271157
29250081
303900841
281778682
16622852
463181295
343139122
75117690
26374737
119196226
189209996
17214019
102937974
21707599
328666340
18198471
232990558
257067397
137091081
74220358
403611502
195555876
244352338
461823288
254428884
295904821
423977994
388892606
267443325
171111603
288408661
132982293
32667120
18294521
447501525
401632333
69482272
137402449
128735956
428305914
11333922
419532297
19604769
67113127
434565146
335666572
432166690
18033513
17005564
161062457
356532906
60985053
397462571
50710007
238354716
202283280
293280887
10348402
253810773
24638920
280601235
354746069
414200325
80884151
68011669
8241232
178106483
348045911
425461424
384904654
27136797
105713621
26042984
95054697
32719028
5649542
15201610
16782611
357146719
418976774
47357402
406405288
31419286
400214330
61118465
82212001
126636661
34985470
143886265
387850968
385130426
207421174
63014293
221078904
386719522
109164425
193515866
406584801
316182395
250416435
50501474
41383671
287494913
134640014
380691077
22182334
255347490
189320783
362700241
59799101
388687233
294733246
244660420
394837603
391903184
128260058
18006259
20737615
386712922
389200964
163456116
283163338
26068089
392211098
385844419
244137414
389268043
19764018
46459454
31443331
20347039
356592725
25096628
365160961
378657642
387223092
173649853
386009905
289385640
23105172
34336351
87145349
379218320
195221809
143915986
379782254
225764453
14732526
158042890
21947443
238216599
55452861
287639113
376817185
16115590
297106007
38473722
374837141
138263930
374635566
373764898
243840781
28274841
343816531
355992599
158679472
288303744
365545757
321152869
367438677
359025399
27316876
361391021
361963717
36471368
49698134
363417633
354545353
177160828
328855505
27633240
203538644
352226884
312029599
360905632
218975816
14327715
292946919
40350866
356452862
30379267
32714858
124499719
36087646
91595251
21419847
37534198
16187880
24273386
103821657
222262795
316250013
352581187
83783442
17669211
137447314
287703379
17093617
24539231
17088337
352804599
325505423
321441089
67578950
255096112
334405179
349613453
84617554
29787193
346966343
17007771
253752300
101614578
259867029
14083276
32624406
342481191
17992165
340527160
15517375
335891723
23633911
27617904
222294757
15723032
91591930
337133879
336736746
61675820
125377019
22856902
44301094
330417000
334700730
30157395
116776031
220337307
27818585
44365510
28704177
328979040
331952142
170934894
29724162
24830703
15783601
287797982
328882666
16872388
22502900
326429671
52317253
115240445
22536356
186338394
323684718
285792713
322012171
158091452
188608549
132241469
300773912
21817105
13361342
78495571
118828764
27680898
311898771
111386756
17163619
294070019
47433601
304355743
18981681
295708538
304466350
91448852
125186206
118538064
91942897
138516405
18637642
51952547
19803869
13235502
15211916
297678832
299860001
250265655
298236563
45921041
221085295
39012040
260869638
31597577
296609350
66383659
17108567
33877370
115851459
26674665
159722372
295222744
23383180
36818685
118399191
38895013
289941751
31081562
69256482
82277383
205514475
121526589
38199364
23173743
268570488
279150714
284606211
284534067
260745882
282021253
216077931
38018524
215448353
212457554
272300459
276976114
168696336
276228167
259244481
68458456
18087349
22638297
14773910
145347513
40282219
42330033
257630376
142533079
172444261
152280747
253351560
234846632
217531561
211717944
192127901
20568083
100853035
267002310
251997517
230620231
265557422
260460416
18484236
14141197
14356012
172175318
251849712
29732088
29848937
109003244
250513404
98726092
242612677
259684636
260022423
261722168
18984195
248236220
19001970
72883569
40328606
21913065
165252584
259341737
77730615
140585399
252741484
258201205
5252791
15102664
171827278
38883913
179059865
195106193
178206360
127346679
35038857
215532772
253012829
220402818
32062804
249164525
180877311
234460881
207652345
163585221
117791931
194624921
221694413
26168536
245879639
249002404
244623146
135583582
158100219
245674757
123371217
15316932
36666496
243812468
193559922
231206334
17261378
154426480
82990060
232616347
161995844
229170228
239166642
216120282
14457009
98848668
16940668
31331628
237113002
167221801
17739438
26572646
86383307
206011112
18797186
130158887
1088181
87645337
208166401
133474481
186206767
66950568
76126187
51502583
212342084
134528794
234284291
75362308
86610556
89393802
123865715
161773913
92073417
42383845
155698735
90188209
213417890
18522234
70792934
144092570
228920659
130480149
230087076
16373302
118395842
19041145
65621964
33858909
14313651
14160607
26418098
156239812
218593761
20832563
151041862
22729482
44584203
22654404
108942681
199571964
123263650
176077040
165178659
219553100
191941564
52572443
62070874
130982709
215214824
35403600
177971892
213401403
76152007
23862487
63552808
21098195
200160381
129414390
197901148
182881849
190684722
182994241
184839880
192984712
190209441
182440170
187810273
184028869
89802173
150496297
654203
107275022
122937313
177684752
83893974
22808957
139322140
22671716
50306155
164734618
131250021
166543875
158489102
161044743
126067482
166873901
110781962
29903007
155853471
76333569
123138207
137497556
150862501
47355663
151100368
149790816
94802427
21776439
82830519
25395126
24917377
104521547
140209184
97546960
108391366
79344520
72670314
75794540
135769883
116930608
14322552
17552913
106774210
43865033
126800276
117317083
88184333
118703048
68982610
116369974
119116841
16011794
18504867
33937246
114769964
112682264
113643881
91656087
111917518
22711126
110422387
108968092
111334166
33967016
20411651
109301883
108653971
85903828
103922710
44164399
92408847
99742444
18219461
24430413
38024739
15569235
59841237
14675205
31433420
26873200
60996414
103720336
43385821
16455137
102734779
102323049
97069450
38208224
90955665
84671133
58791339
15960540
97486261
38983615
15780040
87037314
54603591
62337953
71691476
64556941
48085489
17194090
75327216
52649110
20723858
79870158
12014132
89528690
85883000
30809238
28443212
18501320
18333506
26429256
18692858
15067280
17772439
45673877
14589866
56619909
85432998
21817757
25728193
84744442
84322556
83935779
82862733
18537956
80321374
81608244
63230376
80373157
36162240
80170984
25283836
2689501
44863101
66022815
77212185
18626424
42735959
72189720
30878173
15428715
30054059
43022858
4635621
27648427
52106931
72930283
46254126
27097718
36631657
34905739
17910815
49429204
52401733
40333005
38701294
24502578
20175361
32100294
19254899
69592462
17308994
47683473
26034385
22544194
63963724
67126088
58535081
68424901
68403008
58049407
19041958
67326505
21917719
41729421
66176939
24178623
16068717
43436005
65661691
24989697
14679080
17241826
16971292
16543569
17537826
36733275
22075276
19612279
33382088
55022919
62671218
28466034
60954328
15987693
50000423
44153206
25609333
49694925
38301287
25076165
59971827
59385181
52960508
16419673
37133730
40056778
47536680
18767537
40243267
57112634
46642610
48791873
51288861
20548213
45945775
15778722
55078146
45306331
42151509
46431931
43978272
15965009
16349937
50699334
16989709
16665229
17123884
39455157
53259125
52517652
51066938
39355380
43014231
46338661
19848572
36639299
45033467
51801958
8928992
46743975
47825635
18993847
44687999
50269331
15213704
42125412
15662658
44913878
49388326
48766556
28690184
9749282
19539602
44552432
30528199
46898539
44282408
16907473
10304
24206345
38704741
15469855
47617092
16905782
19328583
15726787
17133805
43496892
18151410
33896079
16048858
46897140
43542762
29149904
15859033
16235530
16300279
32553959
46092606
46350921
14078733
38098486
32438976
44635523
26737253
29456841
15905814
36339871
19719610
45138854
25310895
25630119
25877449
17181265
43345660
16050032
44830336
42358257
26609232
18141261
11274452
39142191
18388101
18683470
41738062
29645285
42666691
16458850
39850054
29581368
30983255
23453489
42938715
39229523
23664974
14547574
18659533
40467265
17885796
21533418
32256731
39116113
27234663
31973581
29640535
25393674
18690831
24158983
16518494
18122928
17527642
14248266
33750421
41066047
17901961
20543897
28807086
8090272
39380683
25851069
20271080
18745194
39833535
15551936
22935774
16564766
16974568
32649392
26620960
38810231
34125609
40412098
40392643
40115881
20322274
18472960
38191844
39980914
32189252
38593097
39332749
15526071
30608443
38387922
18883642
34950960
14326165
38304393
36353644
15864679
16212511
15566901
36724788
37007464
22381504
8270332
23272495
26094043
37781439
17603464
857141
21047430
17655804
18034211
35917438
16274109
18647850
34837893
29001776
16530559
13024782
28955945
24169451
28562000
15684019
27275711
31465548
31501534
17967259
14303228
31280223
23090203
21906739
21528296
20457806
18485250
28656326
18687964
28487033
18162755
18589309
28774235
17581097
27910381
755103
28898594
16298316
15439882
28961576
25258065
27497462
27897911
17600956
25703470
15722566
28660670
18365744
18420886
17108182
19730434
28450141
16858817
20858267
12039032
8442592
20210947
22029288
18203256
16192862
21211055
21045960
27651857
24276005
16659647
17809060
17465871
15882988
18285913
17973597
755751
25166133
23242736
21877876
19263098
9548232
14464331
15983839
17136795
9366912
4278201
27331156
23816148
16156755
14294650
16492969
21917378
1201491
24996681
16564631
22562134
25615710
18864393
18779348
5346682
14050797
20491283
15246534
25894663
25177043
23180374
16502612
17285878
24454692
16739442
24473378
14228300
14323132
5392522
19341895
20779303
14576066
14650898
24844280
21008841
15588676
14326938
22656082
14591033
16073373
17946723
24338179
24275270
24199315
17812993
17155995
15210446
14452745
22507341
15353425
17407941
21576470
17331894
23278249
16972991
18641940
22682927
15633782
18424033
21588399
16959847
15586341
8997532
20544405
20410266
17521231
16072580
17696878
19889235
21699444
15433995
18083983
18513506
18902436
15110079
15006960
15330108
15779252
18506835
17345584
17639021
14670999
19027515
17913756
19011660
16798983
18242114
14617978
18095948
17791350
16736610
16058849
16131230
17017283
18743636
16151184
18079598
16315815
7746052
14550649
18366652
14923512
18171840
16012211
14186954
16266770
16102018
15348890
15603234
37945400
126278129
3304514098
1850202151
214353577
1973226210
3193825417
244445953
2878385826
2868233173
2856505151
2382853022
2830645023
291899026
20029822
1091012988
167151550
2799333908
2803134834
360712765
92635895
44145969
2305690723
1857106262
2590597789
36724414
2476053782
1612996826
754157640
278399131
26817785
20957825
2225449470
1549462968
18293302
323010850
43148307
16533329
25105712
2238047342
27242279
1950189974
517168380
249584710
141321953
619321681
22197678
213780199
851566579
15397997
15147250
1564379863
1559003725
30853206
1485580345
185790728
288636200
1482947851
16814727
1434046368
891891240
315914263
1302601393
1123596380
1107888008
260361653
23007100
407146880
1262619786
119083950
71666140
125880778
1079638526
200762952
770052272
259030874
1023092664
1003388040
917128614
579254529
951645169
169374171
326158694
18030950
80931384
440622422
46204677
771236426
30933269
321311419
327810650
747016356
202739649
589603294
329842436
708247783
635845996
15428227
60542738
587117738
64614882
22337022
313610946
605537180
606539179
602198806
603698235
587599315
601217951
234509501
217613745
308995701
548971888
249524997
160641891
414041530
339954487
406980077
443218463
544679771
402949859
343150136
446737549
299722738
338880142
18265163
18589818
519809419
533618509
532456503
528919426
487003422
340527729
108547471
507908986
502170362
35799291
367871403
366537731
399477877
475957209
478611317
296001042
453529953
26821166
49334305
322190076
317930335
386267736
392241930
375146374
85870848
103524644
265077851
202283280
82093321
396828817
170075982
145678838
355755592
394837603
340841649
293602382
28360280
280963103
213839655
255139136
312477208
95971065
351147295
23033859
320389643
15651538
32693892
160023457
114502372
117661743
28748580
260056608
287334235
287591314
343613634
357628652
259438310
364676723
368516286
20459987
22914354
47357402
40350866
357637881
294070019
189659678
28121044
335809227
320894738
67578950
146897736
346129609
340034363
80784972
143574262
341258046
194623417
141037915
234514449
131604708
76487296
339738675
22319825
42235834
19497913
305354437
336734230
278873174
325871089
198223408
110017972
238881018
61614403
138981451
18583732
326672519
294370195
154331769
292936659
28340290
166053073
260342518
306278595
114324089
273772422
303834685
102243932
231335538
194783022
309839768
158920352
258947052
28777855
289897152
53436897
321858016
114098608
314051702
40288023
192099801
42978534
237451861
297776021
14533659
244183668
317389721
244854745
268532182
19085281
262011518
322012171
120436948
73013623
67447390
164706214
14297224
215265854
196825304
202720611
216297730
312616604
302348821
314528867
160263625
160246391
160223936
160210875
160210505
160210069
160209614
160208838
22986573
15628274
252030214
252028899
252025361
216416983
206406925
312221246
190032816
278267065
304830840
52358292
309523403
67218195
111719381
182464464
25344447
314287177
243243658
17364200
307787663
289177672
128370140
78644005
283615254
32813639
182477041
183309405
146537157
16689603
97071191
256576542
143978865
244817467
185481670
308248294
16351835
186286660
94107321
81076751
170603805
106891333
103653633
236582971
16333793
302930643
262571573
278712890
175160823
282477043
104917777
26544084
88111842
300490280
20337419
20369825
255320663
21219163
278593365
46152686
221598158
136399472
175271236
38895013
27773940
271109878
204341589
251961090
178042320
197539805
156039646
171816357
196903834
15444660
98506942
185081012
232422777
123606471
153875114
268570488
159368707
114754835
101667282
272679619
15519828
46995792
28381197
236944456
89261093
90228436
146137420
28266661
56293707
283672390
34760658
283522268
34939880
152685869
17937327
77008174
250396101
18110327
38925280
106154930
202774525
236335319
83768222
154314471
41257236
252769452
237719499
27709690
267043080
74520703
260759394
179963135
236961970
4282171
174318090
270699231
222568038
231970863
27998189
226661278
263248160
259960404
209666415
270146737
28194264
240279517
17490477
48576804
145286489
221200308
230344841
262302470
262350308
236295457
15601367
135438947
259992668
248649468
259618574
209179741
258915162
188128907
51115996
256361699
255929005
239602041
216880421
241700915
195388657
236253655
227852133
161807411
245642575
43516209
213523592
249589220
86731228
19298156
136045868
41843696
234417066
167225699
31149418
210286134
214813651
200539630
238215577
211990296
13306282
66238040
62627070
82436117
226249755
200921763
181401950
227536515
226117396
203767818
230087076
212202106
193522221
52757945
214182933
209650866
189308787
194033220
168744184
201321555
205361917
202493081
123789130
182065466
17559626
19791948
109919865
86397806
190497614
129838571
193535125
192940322
44989004
102788492
156221351
180320160
180109975
40391474
71314666
94643834
163489636
86611074
50306155
166654313
22729482
164928328
167073340
75122016
63552808
161679829
67521059
51960486
21987866
122354350
139857485
107252229
86615684
103616598
77295622
132488548
123968987
134235405
24172542
38446813
125774430
86751409
133196150
27677483
48479759
133796147
36448386
45518701
102507602
110352037
113501740
110441970
111640362
133697467
25150645
126998011
89374981
84872900
110423583
32545057
62835549
33105516
106488976
18516161
103959302
79088112
46877746
97494498
97486261
7760822
34743834
58443374
90550974
86807943
23090203
22805394
78276167
81133467
78633151
24432349
39731158
29512942
38116835
76978650
36516491
66790664
73513794
72904140
72489834
28385192
51943734
23096195
67445335
67083712
14134351
65756049
47048827
65986336
64926119
65702714
54666173
48207441
15666066
39922435
59648250
15352503
15046713
60998338
58685736
21213997
58409531
51110184
42906869
14896646
35783313
22174706
18860012
18364005
49096720
15255923
48034014
47553598
30904605
39557327
22516699
46299339
45076934
42951164
26795756
44770738
44761658
21255607
44373773
33552158
27044190
43689886
38483234
15063495
18642535
42429048
22853215
25080455
16407433
14967949
25715647
37648313
18515143
3181366789
843593173
3277375818
601059797
3321217215
2822799425
3249133238
425213735
3331318251
3261894673
1945085910
16231168
233971509
1565788843
208138875
372988879
3248315911
145318322
47604483
3160654640
1898235600
1454499878
572088651
3234130411
274213788
73438685
3223165274
2984496274
1196702316
633257605
3288844876
3061369728
3230283975
2259643848
285177964
3069886005
2536235830
3099165516
3242312735
496259079
3181955904
23800448
395899608
239026003
778740193
49437767
3186695209
3167681892
2239745677
494314008
234176319
2963339232
3095606510
3209461979
822786168
497610762
315842982
1054181227
2654606641
18365744
837015648
181816842
320734091
1676224998
40407840
289354540
272141779
98421570
17272169
3212360032
1439372785
482503981
237465343
96564060
2276576161
24828907
2805530727
1878987517
251876660
551315073
3171228817
163307123
3135872714
285328319
3111678348
3118816012
3060615289
2469903954
3086783734
251396908
2612106800
3017775095
3087429290
2427458814
1434957780
278631850
93015844
25086747
2383998211
173871117
3039616698
3035429382
2900092615
2361507260
1949435575
560322034
2204422464
17068286
91156451
585132394
633917797
235682912
106793317
456962768
519555032
2996353156
3007680972
2402123996
451815639
9548232
942465536
328378362
2823853529
475927697
2937913443
26160900
2997567984
1911425660
35762667
14551642
102786922
913948130
2359962284
106553400
2983490197
2744360507
46051059
18620562
2961497258
16359612
1950213956
1187243810
47005788
421011610
23611434
402630155
2770286641
931006321
21729111
10021212
18583059
2892353763
2898233755
2266876387
2176369800
364052273
82847135
2857488525
2850444275
2865509406
392532535
14318471
2857509777
1954293848
345355886
2858143775
199030898
1271338237
444708910
550303663
38449898
212323439
1665857581
2784471977
2721741788
49714057
18445575
2742836954
37366095
1035141030
1573873243
1235832841
2400707779
420862996
241291748
876191768
2799333908
2689823359
128231212
16819278
12874852
144657491
2729155802
2673736750
600741856
2394353328
2658154303
2654570388
256921454
2757761002
2783102911
1516724623
2743292714
96154421
2699432743
42357807
1908796153
2589720176
17553081
264521143
2658249530
2416253551
2708072990
2226491683
1582593798
2690505564
58487610
788150142
15467750
54249399
703781905
2649726534
1267335924
1223591198
479923331
532585577
2242531663
247479438
1065949345
2230562504
2338827865
71622385
1551669276
389555700
1270261734
187245132
869236268
497034356
2535708884
427797615
22541773
21232712
2530438436
37037471
2419973893
1831400227
843120673
100325037
208051933
1976399497
390283225
22654404
2322917387
2503322198
260582890
156381296
23097927
44692040
292441397
1090070120
273484997
624969131
2470247336
238505476
427512684
62849781
49426723
2493745070
17475872
341765530
2350158463
32419108
16283736
2426246352
2413574286
291451263
70597268
721113493
46404409
18640812
2476181216
289856501
1930943028
2504088449
89853213
844052826
14643617
47044166
124192570
570389638
530886665
924036050
2327293646
2472605083
1710005630
312132300
49951073
700113804
23390304
27190396
21301939
417458391
75059414
254805173
415001805
601227170
954091688
24304333
2482055523
28257129
21554706
2521149959
267784653
2312126725
70976782
1325430931
2453959616
206126665
480892672
329115473
106456667
574125050
106766736
407856617
1291041361
2397120176
2263880397
21906739
2362109334
2400687974
59143817
908883433
17500180
14477090
310497359
106946478
45577730
50619553
44395380
278399131
1205230640
565109365
2269384130
2340621589
2358806239
2239838612
1580337175
17407148
72982024
2348626933
233326084
48215037
983501
924510962
21366671
522325755
517168380
212115183
17750110
737546803
32492113
49185789
55475057
24146530
443831568
36843923
2176224866
173644876
446904302
771462746
2225449470
1365144540
20815628
2260815797
1152133878
1042368384
1284950995
2281173032
101757273
1967533741
574204622
325028299
2273927869
181193802
1321016070
501524897
1965178260
1525342994
207352430
32250127
19800806
247129467
1191200610
154088452
2243924989
16738787
2180665580
1265351448
52847258
18576465
130325746
1123616850
42152822
1099451954
1887606948
294648655
65772438
406758925
1447041607
344749790
21064366
32146628
233358828
852083899
18425602
21794452
2163353473
14750199
811607906
465060640
844315279
452361066
265696749
2178761168
102860977
1357985551
2163734977
2160226238
18998656
21090777
399605650
351784296
1917259338
248215830
1210764044
296032490
211943585
51810142
376353661
354197387
1633476157
1513536128
569302640
213780199
191282077
549476819
1486789351
1458648812
111559012
70397401
529715795
140437108
90242051
18812454
466791364
884448043
16150806
163077442
95736421
172889787
1606059037
132405646
43583004
1574612844
14269393
739229701
1319265602
1647346794
138885584
39764957
425473598
15200286
174273450
229287680
71858540
56788628
471615885
68479359
72636999
351166366
709593277
1198140439
766496695
1494412664
1259607091
449409484
1596852493
923470417
133200382
560429973
75567156
1551607494
1462267578
16426066
1080687673
1485580345
49115368
134930804
323430228
1491453194
585309709
285279007
971302722
894775045
381374911
476238744
888027091
335720122
568550309
463364325
1482947851
36015440
191538028
154484736
34553080
271019680
820333808
24998833
1433702456
1424497147
34367125
19608435
31409510
1202120442
545417506
517045006
25380951
906822428
592318436
17122068
37036394
15058756
498604935
316221773
57145818
803618972
24233150
321609053
378892423
154253351
24415922
367232505
8387732
137539127
1049578200
374864146
572314995
65594160
338114931
1445112308
996434630
346151348
23804548
1362458540
1356846486
1206853848
119604009
1389209432
608456386
21987563
123123913
304452265
571728959
282800782
71842271
17183587
89755358
546615003
386039037
288471933
409593803
17181891
482482869
496390709
203652688
63303967
25724916
1379421782
1147088798
571055988
259109933
278217777
1302601393
1364201978
562233959
24138375
1162633598
1148830532
343598276
337424399
95933047
1107888008
15964047
1301334548
260361653
1278218868
1176728882
313375223
1336507939
323010850
710009923
506853193
1317222146
849807032
1269473726
117317083
18063433
69802243
389188017
558171579
1133236873
153128126
1284153122
1089172938
207902395
345459346
44385300
448476382
79344520
190711430
19238201
829551043
861090636
109472711
46783661
897636840
87340865
1141356954
1262736908
30853206
590037834
193515866
23394691
1086700950
357040097
116833234
119083950
1046282838
493454735
34439321
1112440273
405816638
414539560
388189506
1195889484
372033587
98978219
16854164
470196395
206637018
540988345
36672058
1109126851
407043981
457197207
283687745
27408389
749113
150809557
19469186
479969700
912612055
18223885
335351171
896150430
169535325
604642603
403016538
368564120
797497100
127054665
790021856
487178849
251584568
431391193
583408217
285455001
24929739
174244816
15839938
544565082
1095288414
343492196
539057653
115085266
771862471
118828764
637379304
64207926
614572577
126636661
15279465
946195285
25911044
291698254
1076023501
236094616
409196135
55394837
11142492
571720549
326569138
199143804
44725618
356974298
516867082
273421972
33433257
795462812
995655854
345941802
18809912
829056422
22994470
45900753
34710922
852961748
102133590
280606793
503398472
614029403
247995877
21817757
854892625
263711973
67284411
42923372
27305301
90991438
32353164
17167911
68624057
944853494
498964077
72794608
18487429
451943878
480050626
402035499
203646367
154361768
530850374
848996425
586323320
326158694
311190853
787398746
240199606
184751109
170380894
395410238
120825572
375834751
138528152
279754499
229346198
83394299
326144014
159624455
898697485
909733946
347391782
579935123
569242704
570753629
218679389
876645691
886317644
117253684
562787769
602453938
901629320
44737035
32062804
440622422
332684925
17469469
883997976
564291613
874421773
718884666
806862446
842240233
822086306
821453360
537309350
582391162
589277968
113087285
547076022
302986366
39241394
594177030
98680225
234673766
23098595
12724052
382764164
19363570
275665495
716907416
32708715
627792618
448725930
705371137
625997797
635845996
528066450
490760221
113697077
614737523
395545765
612759463
73687983
518780357
312329445
213754594
532720412
41203493
18341086
487869395
605557167
602836066
78832560
606863978
334849558
515826653
564291690
253800348
603698235
36359184
543548377
13636102
308995701
569250780
573085680
429068453
528700446
37786691
35007839
15895251
561475313
586772560
21540353
294114801
447442475
23469820
14163883
15855954
170016558
580501126
577426099
348759869
175376932
18902674
143701910
278082743
306951803
551154168
574538075
369245774
70492911
570187131
390309275
571274726
570290731
290114440
34411419
1393551
138510614
568619875
40132642
23869135
23646321
467127612
161876451
570446750
295240549
6429252
296429675
294672420
534393377
569649388
372792271
104024337
414041530
177048999
519979063
28098206
27434341
559669371
430976274
553319118
199631655
254719698
98452184
16745935
37723843
218610297
338880142
34492012
48834856
194624921
512551849
206830820
345735642
519441278
461837502
377497721
68462572
15674112
19031473
449435831
341701714
494259224
71657044
58795534
30221886
35799291
452484544
343150136
20957374
435615116
429765661
464719464
51581950
245183689
482434052
20865979
183463599
412674092
360108175
20025850
58636516
92520372
281175230
252107333
384542197
11579212
239663744
220313886
159099962
174688615
459714154
385847905
357647590
304457365
446737549
49506820
328322821
20832563
21405623
133710837
113101599
22932397
33495866
131811888
94802427
428305914
361238217
240143685
255292289
357015312
33916471
42980845
430882769
17795722
22053579
416559948
202283280
357146719
108330063
55014484
87039307
16983361
416320620
340552341
253887376
394244399
20653637
185220648
145789673
87707751
47357402
408492549
25776543
22275015
388916024
294231556
20193452
82468711
289385640
163456116
28704177
362838589
394837603
72239171
22343653
258605206
28360280
244137414
367872541
383995872
106539595
117895281
214203768
67113127
378391910
325644574
54264281
158042890
130553771
63439599
47757028
377805662
189659678
375838229
376196918
374478568
228556366
199362504
290085437
288303744
24174295
344705262
320305276
62315837
342743115
364454170
69064337
248943681
140738341
352226884
312029599
182180763
292946919
86818387
40350866
46664359
123098079
345601862
53911602
112034865
241191600
349292364
84617554
26390316
311271073
30714094
250203117
201912811
337615327
16630083
59200277
246753825
21596811
18452605
313034182
50861448
269819707
171647105
14292670
322689511
322012171
43051619
55062893
294070019
100000760
278170372
232190745
151041862
81847441
73829977
278906906
277009265
38895013
31081562
237912818
45921041
23766624
109003244
276976114
134108651
138530516
151936506
115772245
40282219
267002310
85450519
178076494
133369441
61932115
223515146
97546960
220357437
216129150
196014887
147698376
84992287
218767442
226713935
239166642
160932452
38555212
108391366
42383845
11768542
198378135
223507500
123263650
220448412
177971892
26311890
197901148
202729572
26385846
35830238
190684722
59619784
17181265
182440170
181353991
161007666
83893974
177684752
177291416
50306155
15551812
160962446
127875820
76333569
123138207
151100368
14065759
55290296
82830519
22210537
15645871
130478679
20737450
43865033
15831949
21438665
72440984
56297838
111334166
112682264
113643881
108968092
46050365
44164399
39184978
6604132
56694282
99742444
104969087
14675205
31433420
67748167
16455137
18801560
77574759
90955665
52106931
68651147
81215145
38983615
87645337
62911293
73135424
89038428
85883000
76751363
18501320
18333506
16165825
82094681
18692858
42906869
23798980
67232882
56760408
25728193
30642401
14885252
66165059
54052039
25595214
14128826
16888904
39599742
71052617
19119794
62530808
5448822
17473853
71593472
27263803
70279611
61230672
30701067
62487390
65390817
27534897
44672132
62022785
59569104
47607688
11274452
27922157
44956170
33581535
60840117
34019150
17565911
48831366
2432816700
3227622284
2516824286
3288844876
551315073
610547449
3105120222
1898828959
243782308
243246150
2491577408
243237533
3087253320
2427458814
402630155
9548232
46528973
76067432
2382853022
2915877788
2430976122
314011033
2799333908
1286428260
303232940
2612535554
2292990992
2546202710
102091471
2481983263
70976782
1291041361
2353990884
278399131
2362748538
517168380
522437128
475043222
2225449470
1284950995
2202977850
1887606948
16891507
700157534
1110599186
1649186623
189203544
213780199
1525342994
15249092
549476819
225057967
153551571
1500466483
1482947851
270754406
1219549328
1302601393
260361653
735339056
87340865
1170470694
119083950
407043981
24929739
1040387040
409196135
995655854
15621734
986084462
917128614
609281312
326158694
892702184
14686098
787710745
440622422
874421773
877090554
25272120
564291613
48110818
378476849
16738787
139744512
18389626
22866395
93952013
227284739
517559739
423995169
409529974
785358199
97554022
635575091
777979249
537309350
781434822
705371137
323284201
15316932
279609335
391699882
183793060
19363570
606845955
625997797
504778384
578792020
635845996
253800348
487869395
599851301
35685408
81485786
614737523
395545765
343598276
32353164
515117277
213754594
393101179
606863978
448285911
229346198
285681251
334849558
35200923
603698235
569250780
429068453
379958877
521264284
490238987
312348343
17123836
16965547
577426099
574538075
569302640
249205136
175581894
451636377
388892606
59556301
552718490
430976274
402544698
268334773
72127679
343150136
19989479
261895350
254719698
373234686
57042608
45513743
541992469
338880142
515826653
147938041
112034865
316357556
288339494
386664411
449240437
19377578
509835059
523068108
369419828
443059456
13186532
254428884
14141570
17512710
515540273
508219152
482792121
50665391
492295817
388328034
207569706
311695221
25833827
193626134
75362308
20957374
423789161
492239255
364671652
87732724
40703112
486943526
422920738
407843085
107930967
390521637
466466862
455116038
297106007
17409817
293280887
341109625
431686334
9517042
58062744
459913498
447442475
12831902
463076905
146226582
233845192
34136248
290114440
113101599
457817446
446737549
455984776
18730238
373831599
426456415
337046680
429765661
22333220
384542197
428305914
271015906
19729130
429537430
76721467
361238217
20290668
231255170
202283280
289608730
416320620
47667310
23474951
292438954
14169523
357146719
26676913
48819973
388916024
27136797
311271073
61268115
411070347
409942092
385130426
38451966
155558014
9491292
17920531
193515866
394837603
72452672
23627345
396721702
251758714
48524256
289494464
12127792
306388787
180160760
62941783
242450048
373517942
387261522
289385640
106539595
382206044
384361242
323277605
217283275
16196590
325644574
381672018
170892495
346832107
342112689
213083248
114132673
109164425
234167750
170989323
358373539
277534792
290085437
288303744
76853008
53787571
225943330
365158004
359025399
361963717
36471368
364454170
29837168
241576281
305634171
140738341
352226884
312029599
28360280
292946919
290654907
340552341
348421630
318685089
304457365
67578950
103821657
258605206
352804599
89125986
243658875
99142735
334405179
84617554
33084796
337615327
246753825
40288023
267446312
335018588
39626338
308920019
13796922
326961678
16473460
54772186
189659678
322689511
231756730
203938295
320305276
323684718
322012171
13361342
304510616
145417607
311898771
27680898
294070019
51586992
290717474
260168348
171640472
159099962
145062902
247027057
16302003
18634465
38895013
23766624
28704177
45921041
281542561
276976114
276228167
217531561
72433695
38372614
142533079
265174761
240421202
267846694
174233165
197475713
268334862
267002310
253787782
260460416
125103088
201901645
105290051
235653663
244830461
255237112
38249341
246046596
20545089
252275004
224694902
211589627
103067027
163456116
211535576
194624921
104209660
223515146
250421407
216120282
46664359
68830863
235343585
51581950
28761948
25776543
35038857
167384426
25376414
243812468
231206334
17261378
126697440
241917669
134528794
77035147
222654667
115547642
16038144
226776250
233396148
219375553
28898594
237113002
17385965
16329446
167221801
27322114
84942260
237310483
11630012
236450655
236708386
48546597
217521325
156785569
160932452
44728985
208166401
90188209
231831282
18522234
70792934
232008801
231909460
225784775
230500918
230087076
78832560
34439321
33081619
228439010
58948367
111442306
142728153
125393364
218593761
210754356
25728193
155698735
131157231
166584208
165178659
203251674
92073417
144874883
108942681
199571964
163446541
220226766
171865237
205876552
213881853
123263650
14524244
214195047
23453489
190454254
168679723
20304360
15839938
87493971
53936867
170048458
94485569
75300453
49386820
25718274
197901148
46006269
45877750
179938406
184839880
19041958
17181265
182440170
22671716
166653118
161007666
22808957
176055702
50306155
131250021
68884547
151100368
55290296
26569991
82830519
142825766
108391366
75794540
126714075
109932080
116610406
112682264
113643881
111334166
44164399
99742444
14675205
31433420
16455137
34854402
101542813
45584166
43906965
38742528
52106931
58791339
97486261
38983615
28009658
18304807
24899874
39324985
17283532
73135424
12014132
89038428
85883000
28443212
18333506
18692858
36162240
46743975
14589866
33044533
83789689
18537956
5448822
50288369
40128307
20175361
69983263
53911602
63981997
61947645
51073322
59191026
48114409
25240071
19406794
17801137
4083781
55220904
57370082
40243267
56815971
21906739
48205006
25177149
20258964
17951676
40180873
14471957
38915384
39850054
17150076
17088922
33823550
29210246
29249864
11274452
19892459
35578472
29608579
33263195
23146912
18365744
18472680
27507211
22187197
17967259
22091213
19596228
20858267
28656326
29884048
21307813
9689662
28377232
16274109
20202242
15347337
19725256
24174295
19308138
19136698
14500190
18057637
15073716
16752387
15423652
7646662
17906599
17872764
8997532
