17014773
1943374171
5548212
2352443336
37024101
3053940182
3343844967
1525342994
3192025274
328255045
3340639287
34698999
16231168
2840754100
1249470727
3029512913
33923443
208138875
361912807
2516824286
2909984862
3288844876
3027061791
23638213
324882764
3146360641
21036195
18040878
45641010
35535847
92545648
2839975129
1246399340
26392809
813328819
520921872
1144660910
1592123521
166634861
26559145
539169178
437922416
3068697172
2508974115
65785872
3109780599
3100128008
615455633
2427458814
78410840
6958022
11089002
475566337
2994114601
2596637047
11673662
2967074325
312796175
2720119616
2244580484
82017168
2490700826
56285800
2939581445
2950947775
124905169
1515371040
37003849
402630155
46476216
17811793
87251276
1699671378
2655130010
310232344
279043834
2851256627
1604241044
38449898
2832871486
2700522072
1055593891
333736264
46697424
30973
2851769654
2807877865
1331432438
2799333908
16441772
2617374900
2233590456
2535346560
2478518533
2457408997
2189426010
26515055
2447710172
2689967545
2185070425
964612374
306794703
386665560
1009647770
2582834786
632191590
2588799408
17385685
17353001
29998929
1309379474
84595541
554645990
944997235
2479795112
33160996
298054295
2460497622
2456979548
23090381
1358068681
2418038766
423760183
2402519552
2391062841
85125962
278399131
431744926
19565716
14866874
1580535602
2225449470
1284950995
1244577362
22536055
516460371
145318322
519002101
464719464
628756943
54654855
298508921
267602763
46663754
86017517
1902639530
1908254666
1854383730
106793317
1857104114
213780199
1387790484
530855489
255210296
171291512
164053570
150800311
24490099
595501924
1637025319
1630869182
1587918553
404144021
1272268856
1485580345
143245089
561396699
1492133730
1482947851
52106931
571527341
540092279
17952864
523749738
14579415
178988064
1357901635
198284120
261013359
76242992
94132474
1302601393
991268760
1365111277
1107888008
556681840
1289642406
260361653
141209597
452556318
343767002
38510500
474765622
33880118
87340865
791681676
897636840
948043832
1052828437
159099962
362052474
1169844745
944683338
1137012325
318689622
351440910
34878611
63272489
260766816
624209190
143335928
184063011
28730580
832775688
259923474
42656295
71262160
706787654
978070843
706986878
708711139
701452520
708696660
78877023
68624057
165809647
326158694
838738278
226640798
195230208
868767434
440622422
885153254
243658875
29809283
881562421
883316227
880998438
878458681
877657650
875297431
872597130
868979684
869975460
869711929
12447432
865612232
857320998
855883556
182223201
588990727
16586694
838804296
838683727
804998390
826747435
824980482
824314519
15770852
821373080
821303124
818412799
817943274
811752324
118258769
811363232
809346638
809279408
614282385
806069082
113087285
798284814
797795814
797086136
568789874
559056641
777979249
787994071
787393453
783284096
14479480
781312064
592503271
705371137
376226434
343707578
16664013
769615627
768827484
768753984
759022495
761061440
603698235
749533206
744882468
737524298
730767992
19363570
501398702
22041961
720867158
717690660
716426936
713450689
712590818
625997797
528066450
708769920
635845996
312748976
386105565
395545765
53363962
611661438
615628420
56075873
54820548
10929352
183034115
507787351
608356985
343715921
603212816
27922825
308995701
564291690
115799305
118499006
317880252
498995378
430976274
577426099
347398041
49007297
571379849
414041530
286256971
477861086
3956551
559223740
33383299
520552742
8527372
402544698
282808699
426534479
541714822
496180608
414478332
338880142
424585335
536205919
470889319
131250021
426263149
119509215
493831564
492255704
512753391
108989977
44219532
375797594
482601967
480887236
452484544
32636664
461251718
461252332
425921194
286091436
460019990
461223213
463181295
447442475
342643794
15576406
464936361
369146103
172795150
440311579
440325285
452981354
355493251
27351327
148154730
434697334
71324539
202283280
206212272
104213261
28726687
190928396
16515297
404401153
366250221
408743422
405427079
406584801
19084832
14484631
402686648
316499048
285327322
333030684
378085837
72951252
394837603
273032537
397184974
72452672
54998393
215946974
389268043
289571299
289577210
17343501
385765637
382206044
178812587
20050801
50733677
143915986
158042890
362587722
295898166
350688242
156400612
14200189
4127351
17841279
142768785
294286823
83429920
360604917
344696540
18821098
166312312
111317054
322894448
24681306
18810510
299258370
19840950
16698800
276991632
304457365
305044642
250203117
219104076
322012171
313459935
213380195
260907612
58617012
14574514
238563521
217132704
212236380
296549908
31081562
38895013
292478696
53075870
260336918
286903434
229076060
16266798
277009265
12272892
40282219
276976114
168696336
276228167
277259148
271432310
27613001
145347513
142533079
14894472
211717944
198298897
262512043
245175045
82191631
253226724
252275004
163585221
101260964
218334568
252311334
119043314
19043540
34482060
62063159
239166642
216120282
40696781
79102836
20276632
225060005
155698735
230306020
15747188
227536515
78641040
16882833
90188209
27939202
89524559
23114087
176697520
212523925
221001303
220996732
212148025
221023471
226302175
218593761
218619101
165178659
213134285
68972695
92073417
199571964
215511949
202302117
18452605
165796234
151041862
207344177
195777345
171371487
25718274
19301701
190684722
28432617
47834207
197901148
159838604
173638097
57796420
193209180
37043543
26563014
21432605
168451253
169281724
17281199
166653118
188692368
140192316
182440170
39899385
28232889
26573545
20523824
184196346
178483625
119969760
161007666
177983363
137707038
177684752
83893974
20312043
47811875
178695835
177927275
64532597
7439302
17198999
130830413
34553080
129913896
14521343
68573221
18262104
14167429
17049613
120205986
23267290
18845123
94802427
128080258
129522655
17877660
16548834
122247387
128866409
129042537
19329324
18355938
66834352
38248936
67333334
98592671
126800276
96099071
15510209
19549212
43865033
16255215
18572616
105969858
19859768
116118335
104606874
34503974
121909934
17997888
62987341
114738738
114844310
60202491
15282316
70701221
42543676
18485106
109932080
14050092
33006313
32581033
34767150
21438665
114981230
20425063
5881632
48904097
112682264
111636726
19294174
83841493
23659218
16149874
44164399
106551679
81698556
106740351
88993040
67446796
102152007
41920879
28359242
31433420
18823938
90454005
103786520
15117424
16455137
102789119
23737433
45774445
18830674
89345225
33843172
17432307
74244706
64396854
24539231
34698443
94128834
9341732
38095387
94964952
18626424
17810288
96708565
38983615
15208271
61502306
28009658
42151509
33080885
93672022
14943818
42752074
19410094
20642209
33044533
75162811
9548232
38742528
94107851
71748261
71701979
88674828
33823550
16137743
18656830
15860016
89041976
22290987
79109652
73522375
5743372
91045024
92264475
71691476
24359784
46656005
25827992
91668478
50933672
20218257
78539508
22836452
85883000
89183328
63536383
58014534
18501320
18333506
18692858
77132430
36162240
18525056
87032439
15916757
82600741
5768872
20892853
9432632
15576758
19771577
39539952
27732542
15417923
18244332
84479305
5448822
36958817
84251631
69007045
10841502
18640143
76167899
82387839
1436551
16215779
81372030
22553738
80754578
49463293
9812912
14347942
15202697
16436648
21775394
45765535
77535969
78369409
14296480
71359943
75266908
50422566
66612200
73655016
24358333
75127457
17371061
16291234
31557041
19129477
22063766
74015524
51582259
14512262
61231339
33481431
15338284
18089164
7161692
34651221
34552693
8417802
59080855
69959490
57118267
46615933
9749282
68218268
39169522
37036394
12693172
25177149
5434242
21674621
31157458
41059953
19577781
66740869
32414115
68796260
49861265
17487658
19927928
65918284
37738983
61962055
45095394
66576976
44236103
19746947
65194080
17206739
65827915
18954209
28471114
16451233
62817909
17093617
64513701
33174178
34828575
2541771
24826877
14500782
64517404
60725789
55545668
42671418
55563253
34460522
9621152
62078280
55621392
47722879
61286619
45606805
28684632
18368203
59631781
42453625
18278088
25674642
47347455
55416706
59842314
45077453
35481700
59385070
55282038
41505019
39117220
57930045
57713956
7705112
9551712
53131782
15728028
36796298
44412254
20887813
53933184
51701258
54510735
54146290
48234531
46431931
14232962
18280933
51861179
53853905
54022572
44696795
44525206
27896438
43241082
50507491
2552111
53265973
52329480
52061469
33667777
52853671
26340731
52331555
19848572
43079820
35354356
43748403
41052506
49869328
25540995
23798980
23862487
49118896
48865738
15036575
33908311
48108174
44479592
47399787
47826114
47813892
46645208
44888029
28378800
24204821
18727004
47208033
26914871
47174583
16398028
22341950
17266387
44962749
45817728
46332321
29224544
14338402
27354009
15875100
1317
37478092
41351510
12710712
33567441
16632409
36339871
14127481
20649759
29358599
40055079
36131733
18194825
11274452
41439337
42033633
16116044
23247556
41845311
39850054
19836954
29594964
35380047
13882392
30987240
22868620
14582571
29255310
16737624
28383106
30031784
19093157
42915179
36241994
1779261
42392604
19409788
34087497
23503051
42368591
15843036
40832397
40359693
14908313
31000834
17952083
28774108
23533839
33987980
18463794
27668275
18531690
23022043
36322683
36794036
15800771
38815377
36622422
23116802
23781721
15861608
19344337
15113155
16446761
34821938
21590924
17547594
3600071
20290668
22011406
39010968
19161603
20025850
37565371
32832959
12960302
20873152
36798682
15279465
28487033
15492609
38260292
30043957
36735079
37452269
16428802
36434589
17143775
10984592
29222415
36845015
1958351
35880783
17530070
35705499
35838717
17652944
36369131
25080455
28134818
17518786
21725823
36221780
35517497
25898134
18592075
14525430
14084103
20618855
15483826
32181874
1020961
16419153
18940295
22014373
3043371
18541756
12831902
23524338
28443212
16493380
21369823
29387465
16534610
26799875
18365744
18281850
33661281
25363709
17014841
12582472
8568192
27182543
31362007
8783062
32726536
16481781
2703171
24255792
17123884
27800031
20552489
19897004
24118741
19948013
14675205
18634465
17149332
16044729
31579299
15321486
24652991
27181497
22511375
16487712
27808129
29186916
30473678
25634769
15914321
13457722
18347786
30633809
785032
11862762
25390843
18572512
16463257
22111038
6355942
11333532
25380636
11891512
30126332
21104781
18122928
18485250
17465252
22433829
17885796
20727291
15068399
18946095
16673914
19930545
21211055
18257414
26993571
13852942
21880525
15991630
15675660
28282626
22514289
24422447
26453065
20664672
14191626
22616010
20825837
16381835
24980625
20642409
22212677
21359535
19836964
18437866
12671352
27352007
27159188
16686517
15792511
16515654
19927900
25916786
20741712
20523107
25567158
10998812
22174087
21375166
18057018
10588542
2899761
16928195
15857858
22851394
19298156
17328229
25388828
15394267
14910441
20407150
19295275
14139948
19102374
18032210
25037201
24927527
15415885
14998938
13753612
15917082
11975452
14550525
24039155
22236243
16744128
22654404
857141
10742692
14599117
15418853
20711204
16689471
18779348
18315727
8131042
22778286
23158832
14514969
16476547
16727926
14957025
17108182
18131401
23541636
9082652
14329312
15384629
22935882
16676296
15161703
15703698
19038508
19542351
14435376
5449422
15971459
14702746
18504867
15221010
21237736
14420238
14359747
6877722
15401887
16271507
21638011
17778084
14313531
16966429
21348356
22524726
15256013
21968265
21382264
21420511
9988152
12247572
21240799
15447993
18416638
19240664
22037081
21836374
12014132
1680701
13001682
12784022
627033
16260992
14258424
14197509
21412777
2765321
12341892
11680892
14167331
20806196
13604382
12370582
14398631
15821034
15012843
20905851
17214448
10765582
9991352
14861684
19943039
20929253
11450012
15714974
15873150
19365078
18301979
19595488
16783307
20575399
20208506
17652928
18127854
12358342
14665309
14079638
19921312
20208534
20181929
18369646
14164235
20159474
17685196
15740467
16469674
15768216
18837541
18267655
18132667
16841186
17368555
16933943
19768609
15635181
16352247
14804640
19381214
19399104
14144158
17031327
18345314
19318457
14404145
18796389
19166911
18996653
15041985
16427685
11734522
16595710
18543920
19018418
16121039
14134661
17367711
11511192
17705292
18501028
16229536
7040932
15963391
13976432
15717994
17640229
16470066
17763105
15613175
14800421
18619371
15367419
14421866
14313986
18857564
14837296
18421187
18688191
10884422
14992546
15328862
14881158
18086673
938821
15330930
15774042
16917803
16207991
17330584
15591360
17657919
18465221
14316141
18474046
17305734
17616586
17814635
17416586
14947035
14592937
17189349
16257395
8441602
14219648
16270181
16828265
15020350
18335347
8161232
17722841
18255856
17915113
15745378
17196100
16604958
16615726
17659760
15815558
6258192
18061361
15300700
15435035
15026369
14228300
14325932
14334073
16639362
14171767
9588882
14180211
15600721
15013508
17372514
2247381
9749942
16789926
7275902
15131184
16927357
125033
10286932
9510832
8492272
14573122
17087322
16942842
14140420
813286
28440688
618204018
16109401
521658985
2733783511
3003300579
3082955783
3320101635
2516824286
3288844876
43248483
3138026645
38011280
16908775
156586826
3094252936
20771605
3131500186
1878987517
1694303509
2828750690
243782308
243246150
243237533
2427458814
3028976926
402630155
3025829333
2802168784
2382853022
197491224
114810863
45642217
540729226
260112255
42086533
2764491987
305731966
804435529
364508043
89567657
2799333908
1510587319
1881602798
1210398392
2755099040
2276491700
2724369402
2720943457
2665044404
326216596
2697548972
2541508242
747431245
210684204
2510546275
2572535684
2486784644
595041573
1541607560
2238658764
1164040386
1668818875
36167622
86129983
2470395650
18485250
223236314
288643406
52084584
23636912
26539186
524536675
314011033
2385164396
26907225
18538218
2408916073
323692916
1585543429
2400337430
278399131
2376966799
2363235240
29161339
1069836566
1566074456
1012776098
21551633
2338695870
1484016660
309496325
2327700954
2272427982
2207348845
15295297
1444320248
409265465
2225449470
19569356
41392335
997244712
2263934655
24720568
1284950995
361912807
1525342994
17095069
6418222
1599101696
556931954
377384431
1967210857
1849548510
1927527138
2192739224
37329581
17455070
1305773816
702783711
1368521438
1387790484
106793317
1879548266
1511683002
310903517
1847349398
1732662182
15927998
26312030
1699946821
19842959
540607554
601222968
1694359416
1327617014
1630961239
311930817
1655945714
441983717
16483771
335857321
404144021
153544563
60751586
840611917
338530736
14189589
1450885861
1321016070
1342403478
1485580345
773814716
144692356
1482947851
1499412006
54259228
551160542
1467651631
1449960744
18091590
1325357749
974754584
1392983958
1408582698
1148919758
389304037
1368297715
1357985551
291252989
1387517730
1387568120
1302601393
22846773
37841232
1107888008
260361653
1096112060
998165815
256599912
198284120
705912012
1300142738
1269473726
232633093
930751801
1006908098
121601973
201022483
313375223
1225617720
1201324122
62305133
1183770020
1170792781
119083950
407043981
208369770
1162169018
36784911
350046758
24575134
1027482266
18000405
1107366074
63598847
24929739
770052272
604642603
594209156
908522251
16349823
46051059
1040686411
1028244619
515081899
995655854
618786334
42899413
378140590
109469660
307911018
887964434
878464616
588848487
917128614
165129657
958681183
45267667
858591565
329015339
944853494
255024890
221488093
326158694
128614271
914835020
481471455
876425929
16059858
104713668
44737035
440622422
86246296
883997976
226372882
85211289
868890049
564291613
771236426
48110818
856083649
53787571
44155448
451955114
139744512
53146543
133504308
19468598
62387884
842240233
276716623
278646626
612675689
432223828
6435542
824111796
562787769
589277968
807841369
515826653
123965046
194008057
356974298
794253211
491015918
45294103
705371137
517559739
237912818
99003422
18262104
297589291
154980142
754670732
389236377
86115731
126531508
266723415
556913787
391699882
528251762
608475026
64614569
19363570
18272421
713078376
555926822
68477476
426258946
567712595
234654662
353529460
182082194
424103534
142093826
82892648
510923054
48144800
594011146
69086414
627792618
632394737
578792020
528066450
625997797
16382360
422216482
16271460
635845996
625114125
236976663
206715116
500877415
636883467
487869395
627580652
329615479
349312222
178145064
629557258
296091800
352472163
588749451
51423168
145654840
176616870
331736512
23154642
552028392
602894271
60888436
497094100
490760221
395545765
541835852
571149101
448356198
92570237
36770107
435020243
53363962
338051146
325428048
19711691
260423869
213754594
524965860
71122191
242042631
229346198
226247395
181150339
429337908
454016112
603766881
202334795
287141189
408169249
97157608
102724225
558848954
494308641
88561123
253800348
594621036
606863978
122835680
516867082
599654617
334849558
601191995
596860116
556390205
16473460
36131454
430385808
204377199
603698235
541382559
574928475
600633958
486371917
581255672
139213738
14936957
44661419
425876124
328967699
598827542
599039828
391070718
115565084
27618242
522603898
374958282
449742376
28392318
569356637
25138196
112626675
16273075
326757111
583160550
14787358
6150202
466411694
594898373
429068453
594042110
16554602
390779926
425194175
250482547
72127679
151887279
288141449
81485786
149747560
460545121
364587202
498964077
238336791
521264284
53318031
227412129
51757291
265332980
23469820
15264624
323284201
281273704
332491023
564748792
463735659
399543229
248770692
577426099
343986881
403435008
172940335
524997168
574538075
15838088
380593577
216529797
283706793
571688411
282542884
557336827
243836880
34044539
116623076
414041530
101822391
567541615
211289114
274508758
35607498
107852396
26181859
519709065
145365658
335703547
104389834
183018933
40704636
19685142
561367803
244551777
457582010
254117479
89980777
529595365
547741886
558761127
342181350
100236595
252300777
509180239
136854266
431272695
534750428
114734854
419376259
33776171
54264281
437512477
550855548
484903912
14562968
348147912
523477901
57813034
397383534
174158471
386719522
27136797
158762430
74237504
301925151
361185510
541401637
408086401
253149844
322547690
129732336
15222686
459057996
480837397
542255531
12724052
16601312
277195386
87732724
261861975
65843758
14212033
338880142
497232806
46988713
69584004
433115572
104206802
176120397
265440711
35274918
19031473
529624679
393738930
533343885
537760950
525586847
1112191
308899694
388109005
99628071
303920577
500161886
30764049
289325124
407655044
100620126
518064586
533440229
314385088
316357556
158727311
441112966
425045743
182421263
52426212
355971984
530845429
28899866
333057557
465535605
517814469
375914295
465297003
238865496
506329882
371375428
317416866
370601551
15316932
30290480
482792121
522356263
354573458
458019558
454350648
37510119
69681766
28223692
28059498
409544667
514802048
35204649
379958877
430455311
121103245
464651865
343150136
255177443
369472968
407433222
356171066
436033970
452940891
507749328
507746458
491831596
493915239
18631878
79310480
426775562
87493971
468124542
468125498
20017243
20718450
468119894
431443417
24681500
14986811
184705484
473372104
319637352
388328034
354412793
482601967
147698398
469624206
194794484
486297195
139833400
480887236
103736778
411212892
143260377
335024235
473038333
79297379
468119429
469205069
154647635
427605972
29306672
16824685
95106899
352559707
374000415
51305926
254428884
476205583
493430206
37899134
446737549
460162864
211241536
456152934
336007282
388892606
422920738
7434622
487244429
69176038
121916966
18549729
139538991
293535414
364671652
395398331
395403639
384564836
54830345
368745280
349022797
293280887
478918897
90617057
39290661
456802411
476714061
434940244
27497615
127054665
395399331
297145905
431686334
319040658
170016558
447118005
438575555
112006177
471076184
469544823
188699133
256178948
20940031
342231402
463402754
16169272
314163815
126072240
43416254
450143401
64435953
174089136
429765661
364640428
406581451
343161597
463181295
304498279
279099980
416675972
247480697
467180553
461252343
17214019
466829249
94235218
456654697
447442475
17598513
296890153
210970114
417962239
365878324
353451419
408548118
455116038
149834746
34136248
427094907
41875469
282363832
280533969
461823288
85870040
118883771
22571085
404849901
260616993
82371547
435307619
67012001
443996687
85967360
18398842
454078855
457355118
123653268
456212472
360821037
188924750
288408661
412857321
132982293
113619900
337417499
195677752
351501990
426456415
384904654
52513810
447501525
42923372
438640516
282247288
287327290
441346142
271604161
109308604
17435494
442338551
422668665
262929220
274416029
50665391
16886589
411280263
9493542
412849818
276118474
108434090
16225962
436110516
441506772
36385431
28376282
444134860
103653633
276183223
424840888
128193202
19298156
199911960
427819151
352757814
349052775
376070083
315793965
385603039
383979694
383983010
420978328
15946540
217833470
352761251
41955601
428305914
402457757
439446961
42265590
28302705
135210572
385599680
383966487
383982127
345545979
352744748
18214188
421872461
86277174
437934145
37095816
25065285
13881572
281694285
274010405
218375995
27142788
396961227
421664564
34781689
34642805
403333602
232589040
322607787
163192730
230230897
197226121
14562275
21934402
381113812
248842008
240861186
383982993
17409817
431064336
14468043
210055356
269554558
38600665
361075503
433512090
395397795
379105336
755103
16429082
235654647
21821740
382029061
284151155
283687745
322170606
271512704
191621740
113052026
23838617
26941928
317882306
416320620
373516576
23805111
126427293
379376300
124365323
121924589
24991636
117277584
90184020
27400783
22741229
58611693
44403079
142355098
116095439
317203452
22813537
280577349
165622748
421197544
349718798
169655919
387559717
387557651
326208666
278872350
402992625
171626705
396828817
146518263
16061801
375455132
10348402
33778988
40220125
300740080
303736465
260340277
109237155
405025181
281851707
167495547
256260356
15165858
18790031
311560038
16248319
15645871
327586960
217798695
22589921
64203655
302781671
404900092
308187902
88829709
248988432
199271474
219300990
350940907
415239501
159716429
412469106
409732652
277209918
293627785
161894615
348963601
16804379
290826809
250203117
13639262
167760471
13411232
37585207
321693639
182300965
302570950
19887488
21507883
170075982
412189696
257564668
19478383
34985470
28052526
255178011
101507087
26780650
210100911
405427079
143886265
385130426
379390512
252768686
176527523
301635491
103688637
211156605
408634310
395702447
239876047
259917691
343593686
241740133
109164425
193515866
270016897
406584801
23251048
380691077
272986801
343612195
189320783
379196558
375935158
335333056
155348852
241996992
394837603
201985620
251008900
198716760
300604571
199403833
12831902
237972160
42960297
241297433
373047456
104849810
357667962
192808204
73183534
313076657
357146719
258605206
18170376
239528310
30841587
155558014
268815203
385367189
389268043
389135259
388490999
52644177
32860247
165189356
249425118
157792666
28404382
194722641
16330235
252300731
220921868
25127490
383373660
298310979
100787802
64066329
18408194
387305414
302134224
213735307
244521900
50892531
61815746
94683830
280229984
41823391
43788102
158629242
32654117
194805094
264608403
35347168
65812645
40983779
230500694
140500911
112773962
26250539
20214073
51869162
230059784
289385640
196013643
69053151
383995872
343598276
337248678
373517942
382206044
29056344
325644574
158042890
304457365
143915986
14633558
199441863
30209404
370871770
342112689
114132673
377410320
285664577
249497049
297106007
223941694
338627709
29837168
248829548
288303744
71960771
16903925
17358314
62315837
127627235
366085168
342743115
44025126
253221193
359025399
36471368
326144014
31451104
312029599
28360280
292946919
40350866
311870721
340552341
348421630
257627884
94098412
72180736
191831122
268919557
137458954
84617554
320746165
250514983
339078800
13796922
335891723
335018588
39626338
140738341
335175517
320305276
81506172
54772186
189659678
294070019
17501419
294662404
322012171
49973213
15681541
306388787
13361342
307905849
311898771
133892254
27680898
43116342
250992585
35155595
28704177
305252105
12712752
295351204
31597577
26674665
38895013
279231969
163456116
45921041
132260884
279150714
41627091
29234415
278906906
282122231
14829655
276976114
168696336
276228167
28241043
38248815
142533079
63458937
145347513
211717944
54575504
174233165
60314601
22533822
255237112
35127638
237852143
267002310
260460416
137402449
15717652
261722168
248990384
85631584
257308859
258916094
258201205
234651761
255064903
221361136
49507953
250433137
45649049
75448038
104906508
7450462
242469191
211535576
36834509
194624921
231263082
139230624
177532719
223515146
68830863
96704918
16820261
199114419
247395739
109003244
25776543
35038857
244333305
245674757
25675334
238889990
99363743
231206334
82990060
64614882
239083978
156359029
26572646
95296214
134528794
27275428
22752559
21548991
77035147
222654667
211564344
38228745
49718877
17989007
61021221
216120282
98848668
208826717
167221801
84942260
34907048
131250021
222608788
32062804
186206767
133474481
15517654
236372380
22275015
53687794
217521325
200185183
89746985
52106931
231404097
15032211
86984613
14562073
36263656
30818383
17573788
90188209
142728153
70792934
62715766
226713935
210199646
225375135
19041145
226117396
155698735
228439010
176868683
24347906
55220904
148087064
227385500
17739438
156239812
86610556
218593761
25728193
39777563
195499182
151041862
166584208
165178659
92073417
222207301
161773913
199571964
146598700
214703977
123263650
178057452
219886507
220226766
33622636
191941564
60935270
215949434
134930804
39944796
14524244
203306087
170397797
211253340
177971892
49386820
202729572
194311636
139960278
19459233
201113495
160731284
176650056
197901148
196127307
192053885
77689606
179079863
17181265
182440170
774227
23029703
92542951
67679667
77310797
89802173
163885610
133439368
21804055
178396353
116813388
23857315
89389402
19218139
158489102
173659212
26576322
17873851
165050204
164667328
24119516
46484144
16487403
106539595
124254580
98338078
65468232
76333569
152939609
137475008
151100368
55290296
100960709
130460872
97546960
108391366
79344520
111732370
20320562
140194610
75794540
133128938
26326759
110488742
19329324
129419370
30340399
24821555
133747494
84178396
26844087
5683952
71158887
127544837
75891225
127604808
112378545
43865033
64556941
118049684
107297563
75667320
28191577
19596952
94962157
16067239
53401659
116122520
100788150
115696753
70705765
112682264
25105080
50306155
24447062
103757756
113643881
113220733
66581961
96851341
108968092
111334166
56503565
33967016
105169532
104228972
110487607
109786899
109301883
14944241
44164399
99742444
66587447
105446136
31433420
25458378
16455137
58791339
79202676
18801560
98014484
10850192
21342473
94746332
94496818
97486261
21211124
30920593
94989934
94899073
16481781
54330146
55881988
77056466
20689462
43880035
25090169
15188970
85990494
34979462
38742528
38732231
16437019
12014132
89038428
85883000
76751363
77339929
18333506
70728905
18692858
87687942
46743975
27922157
36162240
17426156
17755199
83760594
81197474
73052898
80984211
23140259
17433957
80310284
15175660
49974101
81334424
15257727
80556439
68449244
72292718
18133648
54697253
68419203
71166033
76102494
63552808
76893883
35842354
76508832
44672132
71957210
72459634
43022858
72435729
26178650
71071679
71004092
21211055
70899214
20175361
30221886
67296768
67134996
17344481
47586358
14153187
67337824
52158744
58665103
61526430
65994780
33960216
63684152
26083260
24698109
18698017
62321102
64517404
63981997
7625522
20636630
61480904
52503292
61197816
20097253
26399327
20931253
20223039
59815021
62049451
61896360
32502850
15966243
15872723
15444384
13539392
58684395
58857312
57943615
55998771
55509988
24236986
47683738
52720964
52290073
43639369
10029732
57722537
22688742
22963545
33545247
22191896
16950694
46431931
17032810
28192871
47683473
28340290
24220044
16425122
51211199
25867831
17021806
35758171
24644529
17347600
38584572
24341561
15300072
22093879
18517548
40723336
42536403
47192695
42566446
45360663
41580859
47050331
33168385
44934654
47006675
40873544
44916177
41284396
44721564
39813722
44969974
46678875
46366833
43334226
46421498
35705879
14471957
21608724
45511537
45950830
44674428
40936315
32164649
45742709
45795992
40432292
25450715
22822855
44591280
22679678
16600557
15405091
36339871
32506755
19377578
30341363
31929718
23993161
43345660
43569059
14675205
27136281
39850054
26397078
21181404
25358664
43778975
19637709
42453986
25791467
40336646
43187560
19838001
22261637
30270360
31350827
29803300
41032840
25033696
42369726
23562608
21014116
41879712
33627984
19784023
28088611
37646449
40258766
29249864
40965841
38559659
37609932
34670731
40912951
33587408
41106797
40766237
35385475
40780846
28263431
22399770
34963181
37696613
40279476
18097954
39944020
19492814
23146912
40033388
31373779
25656217
16534463
14289095
37732217
27359972
39196595
6591562
25128291
38005736
38741372
38740588
25528906
18126701
25928466
39462075
33999168
29286218
24741441
38983615
17123884
29120050
34108479
38917291
21766686
38670129
17387634
20929515
16048825
33603137
37941569
36790795
20425578
35473839
37718849
19031927
34226599
22074822
25170112
35404814
31835879
37733854
32466664
19358227
32520787
32569639
21310767
17871850
15279267
29296944
35034168
37288516
19892459
25666801
29394718
18834690
18029069
36563606
36304775
19474130
26663044
34688502
23739872
32612398
18946751
34569897
18034211
19163173
19847152
17316606
22453257
27403170
31984330
36038420
36117584
26810542
21276346
34976621
33567429
34766077
35314539
35226813
35166038
256043
35673799
33263195
26727140
21343835
26791828
20198438
35332226
35324047
32698223
35269648
28066338
34206078
28584590
21555499
18770132
20597676
26631679
34754524
34686312
21528296
34568906
34463550
34459129
33022833
34446416
28608484
22805394
23257334
15760005
31340035
20088026
20820434
30948360
21906739
19400552
28543692
21051080
28073376
804455
18642748
26762193
22972448
29092184
18912588
22671716
29948309
31680228
18238868
32985504
24292935
814261
22729007
17545716
29725690
24927327
33021284
19057671
20193452
25419609
32759648
21013461
19893327
14772361
32285566
27420630
26701410
25244162
17757005
30701067
14913241
30918909
28841288
18163111
19890088
16312904
7971732
32475726
14742343
21799993
26079717
18407745
29982331
27611325
16026253
31662505
18926257
17513981
15920317
16656348
18561151
18636754
19614296
24854266
26311148
22627888
23100997
16567551
30987188
25437250
22187197
19759422
7431402
21137449
30328582
15174960
17007608
19355964
23579041
16899075
19082271
17171670
18251376
20455738
14389132
15235281
22336717
14669398
19415805
31123228
31579395
17352423
14282672
20996839
28499560
5653432
16164520
30575894
19692551
743763
11805432
2977171
29967065
26507582
31728340
5210841
20915045
17889308
30409732
24842120
13735892
18083125
23220520
14261168
19444162
18302144
24068654
17967259
24997093
15824545
28083841
23772472
22717319
19110961
20797536
11148342
20603062
18487518
19234098
31110012
9985802
15656642
31329267
19755825
27138849
16593287
26322120
15707387
31241430
18501217
19730434
28343947
15050972
18478452
19304788
22779042
26583417
31105463
30724493
13063422
15028398
20719550
19686431
26133376
19615034
25458997
15378358
25246917
16751215
16040164
18347686
19326655
29736723
16425776
27085476
18365099
26602190
16745935
20290668
20208506
22645988
17085666
25663309
17930077
30527895
15998474
17270716
17144004
9689662
30871176
14921361
28592139
28487033
26244492
26519128
25080455
18073937
19049659
14838067
14997764
15285305
28939889
9137212
14502632
28443212
13653502
16505767
25569197
18932935
18369646
20558020
20208534
23862487
23798980
16437127
16593182
15423863
15327567
21736927
20858267
23105280
29804062
30594402
25444661
15279465
22206565
20025850
16273144
24155106
19349089
29862001
22607076
20210947
16678888
14966359
14313531
27614476
14453753
29267612
24334286
27517774
19193105
21369823
20930505
27230410
19596228
27586446
22287516
27894427
22432303
27519197
19487056
21681432
17885796
18590765
14254574
15254077
22286633
11274452
29703938
21752465
19890268
7599272
25718274
12859712
15987693
15867638
25023081
7921842
17942597
25990939
22991614
20469752
17789086
28748882
14647570
14900828
21835491
23130581
8997532
14710921
23453489
29370507
15287939
9720292
17432932
813286
15556847
20529945
23340257
26858110
21347530
20797386
19441396
19708413
16726509
26858280
19041958
28662119
22371271
20139601
22277277
28710118
25726490
20346354
16142170
18337061
17918704
20908854
28491006
19371190
17951561
15222936
26251505
14242306
12442572
16440543
29797440
18537956
19678297
16906454
3463531
19998610
15903255
16400554
19947998
24540812
24248271
22390190
16246912
18277078
26909970
25398196
15264739
16506292
21400312
15808708
14123537
16692733
15626478
16908764
16543751
3145921
16902159
17059543
15012699
28075694
7495362
15844156
23967589
15803225
9274492
27946350
16019759
16396884
14981021
21277815
22951419
26278946
23229064
15276400
15699281
19086115
18467975
26319275
10292272
14076588
14086309
25567416
19676044
28385616
15565558
8900962
29522137
21787636
25128961
29495525
24914038
16408636
23757953
25789084
29260997
29353528
18879847
21836409
18276100
26902436
21658412
15787053
11403042
13494812
23383517
10708872
29091847
20790879
658323
16489466
21602789
27052807
14173886
20264995
23867223
29112283
29029324
17527642
16150075
19341895
21980131
28634013
14933915
25464634
11858322
19505358
28667475
21645354
15274836
21310473
22526992
24785713
20382842
25129454
17893953
17374066
15518620
27237155
19639641
5934692
15707473
23036038
26942977
18850024
23705983
28691783
20260341
27850786
14079425
25216477
15445240
15156339
15195171
19470246
28021727
15734464
16404741
18596528
16167289
23695657
23275133
22525287
22256610
14576066
18591276
9463572
27991094
616173
21170190
1734381
23470815
24871858
25261812
7041872
17850012
21346168
26417670
28601764
15237322
18715077
25217243
22523901
21729493
26150361
28342212
23043814
22528959
28174481
15554127
21530289
20656279
27018274
27938148
14532256
13082862
24840956
25147060
25043403
24735881
22679330
17367195
15221018
17813266
20279665
24405624
25388282
24982094
19239494
21744147
12163142
25508357
15149477
19133774
19044568
23172038
25707971
15846151
22534594
26897237
26194528
21199489
674433
18640261
14302161
23298170
14398500
26459953
16794542
21272492
16648414
14294973
21638112
17710925
28041472
28171139
17811556
27164650
5392522
25025562
19733819
16323067
27824242
22269057
24963146
15229421
20539405
21068652
21793286
2670705979
3271701732
3220198738
3247910522
23403655
2772258532
1425141582
3188262614
2389576687
28064568
3059487015
2162170171
2388779082
3293887607
2213061240
2212800264
434495726
10870512
2212797385
1959649950
2390560676
2212627783
2164198614
184286235
2213064013
274213788
2849822003
3063363763
3288844876
285177964
744501012
400681243
18111493
374496727
3076561390
48819973
3021086851
22141772
2427458814
266801423
17527642
402630155
2997732792
11382662
3015654436
537468906
2496097237
2360732342
26885653
488568021
30383367
56256443
621328923
2897065310
569612746
749113
1027013336
272141779
895396928
2548927778
594923847
2811644322
2203395182
280958545
75362308
2799333908
2707028509
2306612947
2747086965
1510587319
1890998010
2280986220
2558556806
29517924
1525342994
234057437
2285442332
1074374196
524536675
2409848942
2370619087
93963152
278399131
68379685
2337298872
23626316
44441112
2297193649
108613093
63796111
167151550
225611279
301687990
22067854
517168380
718654402
16584730
1960988496
9270332
18152647
1671907489
1931562588
1909887624
15882988
23455791
415977004
18998656
153544563
95971065
1639826306
8439562
486336580
15062528
81770239
315142015
22890638
1259607091
1354214467
21186282
30853206
971302722
297110699
15970392
1510708656
199941213
1482947851
501199446
127970745
1397112469
1399964743
870591582
1408582698
141209597
456088212
232471538
729181195
1302601393
392225991
1107888008
260361653
851566579
208887824
1311490436
389188017
309824819
407146880
586177829
18183592
60073316
102075012
1163518496
323010850
555342588
805628485
119083950
407043981
165848903
36448609
1085814397
75375980
392837181
18254256
291128925
770052272
944853494
302074581
131758553
18874383
490113884
858591565
265663945
25203086
892702184
564291613
440622422
708696660
16059858
764168
628110150
771236426
42656295
841692158
22268505
839302675
826874298
24566273
778814048
705371137
70345051
631245322
93876749
19363570
153173868
716907416
625997797
635845996
612492553
113697077
17713001
625977836
395545765
606554550
589457454
40412225
273819336
334849558
605537180
48260453
597174189
603698235
598498174
349799471
563086632
569250780
71108616
509418366
429068453
308995701
569302640
414041530
54020596
15871452
553762475
516707166
49115368
487490217
528251762
446737549
64614882
95766279
149894219
338880142
505995749
235997165
484747016
523068108
423995169
126809424
506329882
104017059
404881343
62903133
87493971
470636505
46694159
150599493
497132669
110747446
474411302
458573855
482792121
478611317
237732362
439415452
365558098
110287595
319848880
46181544
453529953
425582938
454078855
18730238
408316334
45120702
235498883
44885147
37599457
21550696
205525464
202283280
426933310
369326893
24862367
47357402
347244766
86886371
407385792
368249504
243358558
394837603
393519963
239518725
340841649
388490999
189185978
247892951
381803284
325736116
338055727
273652174
158042890
185662415
52649364
234975261
236247345
339801692
164104517
344016602
115327421
320389643
312029599
28360280
292946919
229770146
287334235
71508775
112034865
287591314
20250784
89492262
343593686
15504560
257522607
257361754
294070019
338254771
26601661
336734230
160929070
36927039
269286662
313034182
20695551
322012171
22558186
15237937
210898473
185741201
311556259
232206915
83002445
302115477
23379393
85707016
289551543
278593365
46995792
274145017
31081562
45921041
213111328
249337113
127613700
127642495
43932174
250509414
276976114
168696336
225109808
45125439
267002310
41248923
199846944
153394848
40282219
172707456
255282883
207569706
255710133
224890986
256986867
81225204
231727050
104906508
213242948
220357437
211534915
87205850
247909636
236637585
223515146
213327933
163456116
241292238
35038857
49005405
125386072
41843696
103869434
227370079
73215546
241103367
14825460
216120282
120782555
24929739
148019743
227536515
170207478
37032459
154437008
44607180
118395842
227370923
193522221
201901645
224625755
166584208
46877746
188292462
209919584
199571964
25902307
29118181
55260228
206339998
210703110
194033220
15939054
173350732
170048458
79092844
54594124
205179990
202729572
190497614
96134363
205361917
53084114
24702811
199334131
100853035
194828613
190684722
190060573
181164076
98517511
17181265
182440170
143135457
40441237
15839938
182620506
119043314
163885610
93801413
139517864
20381974
174769122
26819876
41357049
177684752
121168267
177390539
18198300
158489102
138669146
86441851
36849573
168321997
72333915
166235032
20145709
159236524
20372005
83593564
18348379
159185391
153471967
114819429
159739586
112351430
148561797
150582679
153476377
151100368
76085488
149283397
68158271
52466295
21658477
18073937
55290296
117973218
145968835
82830519
116627472
125414326
79344520
142323265
42385271
48424220
126254402
60859995
97546960
108391366
72421136
23474951
105344328
109406841
99464333
129994921
24471199
130041831
113713978
125382528
73004881
129589548
127314495
127391537
116991387
16941031
91418281
125333370
61091599
76108038
20125211
126009718
106703696
126326503
15432887
25665901
24949481
121258039
125616016
21052391
95234829
88726764
118289676
70852395
116945308
33804204
62044905
9062992
14271397
62788959
17522472
79708809
58467100
45323752
66309171
119274520
117669136
64112024
100736337
81641911
80834991
95373783
70373761
110887867
100553826
1239501
33177368
45719746
124545351
72804361
92040042
123516677
14583543
122405526
123765161
81492540
53322700
62899688
26093372
16158402
66441991
38980370
67859424
123609961
95181262
95413702
13730782
97453568
61278226
91808360
96976147
91809059
46996676
91808084
124155602
91807994
91808624
91807949
23344053
106790563
91807441
91808543
18809599
91805373
91719649
91808466
79861586
91719582
91719529
91808409
91805340
120974583
88321965
92153391
68309209
95321001
91810357
91809650
91809931
91809880
91809704
29459695
91721642
120804488
91809447
91723100
91723152
91723053
98061559
91812778
91809292
91723015
91720684
17003420
91722883
91809233
91720627
91722837
91806028
56082277
91812688
91720042
85903760
91722801
91809183
91719992
93694507
91722754
91719942
91722509
91809128
91719872
91719749
91722465
40339213
91719716
113853611
72809042
114392172
120602309
108788916
122472422
72791427
23370439
84872900
70455698
82963274
119026376
120013056
111389832
120154868
72793059
17995130
17472883
73909215
81904191
29327931
25169797
84868928
16159613
63649354
89767194
15805710
19340854
19256406
49982939
101080483
54107005
17766365
35114229
30144913
74852117
102225841
106183061
116117441
18686823
13337292
59337355
27279694
65581683
96346911
113431172
16620845
59103901
16738787
79473564
21109533
116623555
16354755
106480473
25663177
116451088
105703386
111331470
46776318
112085909
100004981
30891345
57117519
114510321
112058177
107740199
87495080
29846594
85658458
115907002
29706011
115867973
51752086
24770695
43512760
43623951
18034533
17316606
15067280
115621640
89661125
115162008
18560119
112682264
115203433
49911049
71149154
11148342
111292651
19377578
95474215
112168510
46743963
31137047
74644754
17021763
16049891
15763379
52473882
54229868
48566404
113054450
32860247
53606516
67806307
113643881
82861074
21114267
58199510
101841933
21346576
98676606
55478956
19449254
110543179
84327025
27593098
20359785
101300609
60734999
14529824
51170360
24398480
23870788
99169473
50748137
60695143
85740358
26388811
71112822
89802173
63437176
112418190
19877600
99712371
95730954
112034601
44936368
110614830
56799780
80666936
111494453
111354002
108099042
20017601
39210978
39597622
102213867
62403871
111334166
94844799
62555287
66581961
16090230
111079910
109352367
85173155
56503565
97383592
88284142
109624744
107998357
100409942
100409605
100408776
100408446
100407992
85350129
67709241
62262738
68852080
110778382
33967016
39551537
86807504
14535966
18911592
20154668
28984499
50013554
36723303
21741791
37030135
93722925
54931722
95740552
108939579
19552593
55749746
109498809
101011782
70359538
78413317
96539150
66013078
66087812
73499858
39990485
15427823
73327562
109301883
97538032
98436392
65487550
22853963
92572680
108968092
82964194
46988713
77367883
15782808
31055073
100915231
22275015
67913665
101275130
14944241
44164399
108116374
87090041
38732231
107981684
43709948
24733117
17229687
15147250
36835532
23282799
88786161
101924808
93613582
80650367
15704958
104090380
56221110
14542767
7350652
85645895
75666249
106451741
14237559
15443101
94228900
45364030
81157679
25287077
37332302
67471273
22806969
105954048
106208081
99742444
14419313
98847359
105088703
74988238
39587534
10373322
95738741
37218474
101847352
105346672
17384095
90126165
80402906
99022896
30249176
51779527
103745762
85886136
69907128
55810354
14833573
68814538
102090219
23203100
18961196
67708580
103557520
24430413
58221613
96715542
54540537
97401354
62127631
83074954
24539231
22806380
66236061
27411125
68848560
89113420
98647992
11044522
101944618
68352208
34398966
99671830
89541389
19851547
101899326
82546749
74661464
19586694
69116070
95566188
39579507
100234850
82585402
11768542
47914845
18878528
37815187
99050051
15811314
88514846
77258674
24738484
18293151
69385330
33066917
91597870
18936284
49372625
68228846
60134494
84310795
25458378
58182421
95167092
40321985
91730663
82768169
16475304
87229756
46008646
20862406
47416975
88888002
16139582
38143329
35146042
83267088
74762384
21883088
86310218
17462195
90373878
99447994
35670709
62597703
98734096
58791339
18642316
78810098
18122642
45800691
27559439
19938351
57505160
88696618
15533248
84720767
37435717
89001516
31043695
27868406
21794274
86126550
20399746
69786979
68940317
99470198
60667364
81434969
84281026
84858153
30246218
30202451
85588933
15776366
84036583
93328161
92623263
22276232
99300597
74601370
87744336
85744884
74089107
92678445
17608059
25426013
36719360
25965585
22168877
83508739
71103830
75511224
18970979
45786503
85263463
7922242
15786795
96840593
18276100
90581248
82312456
73575329
35756736
17850012
14430060
99030049
84193643
91076599
51764313
86003127
14389132
83317560
52530401
63780489
84946665
13795492
85261532
69667162
18626424
95913118
38744182
70653198
90547543
83246110
88897604
42161048
84269923
16275559
18152669
18913733
95459937
85368991
31953869
77645945
96472003
17992196
42193537
77599498
47473077
16554602
17843295
89188885
97024916
36147690
97086074
16714780
93452422
16712855
18485106
86961190
69221005
67421391
96960572
58273002
90168088
68080070
77196886
73726681
67984554
92045009
26618468
66335277
80153997
44709727
18696710
75028535
78932718
70347220
75047042
70648399
78811670
69515818
54908872
76021055
61168476
35707029
35854698
31493826
54583965
18949053
90256463
58196645
58382844
18692858
83235893
29348487
73368423
59218553
22777809
59570804
83767925
7957772
58688197
47901076
35484772
73954428
70419617
87421649
94107851
93251961
79665340
18191676
84262821
44153288
36855355
67678930
34743834
53436010
85740021
91226823
70706117
94116080
14078808
18463079
33472710
52803092
49125125
22011433
93730244
93883953
18163579
60150061
92804967
72563048
23932737
6123762
92171267
86125547
73884194
61786797
32053152
62339450
88049628
93135530
19920201
88035131
57059361
29109420
86450518
23627169
76115066
75867439
80130702
18548136
14990608
92830252
21507883
60181744
22423078
57977654
15244940
88870802
17822556
19288077
44673457
92541722
33305233
26421885
17231628
16732982
55840081
37809387
24639845
91926738
16494857
21854069
17897027
86147292
26563593
10305322
79869020
26518850
59082722
68565097
10076702
17221783
89811532
38742528
17398655
39511351
76512611
15222197
57512474
58534243
41176782
87117484
22264513
61172452
20557588
18181082
17201112
13396002
49158500
85374117
83458370
85094909
37395530
43140869
23943367
18821103
19985127
75438387
66722629
22817468
47967726
73522226
89038428
83970469
20698968
29915570
89506254
15642093
70352174
54039049
55748658
87923203
58192707
45006718
88980698
41404841
14651968
88958817
48698139
85514195
87536114
77289617
68151235
50249535
39170483
70067766
21804055
17925706
40381839
31152881
24302245
14382508
58249690
37302989
46871429
34314757
77210288
42322282
16699495
23172966
15008069
18338054
37886572
58638496
75711686
87598481
53488727
56636727
18003354
75002456
85996039
75594206
67460152
44292587
70912190
46549707
14800352
42590159
48366566
81715954
86061530
83877219
67972972
67987813
18269725
25707034
24034975
46858446
78683309
15734380
36162240
19181549
85598402
62136243
43997002
86206645
70305774
15628274
83053575
20865816
85363611
59200277
16047270
39233227
16413061
16539108
85302039
77279546
58163488
66330488
61596331
72129614
66001874
84486926
74276090
73843343
46015723
36650905
40526566
78061949
84087960
6452362
33677503
84302186
80967580
84131896
16699496
24710632
28157177
19734025
66045794
8071902
20744282
29280682
19601676
42490740
81339864
67381592
56965125
23194244
81368297
52854061
36817406
8176352
50961477
58705874
36631657
20876302
78859670
43172035
53445058
39618246
81885614
49541458
55067313
77056466
68454299
52906110
78806955
76051580
52612039
81392724
78931277
57027603
38523317
15391773
29959105
42057810
76936652
28179681
39828644
40521062
61857588
40092662
57716723
19056347
72795851
7879052
27119750
30221886
15422705
6435542
80880648
62657410
22664337
78069094
80614323
32836877
46336584
16136799
78884851
71588120
58061912
31343100
65487073
52037095
72292718
52092606
79336317
76146295
58304391
74877055
70244847
76140938
66183903
12184042
27818842
18866489
76141366
14977923
44565496
56417618
10890652
51581371
15946214
19673697
10029732
58038880
44092291
43959753
77669988
77959024
61825943
41267806
57887123
17752041
22793429
71122191
70831178
30621351
40696781
23612169
76977813
68917872
55597252
69048197
62933817
77432331
75794540
52103922
77042428
63552808
71275828
76751363
77024948
70730387
46560358
76767795
15068486
76546106
22715184
44740201
36440649
58000873
27700636
72923387
76310387
15710716
14821347
35934955
29801356
75328629
18153673
72224711
64356271
16387676
15870923
58830236
32641249
24899874
70357776
9836582
73309662
34760711
42113866
20154182
66338947
25833827
58664405
55445639
56139494
53786744
74407190
46484034
16407433
29548799
21623101
69323887
54282800
20283596
68150502
45570203
63231318
73979158
35804399
47032649
68851059
39825003
45567802
67602502
68327578
66625138
59754981
73608702
73304889
16048538
73369148
66134142
35454454
43248491
65136351
70358172
66126399
14633814
32487921
65406587
21686396
72966416
46940882
7528292
72017405
28329252
25107510
44347295
49718612
20603062
72648110
16891848
71632398
71570537
62383342
72079338
22330787
71957936
41127509
48390635
68850033
18719751
9928102
64442618
66405892
40720260
26493362
70501694
69357377
71071679
22234257
19528627
50755171
9749282
37929777
14229430
16258913
70461787
13253992
70312642
69675166
69603703
43611250
36990012
66439796
43986100
18832833
67026494
58900574
57643236
67349957
42449425
53413712
53137874
24867082
68405928
24825275
40456188
53301240
32175734
35007560
68796260
19735514
67887039
61011957
65411923
46180561
32653911
12671062
20630597
19927928
54307710
60352319
56605870
54252624
63927214
43246704
21402214
67598602
50563963
19047089
60217154
67762644
66697992
60889885
11155742
67468860
15605342
38496552
47414702
26574503
66286832
44155558
14425899
66275022
65484781
43357984
41358380
22421558
65639919
52152899
45869315
50965028
56883736
47025226
66138364
66740869
43221627
44672132
60594441
62400433
62508772
33420178
34033950
60988342
32613289
23714490
14070818
45476212
17770921
34596799
64341130
48564855
63248845
22360594
60127600
24603623
35976041
14812306
13312272
35114020
24226681
17491102
65422402
20044207
59839339
56263107
49837825
65139403
17985126
49386410
62732321
41078029
47234443
14747144
16593629
62584975
14933491
58645280
64231667
53678504
44229892
64104175
53481896
60583974
31123228
18290031
60778617
62033243
53968294
20005324
7625522
23468821
60725789
37696613
55540407
53298107
46032191
62443023
16326131
62915017
41915872
35080292
43251286
62602275
47562671
50027471
20382123
61760479
62465262
36028216
47291262
59769138
60032437
61968166
45180667
51714337
14822698
35104667
18856360
21138026
61846357
26381857
59471291
61400379
17288112
14589866
54380293
57376297
15920465
59470400
27503114
16623227
28506495
24834906
46307174
27173053
61173115
45015254
55884115
31090300
28625824
23093464
18033662
55878569
23433636
41715854
40159637
16805021
20556292
54479240
59365131
50855104
11846302
18251827
18215165
14196921
59819070
42976689
19852650
53246627
57734055
24896910
60241935
48861496
17344451
50355279
35370859
60088636
55320284
17194090
25262272
53660669
46783197
55217234
21989641
58940279
14563357
50453140
21025381
53758342
34904414
22012077
49556870
57879538
29805252
59099457
57040534
16006321
57262734
16501262
48355434
57184327
47352274
44624365
57245647
19862235
53512268
58131578
37849945
42899826
39128662
35967458
13316782
43825416
14703421
43815902
54995821
43919205
40556724
33545247
46743975
57112634
56560817
28356880
56741135
55948318
39270320
27332344
56348228
52765761
52979618
53869613
46615605
3924841
17805062
55938538
15245648
48347172
26334024
43294773
20220253
16534610
50183512
22078798
23155760
18819527
15189926
36593090
23942899
46431931
50699334
25599869
41805445
51250464
50615448
22635326
17123884
34690897
24495510
44431294
15621389
50232947
32659573
40249333
52295545
52148275
41232918
18589522
18323933
4190421
20867026
50417466
50808095
25325355
35178855
45663316
47018037
14184889
26552485
46669002
20369825
39054167
16253598
20645586
18450733
50330322
44394429
51031657
35137105
49883762
45044458
30133463
43704310
21984794
25528906
17046943
32220512
48447575
17135925
31191804
49554158
17291996
30950885
49438691
31302693
49389306
41480333
23785337
15264739
43364470
48516209
20563800
36341381
14465607
48820815
48499612
37313599
19539602
27059567
3228571
28154442
48387478
43011622
43906238
36786085
19283562
43185982
27073663
10211582
26248327
37383631
22671716
18981321
23224410
21569745
7673322
40792821
18466551
30948163
45827487
45484112
40830041
36732058
32434732
46454937
21699332
22640452
23431689
19252341
26899991
46208427
46561722
19893927
46417933
43203615
36611873
16147003
39571075
16270329
46282364
46421498
25127653
34022238
14471957
43349370
28924237
18826280
24341561
46133923
43235050
19247552
21046159
18704607
21500044
45732187
42355426
33020179
33345216
29043381
25356215
17885796
43448728
15309624
30188511
37594235
15418533
43473311
44105087
28234841
44856874
45187674
15023197
44999743
40230998
44994972
34793510
35524263
27886808
39802072
25122361
41885690
33838453
35790211
17959609
36109971
26076540
36416731
13976432
44161798
41216623
21127252
42970521
17601250
20425642
18537956
30608459
42968511
19120518
17969884
43108022
15651647
41481492
39850054
40360386
30133649
18105344
37385239
30527895
33866996
38668965
33674935
40626852
40366006
42578102
35404402
20585349
19933480
30725400
34550621
19794839
24469441
23193129
27413278
25763891
22679330
14361816
38511492
41879712
41996429
39318239
41939640
18779912
41933890
7936722
14296323
39513525
36730593
40191643
25509705
17311261
36599291
25358664
16814727
15824545
34225445
16032243
30558597
17929103
38550168
16307243
40803382
24854571
40495284
21640119
34670731
34334009
40503025
39786307
41314142
30108302
26931688
27665615
38916485
30472527
31340035
41044686
15239969
14079425
34650141
40781614
19055552
33514698
23101838
12772482
23921628
40540696
15905461
24065844
30625684
1501881
15403842
24039155
38703076
31142327
17904771
40288023
40286812
31265996
16212511
21427349
26180788
38897241
22029942
35897504
33957730
18773936
29680809
39789362
14784939
34821938
35341756
33953125
38706274
18681677
39186978
38917291
24914957
37386142
27561128
38570793
23155102
36885955
36231926
39200214
38062260
38705325
38983615
15422546
32178689
29265474
29420095
26287112
30328582
32612400
37815997
37321286
36351169
37256459
36569859
15552693
35871175
37667320
23033036
28520842
35404814
8785632
31835879
30239465
19892459
14994152
34562615
21753200
33050332
34759328
20340833
26605738
19415802
16942907
25957077
16384328
36355324
22577042
17950779
10905642
19341895
35512818
21721548
15975785
18651808
34822586
18868839
10032152
35716325
20788472
35428663
34787137
35481883
34677805
34674958
35351236
20735569
34745380
18664838
24605145
29169302
19513455
16593287
30902895
27817316
25359130
17004616
17624304
21993071
17759272
34579391
34426534
17378892
17057376
19012954
23711425
28595801
15831093
23815890
23945406
18932935
33134627
17327188
16734829
24916472
31251574
15378358
17892101
34452885
27076855
29279416
34633816
19832806
27936055
33906130
34473024
19937098
14019992
32384456
25333958
24527559
32607995
14462173
30333046
15114927
33745855
23864245
14991366
27660244
18344265
18531618
30179088
31672397
31599958
21004795
17871850
19252211
28179079
22336717
15433037
31612134
31380416
15721132
31423911
27808129
26637785
30801250
24389228
31202179
23090203
18020605
22195921
16116242
26901138
27769157
25798234
31050427
14872670
29367711
16465359
18241897
28327272
17062577
20823406
18421325
25434742
30475732
16750887
30186138
28297798
30305720
29120050
18415236
17279994
11294522
18994215
30066098
28995641
17316059
22187084
18030798
26505390
20815544
16321398
28844793
20495072
16482629
15910490
14808307
22654374
24591243
20485257
17490826
18189774
24380106
15038296
22311075
20792215
1734381
27983920
824072
27386352
28844933
17349603
21836409
28343947
15110258
6325502
15092487
16261760
28133563
28598701
26743598
26279847
21319770
16397502
18264827
16900122
21213658
28075694
23984894
28357592
23303644
27115187
17967259
17096443
15533585
21682094
24741717
26892899
15784742
26975422
23262686
17545909
22679534
3725701
22838070
17346030
27088428
22045561
19851031
26541944
14663496
17404471
26892126
27431082
15319195
7490342
28009209
16809965
24618646
21002173
23116802
15274836
15142258
19793149
14129593
20352440
16898863
16317280
22164556
22076420
14193769
15173109
18495063
26017086
25898134
17682509
16467351
22843535
22948577
16533033
14716246
27539197
20507572
19922241
14730469
14359747
16616328
22830628
19627506
14295486
13854692
21369823
19487056
25707404
14378241
24521419
26760563
24046651
22276436
23765165
17558896
18706957
13079762
796983
27360996
20961222
27361704
26143645
11274452
18467164
19395651
23843084
27323131
14253021
25866428
18951592
27291487
23621760
16379892
20813783
22953797
17999460
23638014
17952190
14893473
22609692
14414740
24053475
15356743
18792318
25826484
22457873
25929822
19403013
14668322
21360952
5943672
21255527
18442307
18100176
25544208
17288436
20825179
23563026
19457097
25545884
26289858
15863501
22345972
15142465
15314327
779208
15982953
12703442
18793033
21797921
21690830
14520759
18803443
25080455
22804103
19854219
24028489
20530782
22297348
9091052
15195171
17352686
18083983
22817709
19335467
18872526
18122229
15991049
21490060
23984046
17467083
16684007
6400812
20780236
21326965
23598887
18390138
26117200
21733879
19662093
25510555
25388282
17107651
21404496
18087450
17914327
25726490
18993518
21962870
13731762
19484615
23873474
14388077
14265553
23383517
17894169
15553961
19676273
22201515
21866880
22770247
24352228
25122917
17408362
17838223
24454929
16429534
14745701
17453742
26120100
17848905
17225100
17476293
16089135
19102374
21889165
22427741
16686717
14067280
25522520
16533684
25077790
17593283
12185672
18906805
20882703
24861225
15143725
9746882
25235358
19337315
20954894
17602228
19238776
25894663
8997532
24060334
16530033
17973941
16406257
17110544
18093220
23187332
24772517
23825561
14769178
18628080
18665030
24713477
22638082
25600979
17889308
19427585
18098253
21512794
24304098
19180298
20814523
14105580
20720626
22501094
23800057
18662554
14997764
24139165
25237751
16912819
18055643
22706789
21658412
15872689
20469752
21570910
5210841
20786451
15811842
16753150
25301920
23146393
19852545
17993618
17553103
19218893
17568328
18515272
15683839
16007274
23868885
20788905
16490947
20317267
12521052
17867513
14905485
20436235
15621081
17258461
24712706
16517112
16839882
19824405
18318091
21644765
22773016
15074370
17588449
21327074
19298156
21586140
16204601
18510443
16180536
21077398
18886905
19200084
20197669
17909167
24523440
21279856
15498237
14502882
16343304
15572352
23932749
15582520
18076036
21665270
9267372
17155995
9482192
2144241
25174011
15919593
23419128
14586446
20797309
18917085
17245550
23628197
17549478
16547407
15470403
17402850
16728976
16266770
21073021
14060968
21019958
17285878
809838
16625184
14869478
16670549
22495896
15247576
18553261
13272592
14521383
19121931
18598562
17873901
21327270
17174008
24022533
20966277
15864735
14660636
16423279
21945044
15293998
23220054
22061815
23471149
15792511
23256227
19016114
16273144
779746
22541033
22080753
15909684
22364011
18620621
17560199
23234235
14167429
14664756
6877722
14261168
15673251
23197815
18830473
8787332
14098332
7884792
16856104
18078514
12159262
15359533
16061242
16298876
16981016
16035147
14303228
22858725
14871107
19378497
21153487
19663298
22778479
17159010
22743089
22719375
22572719
20361747
17884435
20763481
14534113
22397690
19786263
18712467
16842502
18532413
15400810
21604881
15744329
16840184
16830429
22210515
22130571
16148889
22150164
20342919
14615199
16982549
17476997
20389699
22306350
21262336
16563569
7040932
11596292
19038142
20028952
7280572
6892092
20752673
1223101
17242821
15256033
18662787
12993222
16637699
19842983
14192371
17298364
22194260
15279538
19200226
56623
15391584
18962964
14582571
16991907
19584466
19405771
18130660
14492750
15194217
20564871
19318838
20954998
15248833
16929523
16477086
14193557
10156532
16359065
9197512
21053347
19104930
16022682
14631122
14780751
743763
11828612
22017380
8596022
16626691
14929918
16381144
19412546
14401722
15419044
16822597
19093939
11471052
17934733
14139410
14079041
7177312
16545355
15287818
16301209
9720292
1239741
804455
14420601
18438525
21889991
898491
19817725
3302443774
3326415689
3068755436
3266546102
1954293848
2308590024
1380226710
3365485894
1686963692
1909516322
67973977
3094497831
3267773040
48831366
21500995
2177063011
243836346
16231168
3347340436
3248113795
3028898086
3245515261
361361050
2516824286
368006507
3292148446
274213788
3226542650
12030862
3288844876
3254446774
3160419464
1489185156
490666351
101626592
3226666666
3237161459
2575459728
3218894883
919626008
38011280
3129938732
156586826
418312217
3164180881
326216596
57460562
3038289603
3131203329
317572179
1064577254
3130871998
3119470350
3112612455
1878987517
2821925838
130571296
3090936468
85792946
880872908
1653121567
56010917
3092115063
49518923
2427458814
174934059
2909311716
196558551
2988983014
2194220431
3001202331
18839219
122415117
2981982826
3044723783
2944203171
2729207648
3035767211
37672407
3025829333
14539420
155089462
210962524
19341224
37968488
2912561391
2434646432
35438852
2884755090
25911618
2326266050
1347522432
26312030
2610069216
2966380293
32308503
2413411849
1309560978
224785183
2382853022
2442402614
2937928330
402630155
208693180
114810863
10274302
2893244020
2850218512
39343612
2890644453
868757491
89725782
2897728135
2866218526
2882947785
2844487257
456031251
1604400960
38449898
1376629717
2757030212
21485905
366811117
2847877183
1132524968
939460070
1055593891
91957973
2851362889
236835038
257469012
2799333908
2550531116
18294973
555957901
2778257555
2799109321
2301543979
172774688
2800383548
72814761
2490148123
2358915293
2748916656
2720943457
287210895
2664961885
1210398392
2744875037
1397833513
126229147
2431801248
2698228964
55422675
2702065489
421045743
598049699
1061708586
2663699934
2328532574
188879466
93204288
2616838232
921436040
532317415
2212689590
1309166922
2510546275
1389393451
2589263496
130323359
607711995
55308638
2482456086
2571181438
2418431640
105554963
2487602901
1241514920
1880998664
275006093
2410932787
2238658764
34937777
2457134786
2557923778
99728842
1520679841
157684256
18483373
22678413
2319913715
790391023
529592265
1061864125
20548648
1349708274
2374563674
431600010
2387374592
78517365
2187233760
1942177387
236335319
293043374
71636914
178995959
2399346780
239940965
323459065
223101523
500205190
1585543429
104358108
87691229
278399131
2374023650
2156676689
551310222
50567379
964895701
556208819
2355503814
156981013
159214329
2250176786
1304219197
1525342994
2315927148
34283063
2272427982
28354414
989184596
2319224960
328322821
2229149339
772864608
2314062727
17853673
15032507
2253532296
2225449470
25965030
500410552
2291675814
2278058666
2286386864
229723932
906135973
84423853
213134333
2233826203
1716295634
49021193
2261975420
23641069
395998794
352691510
189031048
813796531
29268317
2166945121
2236355544
65224215
2194322851
300768828
196616043
609490365
1278214897
18548136
287118280
2184500472
1726196538
353461821
1428151297
454484244
587869976
261643640
1142071807
1688552366
466375859
1103432432
1969591117
158759613
38687309
1958366899
278137871
84896894
1738404084
26349345
226747809
399901172
1893822912
1035379154
47111999
42703964
1847349398
213780199
618623839
47952093
21540353
1715819516
1693439384
1053500462
1677753074
253331002
49308928
1269320731
610158083
1231494086
19031473
611748495
1317192396
1468257781
1626274014
857099042
49046661
1094209976
130559501
1465868821
1549289779
140866721
1588876675
156056216
1464753745
102754776
67343394
403016538
1500463567
1485580345
33537767
1482947851
474299859
556115523
70762056
1468843898
313823536
1449960744
1455734370
635803134
1450955978
435463859
1146760734
931049250
99821440
1438188175
1433052343
18332836
182526054
965113820
44022593
1399832143
375302862
17268418
53687808
1402619088
1081707841
291252989
1387517730
1387568120
30291437
1360394624
1189493058
1302601393
1281146636
333438243
1359446526
1321833138
467334217
1232500880
591001767
76467791
1350509724
1107888008
871509126
10429342
260361653
246510672
1330351728
1211649024
1323458600
519934904
141209597
1244186622
1040023002
1104387727
257739508
106862586
1219972866
1260840228
1255550473
1242631532
1209244086
521577903
990565610
521840952
1023503275
222616553
960332078
1155192872
70453307
1186667371
201601345
147875770
23101684
747605683
1159035948
583575774
317814131
528335542
624318078
521002104
704323844
749113
1089971041
1038750432
995818554
228512339
603598837
533694819
17370380
303422203
25375670
14740122
27264834
885125965
14941323
974540880
535315586
585876771
989614512
903368942
988268072
140856645
585300367
626363802
107268370
537734331
236876220
960081954
769317510
126280667
306267311
478344779
170885060
915672908
248340302
326158694
518366131
201285174
570182082
39474131
203974997
38772962
195953056
856514215
897848106
229346198
440622422
769456501
883997976
361254327
22838021
140738341
851256421
15263099
875933706
727349413
224625162
628418117
738095377
704735371
701409739
868890049
619009487
797255918
849807032
861026755
206026533
17522891
343150136
15976296
708696660
818119038
17717593
855549210
22275015
538622627
848573221
409030781
23919430
562874904
561149301
15316932
735098558
158239366
803005472
816179257
289719266
632198173
116157545
798309308
542792914
757000110
787416751
51389198
569242704
705371137
745484814
353991235
84408812
166927617
710807880
754670732
633402529
318947535
431082806
603698235
708423558
46906835
27893222
19363570
85171899
625997797
706941216
20487470
635845996
265606919
631059350
49019160
19681608
580487351
624896055
569543532
56161288
623182650
618715165
21363537
51967228
253211814
38868112
373415016
46519677
601413864
581162816
612395102
334849558
98443649
304003152
48260453
192948788
522335289
583656702
539528124
478761150
403128791
374192836
394746334
70354988
285113234
525514006
253387083
569250780
597794006
553520445
596985687
44196511
171485605
397003432
76359975
521264284
509430131
286737250
113755562
509429535
241691250
501296495
230057215
452399274
575117484
242759218
419136480
343058013
538324707
262405917
575379427
574538075
32587003
341258046
472344548
235579384
562486276
572018600
434785607
571688411
568649785
128366576
459801877
529860066
568563981
567541615
139779050
16742320
553863516
549594784
89011431
17951561
233585312
62182808
210645324
84197469
558761127
8527372
270701592
399380813
556599977
554776379
315938558
21290240
58265938
22422258
533046854
541842534
552874988
191577279
416049546
552296005
54264281
547945879
452839306
548058978
338617789
15800638
294428467
502282624
30676959
543973603
465016100
361238217
368945033
532597036
491841271
540879231
338880142
539462644
537760950
333775454
251269549
529624679
14091750
391663013
194794484
347835707
514802048
100620126
533760964
533759826
19615738
345898940
527903176
528464844
432058034
512270043
389581568
509413329
405137221
24447267
346524072
460861418
468134152
485365264
250501004
29460073
466311300
512370592
51581950
406612072
478055895
514454376
464651865
508219152
510866432
192689441
508344658
347638077
479828796
35560580
499423094
501041492
388328034
482601967
44950632
491798934
21011451
452401089
498561649
469106066
493077355
428754001
20025850
467588151
487493051
71042964
11655492
497304367
251213285
493819424
18478452
446737549
493259597
277393949
77634800
369793433
371616725
55895815
14707059
287793081
377538981
12705672
469808093
439850369
16829331
389010747
482139880
484898999
336312510
427797615
420523425
457332536
482430142
63388813
85398379
15741144
457613728
374930886
477806488
467106448
477096836
170016558
299251540
431686334
475207013
109095193
52878233
82126422
23835621
473286308
20940031
473258554
473004707
472141063
436758997
175156209
427316002
463181295
61518194
273042757
385558171
344390250
466493749
465829353
309090067
23126126
459055727
461683032
145671206
221260609
452297891
292134688
412857321
362137547
384568606
422616741
457847951
454078855
138117356
444114289
430258144
30893977
453715811
373831599
455269812
288408661
398011657
72288534
451432405
453879618
26834805
254296709
154053972
450255203
370623591
449287603
448871042
108330063
413911246
446641717
193516547
444865400
441836188
425263727
443889989
441985041
103425439
442338551
440709455
283058642
248882225
241481855
117851206
438245385
56710503
111230011
389596493
72766195
372773455
435838853
182902084
427295534
113495853
343186133
434550374
433349430
430982316
424385239
111995707
425880842
430441878
16632321
430755320
62573148
175961618
430522817
430527680
84425189
247003252
429423501
429514168
357847231
44555285
204159334
306989124
202283280
14992811
313326033
427419209
401445664
165395719
426988045
284547273
217349291
424799615
404857125
409434230
417959333
169299383
27359972
423120457
422938507
422925600
402992625
420996182
330511282
420675061
397496235
412252160
337389029
318504671
415315730
58601110
23931000
251790032
350680927
371434619
326136475
34985470
25531448
410378898
366498596
300414913
30506691
405427079
143886265
385130426
398798732
19374017
83020323
15300222
109164425
193515866
305412666
729633
406584801
94790920
368949358
406043220
389142923
405837447
405857380
391269809
360483305
248878649
94608273
404215213
67475717
399507345
403570416
178027913
108416848
402686648
189320783
48115077
88961864
357255828
391295890
116149796
400308863
19158370
157094816
394837603
18592035
261392799
235989207
398725518
57732867
156994736
398174016
397110914
390498197
16435565
389027331
378530564
373516576
26620621
218783642
376461170
289385640
330354472
357146719
392001073
393030232
344300759
12127792
38865801
391780148
379109887
319712772
15606048
293506148
389268043
389135259
23132727
382177365
389068691
24306534
372927669
28085576
379010733
387261522
64116136
32851628
385834459
302215389
382218551
384921018
87966173
325644574
141225622
18887701
353606331
82477341
382758342
188225026
143915986
376833121
381223654
158042890
374597932
26941377
184844775
18583059
319177732
24781171
377476185
293795230
377430350
350688242
372564467
373501960
275984930
297106007
49750763
376053907
304234073
270050477
201964485
212408751
374994073
40253343
367289504
350986573
320955998
147873422
153530601
371593775
27269250
247072449
50609064
372388463
306544158
16270089
288303744
23530468
151709303
257014004
14574463
234509179
42295414
368744963
337596050
59006039
49383388
359025399
344480267
54120319
358798377
333262960
357048033
56856664
303301440
352483853
363648610
19973100
342279621
361600341
281831250
361397889
35563046
312029599
92279726
80754467
50266875
28360280
292946919
352226884
359829754
14203750
40350866
16552970
340552341
348421630
358338735
16476783
356580675
265839395
356279323
338808563
354813786
50813036
265332980
352535111
67578950
17909814
345461185
32202627
349079864
34024014
344885667
326404289
344074425
240421202
196965030
286290719
192023479
343005986
345043034
81684710
248829548
320305276
50737230
339415619
343666575
243355352
257522607
111000458
334361570
320753632
341105330
22201904
44484303
251808932
10989152
94229971
226530060
17449795
160929070
18740299
41588275
333294992
334183960
322689511
59587471
333958282
170535565
24183251
314306574
289851280
42796146
80540626
29547995
312384553
20726078
316127998
332033949
273928444
74934700
21300046
325445861
36213330
80384766
151257296
330618244
306388787
77595830
329492856
329480052
162950109
327032605
319686131
16590092
327987936
17924348
15191834
197339976
327674642
76740546
49011758
34650282
70459800
316870501
271934407
302696301
325553206
123975474
224919158
17798409
16877152
24642487
196815748
322012171
321723003
320812830
163078673
21549678
318043058
98898839
210103867
224071039
20298583
24807763
295778428
41013626
54291397
52106931
11149582
101219589
317206502
32888928
14524704
18342649
315233419
272445329
303606234
100000760
311898771
311231618
33174401
306163174
46656849
310921125
310962560
19079401
278683850
109003244
309814045
35155595
298486958
306677492
19972665
30742344
29731124
19194681
295338327
303798678
301460184
289849897
302858528
30871333
297609635
300765168
259552731
88084313
234877305
39429438
183793060
17974442
300486513
164254921
9571842
16936058
280426547
231120710
69500247
256271629
273248586
173227967
15211300
207731032
45921041
48506456
73442267
240267753
296932898
159200157
227431793
20482562
24722494
31081562
38895013
53911602
161025692
175449078
253221193
284182932
14920304
49634218
279231969
106114393
95074788
20705868
255406570
290376752
203312432
97546960
127561235
46913532
36927039
131939893
19940121
279150714
90384333
278911740
285463175
45581549
22965995
284943988
284551548
167939028
46494232
51843776
173340973
230535597
40282219
269930510
23278149
261590457
51659424
276976114
276776838
276228167
32834583
277009265
154016027
9699192
138372719
180978977
23102106
237609152
276214621
51799097
271993856
43880222
64617048
17123836
52384561
255124473
72042658
142533079
271494220
25253213
211717944
215931363
31691311
44212991
219300990
20653637
35127638
268815203
16166657
267808202
52901665
165769205
265384666
92281343
34574378
260111149
67164452
256834283
235343585
66960457
21667813
34409743
126842522
158414469
54998393
37036394
50559940
248892946
223633305
209039364
193573806
146285150
35038857
168202858
217615401
45035567
258368662
257328118
253628337
20545089
224694902
207667835
37290627
252211513
237736679
211090264
20467741
36068493
23395530
231206334
249833055
206923768
208158906
61203199
31338352
151041862
158100219
191861236
242958991
244712143
244422408
205596235
14545835
116994547
241170469
127341430
18285151
216120282
231364000
238343551
109669175
239069358
17413807
25733557
196206298
203138992
25728193
80409992
185362938
238138355
192236571
28622010
51502583
180909867
58791339
8318632
108391366
215356736
65053883
35763219
11768542
225305832
77643807
27939202
16081286
232489700
14204400
53074414
216940242
161815567
79347235
161744640
228953323
215370565
159841686
133474481
57402854
218593761
150759853
142728153
19509315
131157231
216767331
18022759
165178659
221257494
180688512
214652765
15860699
17739438
199571964
146598700
74660270
178057452
201719112
14089151
175999478
214703977
124118602
217089623
216925163
123263650
16249543
130758581
94601735
78055132
139538991
96704918
133728553
11779392
177971892
177301966
21859806
204661013
208150459
119400276
19342363
25718274
53099967
41250697
199711004
60935270
17513981
190065208
117551091
195158761
14062221
616173
15307329
134468711
190178124
72875264
16138076
34572337
18439723
40209564
17489654
49436228
19284977
41992058
191514075
45269464
191639062
182440170
157813580
181901779
67347096
166653118
59103901
87989291
84822713
154005164
1088181
19468453
21753863
166256281
180865118
22518425
177684752
176314058
160962446
17409817
175999149
131250021
39377814
173815973
15527753
22522913
170501310
170423309
78177483
89196918
23083874
147426207
20834266
141272017
144153933
20102364
156136903
151100368
152564774
29063959
18834912
55290296
147213622
110883166
16476464
19400875
143457443
145813824
144814245
134826804
120569055
19596592
15862079
75794540
56895993
17066724
124595248
44212108
21898041
135338103
135154790
21754399
49177033
116461478
129941963
128750448
68867667
125457542
38350321
41442365
111200167
122721325
27665615
119512676
16888904
121375370
5848362
120013824
14243257
112488599
15856861
117660687
116693183
43412740
56297838
74386702
112682264
24905565
48976516
19146182
11162812
92381921
91910821
15952825
17675543
110048022
18484866
18677630
18412034
44164399
107843575
97559095
83918296
31433420
45344088
22043866
16455137
82580999
93648344
79487619
15409699
18801560
68399867
100805326
68718171
15139825
42612168
88416892
98434059
88746594
38983615
17642448
19799949
10180622
16253011
43921018
32986887
76075573
39539952
5618162
16809682
31529461
17887695
18732255
28727841
90730909
25090169
87920439
12014132
85883000
86976376
24374218
54295987
80015188
18501320
82808185
18692858
79389521
46743975
38346648
20892853
16572515
86150271
84479305
84316663
41624358
13186532
30925396
43164132
82381851
23949311
80382262
82078415
25111193
14339843
79713608
79663744
62741218
4337781
14446439
55881988
73385074
61231339
14277954
16438515
72772301
36631657
72301224
70136994
70974238
23174508
66740869
64636975
18665018
16891367
27029859
22936556
42777679
64387344
10152982
21817757
63997977
63187419
15766348
57096889
62350240
29238384
18736610
29359552
49940466
59009415
40056778
20107603
50102198
57530422
42661295
18537260
50808095
38459647
15584776
26909086
17801137
16673914
17123884
26933878
18835790
20995676
17315235
15488026
45693254
40161118
6018122
40052219
17304614
46664359
39882922
46656005
14167429
24976394
17443543
20475283
15327070
50725773
10351332
15792511
15616834
45479770
39388181
8129472
18885069
30488400
17439693
14849573
45782565
1317
48552255
43154722
20806190
14803701
31835879
17915915
16912546
27350922
17014773
22379846
46897140
21841582
44870140
21001193
18208763
33823550
13025372
29862503
33308243
45189389
45063500
27987747
17181265
33756517
43345660
15882988
35916178
44305672
42509051
42259072
23121975
43378824
19308138
19157910
16416706
30403854
17202071
25827992
24359784
26235185
42034338
21770602
14675205
38095387
16074536
18939578
18860059
36644535
15056465
16486103
38358013
22738099
35124036
40512842
40511694
20270337
8445252
14086168
16223177
15751830
14592688
19769274
20920343
18983250
11274452
20290668
25766596
24520485
37157391
20408085
16903925
18452605
17066077
77753
36735079
30126332
32520787
19086121
17885796
14662654
16233090
19474130
19403462
17549003
17897772
31195039
18642136
18434719
18034211
30058719
36000033
17487658
1450531
16309996
16487712
35499862
28878299
16745935
28443212
18262104
17142019
609043
22187197
28005515
26244065
1196151
24621559
32698223
15400983
27943816
21211124
17967259
26289181
27946350
23237997
26215931
15165858
19771577
8450382
28546472
28487033
17144004
22671716
18567765
29745471
15839938
17603464
14063559
18010727
28377232
27922157
15257248
26608812
22268831
27571538
14804998
16451233
27132019
21906739
26024575
18504867
11763132
18850600
19113136
9931482
26497679
24229625
26047893
23862487
19897004
18304807
20578565
18162755
15860016
10777522
15565558
20819718
25260940
14435376
23105172
19326647
12039032
24039155
19039760
17143775
24535391
13796922
16276457
18057431
20324570
15703065
17198999
21651551
16854190
17093617
15206649
22654404
16116044
16744128
17454938
14464331
15418853
857141
19661811
23022195
22734287
17165090
22686860
21013350
20105402
21472189
15760005
18151975
14293571
20808540
19609151
10475592
18507789
19109976
20435616
18173541
20657574
15724258
20498596
14231267
14912783
16929393
13938522
9701092
19070088
19719911
16495353
13976432
18320745
19138551
678953
14212033
16300786
15237501
14511197
9548232
17364406
93677719
3369332271
2941533395
3343098585
1226457342
1330570242
977266597
17350542
47865477
136038539
260582890
3268582506
72672017
78283086
16231168
2190906684
852039852
2213805470
3023937375
2821239701
208138875
1859466007
260752041
3328683544
623543
44056563
2509486969
181216726
2603359631
274213788
1656710258
179010932
1196702316
3288844876
1259407974
3044723941
2950647431
1877267364
2950740790
1458037351
154660063
546209862
278877216
944110686
2829000355
574691896
2277580440
28487033
3133990275
2970055709
2961769287
3090247582
2427458814
78410840
3065417713
2447521892
37899134
2598453092
35916178
445869523
200311097
1878987517
2174366330
282675433
21266667
2991742193
1262439871
454508583
805718
2990866139
15068399
2986745990
1584058897
35026984
278086947
2575281056
345459346
517219350
2230667026
1962117006
43534064
402630155
182898659
2477441012
2166272832
33947532
2868793379
111212897
2872496345
2846343968
18956577
189542251
311066467
2803841316
2491842518
2842639635
2890259304
275360666
102719071
2846199353
2588242855
135188957
38449898
2693014388
52956891
2856211069
1662485388
2766951446
377497721
272141779
14465754
2799333908
2610563142
2477359681
552320708
2775968239
2539380615
115245684
2437435957
43255777
612862087
951423787
437272024
330567850
19470087
38931262
19732683
19713521
2291189527
776518885
550429683
36666496
482131542
401049654
116780515
2209023770
381757776
2626978882
296590283
455206721
187245132
454112019
1868666972
2547586153
35504027
108707285
1657225688
2493912810
2489825384
2320799292
199546327
1510469096
1966741567
2207675245
39646784
2350579374
2188722374
2301737107
2509051239
389555700
347534564
1710332083
534499692
2425667845
257919129
242172989
1066797978
2389718828
275225809
107184636
910681280
478867264
1604242032
2370619087
2201867274
614618379
2264766494
2404819562
278399131
47606109
1433907571
124799835
431744926
21279340
211628308
1375992824
258991505
91182259
384088992
65163785
172889061
995993360
1133129990
2225449470
590948951
48050822
278373527
1284950995
2283955027
165622748
155376168
524038543
2258243660
2183841259
1525342994
25441301
313002425
254060325
565655766
217544465
19515084
64549933
28847676
318398538
2217815661
27373233
1591254643
1675542517
2149109990
203104511
2192118552
2172830066
2222412410
23834147
2177857850
1530151184
1729908313
23939188
2205510702
1849548510
1159306519
2190656240
21150896
100574887
444378105
224074946
1021414686
1924800709
172374119
437557646
1944819506
127423191
151639222
21545881
517168380
350723944
1950277093
174396319
66249552
1272112968
30778339
180757908
269737394
1921098223
22151688
1399774886
136494281
576763846
248564231
105810697
123398133
1101101575
106793317
222867297
1852174730
280584610
438008999
575775664
1852334844
213780199
1852331443
89269664
1710797510
607462593
112736428
107572393
529535069
64250735
502530652
48420486
1129331450
9314082
1279347505
436935048
291946316
988175137
42725028
150800311
23777198
1380782358
1661024222
16113548
1247991331
1164561024
1362646411
192719869
532223345
984433849
1547690551
1435283858
729523417
109040262
339827185
65589378
184743234
18196721
1371044154
764011322
15970392
19515748
612474704
374864146
25955451
128651444
180892932
30853206
1477486759
234482434
1485580345
91611849
588486575
102547992
188941422
1471153351
1515812641
18876675
1500142290
1490116104
1493162299
1482947851
1360347128
1428357702
466055059
1423623079
1421804461
1379949306
477924342
1320856345
563560047
1302601393
240902121
1269455851
292328371
1150957933
1107888008
14433433
260361653
1228235221
98993024
808713613
16429082
141209597
222313383
1246912310
1227550758
1307838883
1307054952
50299898
220204980
275262651
87340865
72025856
15433037
29219891
1248351164
19029306
313375223
15471075
25846784
860592217
995655854
243368967
31271589
32816442
1186233032
1170792781
588699867
83235509
407043981
26710373
939210368
563096176
15037895
102152583
14632998
24450792
583408217
252820645
1063434115
15882988
159671942
242580933
87608257
377959301
1061866542
309469549
532851456
952350960
967312788
271137633
25375670
544780606
1031008482
531409524
710330382
123953282
73160669
599837232
185538992
16977338
327632651
179295554
976737763
972375836
164787657
775593313
496265726
417093752
229346198
169525045
932065207
551912038
326158694
279130937
279130857
38716728
19368438
50089390
569242704
839007710
45026392
150662330
41601283
149765453
522455053
440622422
132405646
51220443
890897556
20611888
38895286
800734364
71631236
68624057
90716248
868890049
112246396
213057108
860139576
850570394
15322397
522563545
838804296
838683727
838133563
210216171
17868278
558018732
832353355
105637447
348721512
826747435
808846532
814270795
528700248
597986604
555503906
11104682
40778603
453803112
549000516
70525747
392448467
567139248
97546960
588749451
310403646
578161029
776730452
785358199
381164683
20414217
774571746
199832439
80931384
334849558
769731128
127227793
22539801
273548578
15773477
17768953
183033795
17086120
76359975
586257477
589603294
19363570
17024832
585564069
547916419
227284739
604727780
525321620
625997797
79344520
528066450
635845996
700546578
136676260
36770107
12447432
107554441
567064111
537689019
86142019
603698235
377170500
75446223
259301697
306957972
454346151
596773120
502003414
185334215
258984513
308995701
113349782
43896063
381719951
387772668
291922911
14589746
480177236
48031609
524997168
505977295
581865823
292848922
55495731
248700885
213151043
403016538
316429963
574538075
37335048
569302640
307610221
414041530
559109216
552764719
82827534
74454976
175581894
522774549
161267808
178539683
111946134
558284970
550452571
100276595
479922298
234923388
16568777
535623179
3205
321513170
30673492
49115368
225420140
256425175
423158892
172457982
170072922
515826653
347936817
497560332
182588306
149894219
537760950
33181463
338880142
497587641
351816480
152422265
26919534
35940287
100620126
532510595
134973016
271930287
301618596
25304346
22727076
179969312
73026239
113317368
464027400
314472120
511337527
304146732
16117481
144865902
15257931
19031473
177435903
16745073
459196401
247324707
16050032
498589261
388328034
414957744
314114721
146145272
259448391
492079875
464715565
452484544
283706793
467405218
144605289
145378129
101381697
487805561
22673868
13371562
255876653
31859256
482477742
92054248
33548390
180568746
284075373
478611317
72587263
15859658
208625465
160360997
170016558
464719464
465176734
61621821
17469469
277970927
432060056
466026496
7434622
360167941
21409640
412906781
398031548
409520491
382373006
360689797
119277060
113101599
452134137
18730238
288408661
449216091
448345465
42923372
451265005
278396650
448309866
224710263
386042536
105181465
285453727
437322566
19203376
19893071
31409264
374459113
429953247
431105315
82316132
25465978
430057728
312442926
429138838
397614046
400624214
310976032
374272671
202283280
357146719
386719522
158041798
22341209
314010645
388848183
388849886
412305535
407111023
353529688
66376803
15678709
369839310
318440694
374243918
296940198
336058339
388836133
20617448
285359860
25252283
253810773
31693943
75362308
367161805
90240528
385130426
24694809
38265071
136693330
109164425
193515866
405796610
126636661
9493542
400097345
14589866
15206649
48819973
305134469
111351800
36843988
161066144
16316037
394837603
342529951
22968349
32302122
102973947
16674443
391602662
253479578
177699764
377395592
270913633
176105177
388367467
323708100
19080535
14613859
230447447
33851370
117201177
24608008
376128292
158042890
59202864
368736819
379736714
337563702
174688615
16173914
325930141
374828288
279334446
297106007
360054824
28704177
305127163
119114794
288303744
18583059
363361487
361072247
75281099
359025399
358226311
333434888
38590336
26581910
109169512
362231467
292946919
352336404
355556017
110671921
85651705
355663646
71508775
36786586
347831147
26362193
351745358
67578950
267609539
202817860
15859033
342934581
17542265
173340973
16838515
289521182
15448998
45580305
234911366
333656325
333987836
125770940
5848362
221815441
18009605
267612402
10021212
201797414
334700730
19367582
42149443
319131465
15742514
251758714
139536867
222660701
103102322
233579891
19827088
17501419
321152869
322012171
321124765
219081882
87250631
283817784
317314689
311898771
31296109
279037658
223157709
294070019
313223118
32885714
246753825
197962366
109889005
27275470
204291101
65120256
305757592
174436231
205535590
311032515
18342649
302794411
92526609
198034541
307471290
787590
16153835
296619467
222987137
173899287
19905545
114483184
294025964
54955718
18874383
27680898
28410428
45606805
37001650
295636132
295808018
201619027
280800744
121247423
10748252
282717311
38895013
31081562
17437735
286367633
170230989
45921041
163456116
282402343
282317819
193584993
32459360
83429920
113098255
281622878
284548193
272450279
54998393
179228146
195610835
33358465
108931568
25517586
269552336
115215295
279819051
40282219
280870396
279147620
279073994
276976114
159099962
59885255
197475713
235343585
256806934
16872629
255699632
195817710
41108915
24570198
232613876
274423751
142533079
229600796
52927135
211717944
256645754
17974442
258752793
267002310
21822764
26572646
27248973
174454158
17662510
214662570
253873078
264420167
261722168
221420530
38427623
233358828
60545409
234533044
109003244
258805106
261478397
103566478
42952428
39298267
84732153
68515006
19007334
16891096
158414469
35038857
95296214
14267832
255273959
102221345
255872672
14750177
256149525
16099189
151083417
14738295
18501320
213693748
104906508
211954616
38191916
61978044
6087272
217814831
34409743
163585221
151750319
250499424
108391366
231192080
214754889
16352831
48445475
243250383
198361053
75368157
43717795
19859768
176949651
236204992
40714095
19417055
100400859
198728079
150726823
95273513
39422293
229240282
226713935
49386820
243716050
224497967
229070285
139230624
237613429
187959991
143858961
59862422
17236717
44232195
177416810
116875947
75498096
115547642
9345172
15856687
158609459
85779570
216120282
57528569
214443604
225534928
234455126
118717566
182490760
24183598
160932452
55447281
205595971
27661280
52106931
205594100
131820725
29547995
23825051
29781774
25287077
226117396
39267744
229641453
17383566
36227202
180273954
232360914
212946252
35246476
135352406
228967120
154437008
223163787
218902497
13426662
42315951
52283462
84954888
71328309
16137743
15393700
228974837
62499802
227926979
18926067
224353426
165178659
44093781
220520305
166584208
188510581
26148937
22654404
14430086
196121911
15642618
123655684
221397936
38109868
88581667
16983361
192617745
81342554
214607041
90473298
202538617
208779377
78046239
189322992
14620544
211501081
126697440
15864679
213243691
191365010
19168432
76239482
122473388
42571004
25718274
17206739
180893887
15175262
199202189
208250569
26385846
144959193
206660016
136012165
98593629
86573061
1131911
33500146
15046916
191312364
22093870
15067317
17214884
17203437
39656646
142379558
153259092
17513981
69178011
38943565
59722579
18883360
202739272
20660609
170039453
156428355
197901148
168555475
61903300
57424910
113114433
21596811
136438691
25254907
138072356
43795136
29479208
50692862
87729425
190684722
198921235
197146019
18638835
52770751
45401325
26638858
15854078
16535917
190497134
14686098
59640950
120569055
191203474
122184025
24557472
134930804
130212660
10305322
35830238
16811820
14115719
14270208
20644708
174340450
15823023
88961864
168679723
31522489
55838512
22201191
62551636
176434844
14624492
15123270
148854718
182440170
190645081
11420922
71021075
68313
17068373
34136248
89034454
186524503
20865979
47586808
36444310
19552126
89041976
143225237
33431554
142353628
15860016
21324701
21703120
175761219
184289115
20653637
186023097
188437749
121898637
20939563
81171048
183363303
45198873
17108702
184896151
22290987
1127651
149736177
166653118
32912462
17174357
184315324
101869978
68233373
80687140
135508487
23940329
103013627
47811875
48110818
16246434
161007666
170386103
23612851
82697799
20586227
56408428
163885610
16518494
28255542
30142924
132892070
177684752
83893974
38871505
16252325
178340839
45581549
166392092
14312479
15829687
47970895
133975702
37710644
13757702
142728153
19505248
58121012
124437550
17035026
15510756
115930154
38787247
17897772
17997888
35933502
19017772
95610582
142977623
158234797
16031635
20242234
12640682
163078739
16234345
173659212
15075459
15365592
163560388
857141
20523824
18274602
19897004
14244342
76385137
135318120
50306155
24326810
30111861
161025692
51104452
14599117
17143775
22516489
170060570
28443212
5618162
27985573
9355982
15674112
29775575
99839355
32131398
54926726
20102364
98078133
18648344
17194090
36762570
20088287
33253756
71112820
19571417
142792382
80659837
163615158
146871854
59574994
20010752
46486928
20118774
124056386
120077159
13155622
23615586
88009641
17995926
64885613
136356281
11779392
11637332
90582128
86708455
23228151
650903
29994950
37036394
39377814
143486187
152373898
148084831
93572917
46322223
25532843
147904962
132221832
15211300
119845705
23619919
19826674
18809912
139673953
149591886
29785759
32989762
148107537
105542391
147194948
129845242
123765668
147028439
17553103
136911551
113478533
14090017
19085281
144641613
140521611
73310442
19154824
142446606
20460330
1712831
23001840
11274452
116813993
33370227
116381574
51678226
67713727
22665012
78841113
61848887
26082358
43948275
138758259
15174710
23506351
102757096
110778614
38865415
18782697
125790627
115106378
68211332
21210595
25081344
48741071
50005033
46435965
25458378
133428006
127257775
135339008
135319519
14072989
131029502
67390923
114673150
48011065
26898703
62067843
119770900
29986867
129983804
18169370
17898327
111237035
69689779
23862487
130716075
17005418
98356195
76999925
112615201
124618137
124610793
116884448
21025508
106309756
25599869
97161772
78112501
111725172
85841091
17464265
117459783
84719212
19649013
112444957
86435901
15947185
68585311
105005592
103230963
65133659
66224716
115053091
14443833
33783033
91813068
104425125
103001763
18122642
110843770
6090562
109064940
106766573
121142796
84846599
113251461
45174198
122483132
38744182
25728193
121752085
19334890
15565871
20725268
35863564
30094218
83683181
108635494
46786304
16510156
16086282
119163373
26501654
70892432
118042849
89085207
531
17045039
20448890
64148990
26836989
86692803
13674442
40889752
19768940
102839277
71310291
44684930
22206565
113446547
16619016
14668648
17222002
76915389
9766942
39613961
18109396
22782577
32062804
109647273
56889619
18247570
27138849
51029636
40243267
76797011
108481454
75167853
50684723
78945897
62649455
27036843
18969174
15803225
85596964
35925209
37929777
91298698
