278618567
3326415689
3363396527
253420097
818930496
123371592
1534554727
964949498
374571154
3141806549
2991052416
28443711
3053954851
3016142094
3013839678
2371148664
1326245995
2592775869
38449898
105381785
2599432010
1406502908
2875100110
2799333908
2799978030
1396029692
2658240403
2694692328
1938551161
2434487808
377998324
389555700
278399131
180563487
22221405
51200390
1922194814
2203625486
28517751
1074511920
134695188
2152253586
2158410569
1920174674
1488869616
126414138
33381815
1688772590
1226900185
519057075
1379616278
1205012514
1281586862
1359875095
17096359
5676952
827957432
1328083718
1240441622
1206811915
11142492
273421972
1008918074
917128614
184255619
169934320
574016310
615360211
209145531
58321439
402450840
7091422
74490148
343150136
581955527
588595798
84370765
24967248
281226787
14297643
414796098
431795171
15282205
414041530
563384721
559223740
546050178
254719698
338880142
424569681
234982529
320974491
461132420
455048203
271952517
446904302
430858597
39614261
58229033
18775336
431045355
25549050
19203659
14971458
203438460
202283280
357146719
324170919
385130426
401902840
289385640
14458516
8527372
393218934
51166558
330071102
132254256
163456116
69149255
12127792
28360280
39694489
199143804
352063901
324207536
280963103
119114794
222364433
114132673
174688615
1763801
20290668
175455996
38118029
363361487
366085168
312029599
14471167
362562491
292946919
252379105
353393615
294070019
166560970
260168348
321152869
35830238
326144014
48110818
268455130
162311169
312899603
23004665
226260323
296619467
38716728
21596811
113114433
57424910
48609684
151588192
145062902
293169758
24794873
291908367
18852442
32062804
263775058
131298195
275180578
116833234
273596070
17026178
176822369
32302122
45921041
39377814
25778215
21817757
111102398
15165858
18815650
276976114
85906552
1317
18638835
25728193
29547598
171735092
73310442
87742918
49386901
143450527
2603359631
274213788
3288844876
1334161688
64532597
45577730
1878987517
2427458814
402630155
3029363116
25663897
2966174152
155669731
2851281069
1617489696
423302563
2799333908
170016558
27048880
70976782
2149697288
542112182
446737549
15921398
35038857
130206836
108968092
31544871
20654705
14439591
24232840
22265355
3145185641
3225329865
105295143
1493267851
1955132936
3304969917
2963447467
554335063
3247991772
3328575009
274213788
1196702316
3090092555
3288844876
3102999358
3254116137
2895344881
2624642775
2990706009
3101744399
1190076494
30500021
29082715
2427458814
3016275143
3027772357
1878987517
402630155
3002363266
179723304
2994743668
537468906
17266616
22379126
2856080556
885686666
799485097
2799333908
339613981
139219463
1510587319
2492764911
32190829
15489161
23041680
16152178
1278717942
610557381
2528776656
141597299
2584706773
65973771
1129331450
18345648
1581759588
365980822
389555700
2411485105
995800938
158963205
2168461388
2413877875
2370763855
149315713
844211095
2381112084
57367844
2373343099
2373319662
2353376730
278399131
431744926
28706487
1152133878
24812892
23548236
1581599582
2320364822
2225449470
1284950995
2281415509
19454733
16738787
545453935
2228231707
1525342994
2204241408
1849548510
1927527138
2163353473
384489493
20404119
517168380
16132816
23203903
1951974758
1925830315
1900852764
317441163
18161620
106793317
213780199
549476819
1688923490
709206948
240957851
502067536
329323059
743158794
732980827
19031473
1561906070
516734016
1705062968
1668771348
19877680
1693373094
1656220200
27514343
150800311
304061756
1634234562
311137675
634006127
144692356
629367629
1065869268
22890638
18653708
1165573680
1485580345
15970392
292459041
190905427
93151373
551160542
316126656
562577357
1482947851
901348998
1460699240
20321833
72301730
142680138
1425756096
388455597
461647353
522136557
604578971
415018439
278217777
8234132
450291742
1302601393
1362552121
26122639
1081739791
1107888008
260361653
14505871
54435182
176950935
1223588090
298781633
99046741
141209597
454007547
245662269
243461976
1272641539
242618658
21562819
745591364
148891227
608243816
15520975
18444388
119083950
407043981
40550854
879161563
978722484
234168451
395309149
23138382
562866501
1117898346
18906599
109192303
431391193
950339118
386551109
366086643
14930128
623338911
110918004
770112931
16155881
770052272
19337315
33824416
72123971
374688806
912220224
368198491
432136201
917128614
443398798
316769025
28776220
14787358
326158694
342821167
848603143
4393001
278096906
59953198
23278212
552848796
386519116
16921280
31298299
18892099
474421099
37536611
151405084
426483659
58596161
21608662
440622422
57652284
786572629
813118490
883997976
254230907
71631236
79258361
48442262
29487664
65664359
16272976
256849727
43295258
132568052
130925204
321186184
306223237
20624468
16545974
200668617
604607782
322984377
811743026
615360211
378222973
751564670
800355402
721406282
66951419
776603018
25422856
94857536
266290417
589188766
21757798
71897004
141805517
567209572
316770960
37321457
575566453
15855315
35507766
162304749
19834418
529562997
60784980
573972193
123926189
129360573
21798372
410882229
417451460
705371137
556913787
60935388
191822092
20651510
71613350
109274002
51473146
42741029
358358638
323861505
547749084
572442257
630460964
45641358
18953266
148483401
452995365
746049642
54281064
259978573
703359468
19363570
24788417
625997797
528066450
460786212
635845996
122835680
197677823
541979062
400253443
636325553
636280255
635921723
635968197
43741078
634196997
631282310
634203747
24944449
56449803
130921057
541503051
296048696
11650202
157203330
54769979
183453260
610298452
443958928
69266063
22364415
38107705
17295837
281076674
68740920
231943018
590320358
568910078
597695224
243820238
603698235
393645945
182550591
158060289
116198288
33084318
30095152
308995701
546101526
586215385
479899121
19632485
212189146
44063603
18491343
24753462
414041530
19259282
515573992
34434801
392394860
112505204
19120850
393827737
212097279
338068048
248419585
27841490
331898735
61318348
559156384
513777503
26008436
199911960
28143157
79862091
213063122
78626190
77282328
476459171
480811744
338880142
446737549
510643128
70577589
51562109
398411515
24180209
109441206
520441011
311699126
49372905
19850687
18072202
494136102
305401656
122486549
482629983
491508228
15273001
44941000
456281622
317818716
325080123
219154178
331038344
18994290
32935807
439782647
75090338
435091874
107633302
23195603
426133998
49907425
413198643
23108383
390422166
391098705
397146446
18610043
28931306
389377691
386442018
326531840
360580855
326308224
31108324
14266331
24756899
15950463
53200500
301332961
361859989
11922842
14600495
14344823
337473850
71458561
84465982
9117972
50434933
14850859
28263009
277014798
22528309
18316606
315987612
19311905
16006323
43559447
37335092
209949798
175255610
21794452
54613670
117222889
53153774
55644350
268522055
19934859
119899270
23314543
29019463
34701889
25503790
180500844
25194540
197901148
146447628
185083436
15612282
22509548
17896275
26749459
15075753
16011794
19472876
26155798
10840862
96278424
58005657
23203100
69199664
59856467
19367142
108779641
24372752
19423348
148462421
35080292
42016373
17218709
128049980
27578521
134871277
106767427
19286059
14165237
26492823
126141855
30473755
104345996
26002875
15861944
18573674
16050032
18246335
121669721
19257539
24535722
107190932
81968042
15435746
59847346
114375053
31039427
8394422
106149179
105708829
76568505
101847352
14675205
31433420
101849677
104010291
102090219
16455137
102552173
101899326
18801560
11463452
28912965
1619841
20950924
87394051
98987796
91700891
20348444
38983615
92173825
94107851
93251961
72563048
14078808
38146727
84432417
86125547
14415941
85115458
85114051
83309656
31133104
35051183
25090169
58521274
50059164
47362808
90454075
88919308
89539069
27411619
89038428
85883000
89444103
58192707
88958817
86832622
79606027
18501320
18333506
16480209
23049130
25855271
17543946
61638534
11274452
22188707
84087960
62320334
21392678
24522812
32379048
47745785
27119750
27319529
70960452
50427460
39861235
38877262
22783927
24608082
46560358
76767795
72923387
23145222
60780338
59804429
75328629
19895945
27671624
23326914
50416517
40224448
23280801
16415018
71150976
49577208
73207197
41404738
39982256
21436506
30775888
13225732
17402815
16081011
51249040
49098320
16037744
34856097
49175000
18058317
69513348
14993509
67719213
67747717
56200563
22697935
19408986
18042688
21564446
18419130
15625434
50017875
22136453
16054602
54276558
19603499
42881063
1859661
20388765
25632938
17800397
44155558
18346434
61391072
52732971
27317819
22156082
53931769
48131739
16514451
63418926
48902328
23563994
50257607
31268560
24280515
9376622
44030986
21920172
63168520
63229925
62529795
28238516
57221477
45640578
45503246
61173115
49038014
53479102
45868996
55885084
60157472
52405049
43632419
26733956
41664283
51352451
14520944
59266480
44546204
49824102
49800582
49796511
28591132
33653713
23204235
52980389
58236533
58207075
30639615
55023824
45906107
32892321
16296683
19786336
21962057
13527262
51161425
57462723
18271805
19605160
14728782
48907040
46437169
15503880
29275169
54295372
44769565
19238983
51291444
49709611
32988436
34675554
46431931
14251754
14428305
37468273
23754973
16491845
14996598
24784146
22419166
24382424
15853287
23216903
50813952
14142084
24219344
24447359
45967789
18347786
16726385
47626121
20732463
47189198
51828807
24010850
23279427
47799692
46743975
40877132
24105277
26552485
25848164
20448825
46366309
28813260
49101363
49102300
27682840
27860494
15406238
43317583
29500313
27685219
18117404
48511281
15237116
16970073
25770408
22728457
20939349
25294150
6459322
48390772
18247062
36180667
15902990
47479379
19892459
38339184
33025296
21679774
3228571
22154479
33823550
47261161
48387478
20628997
43906238
29967946
45343970
22243973
20643913
27073663
22005820
11618032
13256882
23524338
37002674
9427572
32719468
23386521
46775815
47255635
14506615
30948163
22303562
41854403
35495995
45484112
40830041
16667056
46454937
38829047
43392704
21699332
22640452
44607047
18312816
4415071
8086532
30498930
38138279
16358849
43978210
38980386
21983007
43013036
39313171
37881945
37404802
45775492
42355426
45321393
34540298
43678118
33345216
38735371
44409090
24684457
17900741
43175674
37594235
27354009
45160709
33946436
20833797
18650003
39323939
34061224
18034923
16974957
15972707
18036643
40093442
17639250
25122361
19264218
29195806
33378508
41340420
32178689
41054925
14465607
21360019
35184097
24441023
22922515
38235434
44403079
15521257
18286677
29548799
34306548
35453752
18511594
22260791
33267348
14265553
16431267
39083146
21836409
28755518
30570207
16283736
6490952
39574123
28375663
28881439
33686801
18278859
39603135
28226236
41352652
19452543
37964089
39830571
39312068
16836693
15501088
30225353
20425642
18033114
32991125
43520957
18537956
36773740
39695182
17455466
23501155
21707592
19046894
43108022
37839282
36959999
39850054
40360386
41408247
41889949
36021428
18647254
29188064
37161927
18664838
42645159
12503572
36896035
18706957
27968673
30505579
35086135
27700636
37009925
16601635
16602995
25471127
19299550
19147690
41862586
17959641
22183090
21589257
17903209
24922324
12896172
22300305
24179525
35461331
28829460
41879712
41996429
19742744
18673531
37031371
41933890
22935909
14296323
22383223
19754122
15151807
34968133
16478061
25358664
15916757
14532256
34670731
21787433
41314142
16476132
24122752
19319446
16049003
21166022
10751922
15506100
14555436
25975551
20963802
14560510
15700362
21046753
25341021
31613448
36101055
16911187
29732519
18473861
12344072
22296680
18027696
16374172
15847001
21486588
37194535
16890518
20218556
38534602
23651052
20868337
39860218
20887901
20719333
36804623
32298723
34330593
27610430
39182096
39573813
30822314
16051808
18760460
39437982
38917291
14982082
22512852
14816063
39200214
20644090
18833237
22866181
23861986
23477079
29969736
28767189
29265474
10677342
20367667
18939777
36372569
21925468
16465690
22233925
37815997
17926342
34054893
27384145
19299339
21679598
15503347
15707714
18412629
17900914
20729667
19041947
15852651
18192178
19262740
26954881
27016926
31799443
21501255
23115651
31150772
27282874
15258794
32344949
18705697
15256077
31162092
18020819
31322453
14403929
24305174
23274472
26430264
36019258
36808822
18276859
20061706
16829680
19168102
17429201
36953885
22169636
18741448
14423258
36474931
18544679
34700821
5357812
12120542
28395718
20087297
19923778
29241386
36599291
36580077
19324308
15711730
14869994
21146211
13396002
23355686
33840017
11256622
15569517
17627001
16494555
16523910
15978475
17738947
35823100
19543147
26077830
16005254
20259373
21319487
18416448
18533317
15279465
26066370
18945415
18108950
16475405
21496427
15843376
21223753
24656352
23228315
27783848
18608450
22572450
34490896
24551825
17922886
16814727
17527466
27905096
28252610
24990477
28468758
16492753
28176898
20790931
25910039
30501205
34276739
32326712
20097342
30027177
22251973
18014625
18268111
15661214
20061937
10697522
19035910
16438594
17735260
15731751
15699942
20913960
18059559
15104184
22207300
18035738
21761094
9643452
20502577
28031362
17292351
16534759
13697962
3417281
28885875
14940859
27652022
16672662
33240765
16833640
19945547
15945496
27059919
17957892
26946753
32354575
28826602
18037344
30801601
21565855
16323067
23006553
32851748
21069591
18052560
31816959
14169927
17009637
22667129
20558017
15763092
19808017
18696121
15218525
19325222
19817167
14093404
14516816
27879354
22115384
28740137
20889358
21627881
30526511
20552324
15726663
18226806
18205761
21859521
16215222
18673400
20796447
16123571
18131240
22524948
20691200
22985599
10934172
26433072
24547570
17798006
23162864
18343383
25425855
14407458
21846304
15974103
17582899
23567128
30021846
17391442
13481912
22023373
15559890
31270223
30157211
23120241
15693450
19817615
25609586
17829274
19881382
17934423
17900421
30384906
15428227
30601684
30546168
23196937
21631487
17233783
29030436
24278642
29047900
18019121
21635135
21412870
16197741
15694838
28736458
16692057
28036539
18050303
25710908
19557156
17058879
26918145
23385466
18267091
15343458
25221006
19077055
15170929
26565152
17602996
15572659
22209714
27780594
15862974
17824640
19049659
20819718
19473742
18236009
29350302
29620256
29313413
25163050
20012263
7548732
14651202
17960693
26132404
18087450
28914861
17314685
17890227
27377331
16698864
16514116
20419958
28466346
19147435
25769720
16233111
21897371
29545535
15700470
10771662
17461226
21539874
14109419
15355807
17913191
29333055
19921008
29353061
18734358
15729617
21323944
27225271
15154398
17757005
15248378
16856956
28086416
26258534
16064965
16274815
15990348
24566398
25341203
26385287
4353871
23458577
14363739
21534324
16073596
21792494
18110129
18393119
21144663
25626125
15053925
28738773
18867059
21044127
21823116
17908825
21656717
29061794
20023047
16005730
20113397
25922006
16088582
28710997
28675848
22161776
16020032
23165680
19491594
18879513
3128101
22024503
752193
16282011
19679854
18034521
14720411
20347670
12094002
17982724
23359363
8224812
19493490
17997175
20347310
21857709
18319515
16174902
17934084
1653161
28982848
19490170
16616431
7966812
14857335
26188580
21156230
22329038
18036251
17277921
26802755
17042774
13673392
17777458
22094147
27751779
17550920
28465013
25722303
17078632
26573891
16088535
15507739
28830469
28611120
17139010
16248413
17979132
17923728
16389986
21040094
20952906
16703058
15186308
15829920
17901666
21599534
17770648
20392805
4923811
23202327
19344125
14389132
7831282
19723180
19603068
804455
16419807
16102244
7730052
20349235
17909913
5145071
18217624
22234257
16135165
19146776
14921258
15368990
27810236
898491
21123009
18791763
24080887
16259228
28479984
14966703
22857292
28386918
18269295
17641086
17411050
12738012
17609357
18221018
2704951
15503074
15727817
23710557
16265372
18426303
19955092
18020081
15724761
17387589
14730894
20267436
18693598
25881670
17077260
17640120
20958510
18083379
15650882
15481585
27025677
15162962
26742991
23656085
18166778
10168082
15696011
17685196
16181186
15445240
22272027
18092410
18171279
18137724
18276100
17850012
27307053
27719569
9720292
27866644
20249898
6750202
21764127
22832664
72948156
24193295
2577087049
2516824286
3288844876
3074716854
285177964
3191022621
776234850
2771366430
334914754
1446231740
2427458814
3011993567
539595601
3079280307
559888280
3062833098
17475872
1888182168
2212656067
3028102907
402630155
2833861296
3012032219
2962581672
2969146796
225057769
2802418747
2573127264
50463851
296042634
2382853022
2933858756
114810863
2744877836
2753416427
2799333908
1886942300
2374149074
1561331262
11142492
2556505856
2549835373
2534548116
1164040386
2553345388
274789447
1550932214
278399131
2340845558
1604908225
517168380
556792591
192906510
2225449470
986911652
2265013531
2233247086
2264309575
2223519552
18097717
1930991911
1927268072
1586297473
549476819
213780199
22075828
153544563
35018582
277450150
1485580345
1482947851
1433702456
1302601393
1107888008
260361653
87340865
159099962
119083950
407043981
1114659649
1109126851
37089059
409196135
1044555991
326158694
97554022
736098319
155323120
515024943
102754776
87732724
564291613
48110818
434768796
278646626
803174761
97546960
777979249
133104809
785042880
740977789
129235890
138111224
705371137
375117182
77875107
552067203
493009826
561540510
462599759
589457454
23604700
556913787
168783827
19363570
202444394
625997797
708769920
550414357
635845996
448285911
69802243
18798781
614737523
395545765
594177030
24929739
550971087
32353164
213754594
45445828
603698235
240719182
308995701
429068453
266730196
587883683
521264284
582214548
577426099
573789712
569302640
412449442
430976274
74805926
436246554
498419757
541795496
338880142
535370681
373680589
517589660
293182860
343150136
486622800
90188209
14557525
379958877
37899134
374082977
20957374
274236029
408617125
455906558
285706663
16440542
58229033
450684527
407131634
113101599
429765661
22333220
444423210
436447731
126369196
386729030
386726594
202283280
386726233
416320620
219497069
419943411
412592242
415018439
197673966
411070347
140738341
270993086
394837603
395773009
277031248
257209621
48524256
14104401
343598276
180160760
106539595
357146719
377404416
325644574
37036394
266134602
370871770
173340973
289415543
1763801
289856501
307803626
221258247
290085437
288303744
18583059
333516099
72452672
342743115
312029599
292946919
251620847
340552341
248943681
362197539
306915813
281443378
352226884
182180763
28360280
229375644
359025399
357477566
103821657
282808699
352775558
53911602
351010068
304457365
332407638
84617554
133710837
193704073
299239981
246753825
313034182
78651310
262025114
28704177
189659678
171647105
49865123
322689511
294070019
160182124
323684718
308711265
317434725
306388787
301460184
27680898
260168348
296869900
57786431
38895013
285670262
45921041
59722579
278923662
276976114
145347513
179554384
22671716
252841109
242135929
217531561
132743289
256986867
234651761
250433137
104906508
211528841
194624921
36131454
223515146
250421407
231206334
216120282
46664359
51581950
241195963
81412874
25776543
35038857
167384426
28223692
237777017
218826372
116994547
29278509
240585178
217894695
95296214
98848668
237113002
236450655
155698735
186206767
160932452
234132575
208166401
222515791
63552808
120576768
231968280
231831282
232809602
12212522
232008801
32170746
133474481
229339187
104672174
65621964
220174118
148087064
218593761
165178659
22413750
216767331
224978115
131157231
151041862
21817757
92073417
199571964
220226766
171417215
144439561
123263650
17812315
14524244
177971892
197901148
194187941
190684722
143135457
87623620
182440170
25833827
105968265
161007666
83893974
177684752
176094234
131250021
173834817
33767440
96994334
151100368
55290296
82830519
75794540
100680699
108046235
16590092
60715321
12908332
119116841
16738787
112682264
113643881
107225658
108968092
44164399
99742444
14675205
31433420
16455137
101542813
18801560
99354982
52106931
97486261
38983615
24899874
38742528
16603134
12014132
89038428
28443212
18333506
48681681
36162240
11274452
46743975
14589866
56152753
18537956
39449681
82091551
22752559
47323555
73135424
65401343
25728193
15882988
71071679
20175361
20491307
64050036
19927928
21402214
42658107
25509705
24226681
61480904
51712055
30509305
58463837
57224142
50088781
17072217
40052219
53527428
43040154
28690184
21624407
29195806
43237278
45069745
35741756
17181265
43345660
43711616
14531977
16872315
19163503
22625088
40392448
12411372
19120787
29608579
34560165
18864393
23257334
33112862
32918245
25407858
21906739
17967259
17048451
28656326
17432932
17154954
18407745
12203722
23798980
17441820
14155571
18009925
20864660
20025850
22514289
15347337
24827369
12039032
23669542
19039760
23862487
14211699
