15607632
234242042
3275845825
1380226710
67973977
504018069
829552003
16381764
44979041
16231168
2959903158
2666274223
2511409436
3192334410
208138875
915874034
120574485
2787341491
100724180
96040460
3221774792
28803677
3234974181
16193996
1196702316
3288844876
3254446774
2718762668
3105073940
2955087625
2993426286
18818731
1384044895
156586826
277623706
3146311298
3032540570
945523154
408396692
3100685508
3109405656
1878987517
3101714365
2895405072
245310382
3069951367
509999428
1024116355
12879212
23238668
95990688
426568854
17519831
2427458814
417794754
21036121
2834597675
2521772215
82062932
2400798296
3025829333
3013167078
1683527594
3010173264
38242940
28354414
2503850344
2953208796
2962251411
17668347
39392593
974052422
2382853022
402630155
2939199912
2893608741
114810863
1233278112
307807275
42916712
96166784
2165526844
2789072342
37366095
2890761433
513691543
210226021
2835708488
1198138447
2833105238
2799333908
2824652192
2821159129
2612077316
126998331
2573668618
143792786
2646112914
531435260
2747738093
2748682332
58246566
2733868627
37338773
2721531703
2688061352
44762626
2418731216
921436040
2412260047
1925889079
7187712
2603842833
2347512877
1552377768
2412896533
2412265538
115381807
246194416
2488173589
121794348
276983621
212486711
534089391
255790964
1195605961
114135869
19457251
248150798
335755207
1520679841
955246118
419727377
1525342994
2304591342
56810175
213005894
78055132
2314162632
2381978556
366732723
2196546632
1661581082
123820537
2403109142
2396115079
1910406408
2392370960
2390714054
2364121093
772864608
278399131
2297931254
2154602977
2253711674
459119767
2292313879
237965789
18507199
2250176786
110607554
17005872
2272427982
542499998
2320725270
394716538
22513829
49588075
2277282078
402161503
2240596032
2257803444
92423454
2253047846
2239264070
407618346
2201466984
287197894
911817468
2177542869
1974014316
307749202
394081191
218772994
1073291095
1946118138
1914203942
1940590267
1893699344
1926360535
602950515
1910368844
17239550
1538122411
1721882948
1862952500
15561549
504795340
1734765584
1053500462
1091261906
1716730092
1286989962
1645413234
1310926742
1299018068
432032312
1676264846
1330789952
973749439
48255881
1573312921
935901114
1612885836
952905739
325776018
306246032
25722458
215566532
1538468658
570960766
819887034
1067984413
13584132
1485148038
1216488469
67065013
1497908150
292287025
16540199
1410330517
287121998
320185479
8698862
1456361473
293207694
43712572
424812472
1409259788
140697933
369368136
1427197938
1425021865
616398529
298454601
253462818
465334000
1407083395
263693586
1205683506
1399652720
141209597
340366048
165652191
704610666
716844175
447447940
1381414484
1380178483
1134538020
532710674
935728471
349033580
351326658
1013251016
296136488
327250223
384781785
498492787
1301334548
1330932156
539752768
431391193
104870969
1112648131
436422776
300447378
1318207866
1300088305
1296194510
182467873
101490396
361982408
964190941
1283342366
251972517
610505770
1267215589
44624171
361241445
636035152
1244583512
1238804090
425653801
1223664710
1215060703
1219724677
443672606
957254226
443075322
949141782
519095502
1150339939
68444246
327251008
1020792170
407043981
19693432
1168602571
736357046
1070975767
338809110
53325041
333738678
13138332
13800692
108638721
147457785
1051705644
1147526834
1025596326
288767595
320603601
1110293672
1101031790
587802114
141468229
1023574424
1131771296
1001388392
1129181892
1127438804
22654404
1123919868
825603150
29680345
553595874
612385091
981953912
845794338
1114171476
730238053
293899261
374114402
291726975
711471170
761527824
94248913
113127154
321862946
978333264
1036628143
1085464148
1096211348
294158942
1086672486
1075753226
994659986
1074204182
1008218456
1069959818
1071306007
168892463
1038656798
440591657
1060160911
879161563
971643726
92714121
486451272
1060951808
1060820785
130466407
137958606
1054515276
260097166
212418959
57528569
464668421
1037646086
1050387666
1047744367
828560052
270863497
868034516
167228807
987179965
1037361176
841532989
387510124
1019082824
312558756
1006610918
217767291
1033046767
335272233
1032008412
1029814056
1026769788
1028815700
1025582778
431545842
951781470
736098888
931573518
155451564
740871090
1017284654
588125918
1001655704
776522666
1013521303
1012893115
104459389
1011681264
997275313
84017477
120053165
984281022
779960868
967357328
1001011866
995473244
329937712
877637491
824494429
989190882
997743590
934044786
992892367
992608543
917128614
991212996
990800725
984507925
181929043
16281367
977615052
86042089
636630336
972209492
936217993
302134231
932699047
336436214
950970072
965771833
478545550
242589636
960495396
824690090
553816211
952246380
933929263
445972657
951396085
802531698
61264538
15350252
438244352
146715806
728598121
802651921
938231130
326158694
95273513
304426981
912174942
891296658
75286275
925619478
847274204
548631816
871364269
575318286
174143909
343799482
14065526
64919271
548197456
126366410
907881480
907696002
518777864
731458572
903442740
875160355
902105822
715924670
897604130
341383843
881805283
896835230
440622422
524154329
881751090
890301060
122410181
124995833
233501400
757333658
40741781
878614681
552483586
845653682
875093850
873829616
586581551
873310940
873050953
843583610
272825573
871719246
777615013
871250948
870017918
835468344
273474148
751093236
868190112
95530800
502909380
860793325
75499013
866209614
865515092
564291613
864688243
124214072
863389711
17774283
510162813
859965986
321839198
859734894
566533626
286684490
280833349
200496036
854902304
856525196
835796030
854706319
79167114
854428681
812542016
42034338
851598103
816747128
630139240
839913433
808762070
845974542
177641417
845985734
135841352
843823381
732217818
80544259
602015792
70454433
443654423
269785983
562052864
842818532
594684291
811311794
594533494
828635502
839798000
612598043
839202739
89238996
94730650
837314240
836893249
835964114
710168360
345445226
812938226
113451102
760064486
829059672
710329777
826784376
594931529
510242443
361124168
815904757
12101862
821934512
546962927
802150662
816822192
395331702
149035895
815255677
816678374
76872007
53019335
175165646
782467898
807841369
808172664
757080762
198892585
317052695
334849558
800751786
114768697
797929303
495675943
795979224
795938276
794275350
788862530
17752680
792000734
787307432
133707598
791040728
789418122
353607460
787365805
504753984
771356456
765314240
783192596
782527645
781940364
734849204
781434822
71982917
252659620
716907416
778352672
778261872
777917053
777759386
629197985
774348284
734038740
772879165
256118826
771978775
141348051
771350900
771208453
633899247
174491384
17091847
142942917
25911044
762051324
203838902
763436280
761310109
712053482
761247307
348586368
758828245
757731294
22113725
757038276
756869444
20652660
189187658
752575350
730161560
748701349
748730593
609968176
429926879
599504290
745203828
47587977
744798404
79895042
361151443
742796486
556159858
736824703
148382798
738035966
736860324
489605983
732621890
17385685
732268890
726611102
732910676
168412795
551640037
726313968
19363570
727644054
725823379
139419533
388815383
246880148
429225379
88739538
702550916
719409108
713078376
717346404
715970028
714528212
120077966
600954199
625997797
711842425
147428224
528066450
702620467
336603136
536012359
708786428
63514892
307811383
635845996
232889461
705393540
702922106
30269369
596517138
636851942
145605081
635470894
561366672
635186415
172711069
371704063
633676985
483607621
633634928
632775521
622839485
632616781
632646396
539831371
40659319
191330077
626283794
631539143
532720412
630897051
617047967
629306167
629192810
627698413
440111787
627326892
627141395
127423191
395545765
626230017
362769749
148332654
364718277
620218009
623870900
622792246
623501624
220600599
622611216
160488794
318286440
620864894
620885643
507125873
297477076
286004189
20659126
25201704
213754594
183974046
466396412
115887868
613429503
112215042
593520732
352846534
28967402
615016200
101413688
469055424
14117449
614337394
613634558
612365285
27662586
612843123
143076209
611460398
340896315
611565302
41352123
28824136
609883093
366500661
608300029
608018782
606563388
607106131
282066018
568142264
230368732
434557038
606152816
228278638
603403532
185708251
603698235
334587582
553160467
76932773
589676113
126299008
599107425
600016234
567541615
254793308
598588754
429068453
597247349
169450929
496367959
594416600
593882278
533871310
593474496
593398631
138089502
35681350
587475223
359158506
377891886
416105607
572099108
21087942
586053738
16345325
587195180
584950356
65214004
462266690
583545109
262586719
580693089
579862970
14792673
579859044
577715243
16965547
73725346
578021069
532779589
505562277
577033781
227943092
577015011
575117484
554952527
573345565
575172802
316357556
570701942
568016474
572018600
572869950
284463027
165622748
571630636
571383457
103773062
569129069
548956540
154435710
414041530
290014440
568936357
538285710
567721294
529860066
567953594
32353164
567222434
540015474
564002421
566010467
565549477
564462020
335124615
563400812
561892718
18141015
560438032
494328818
559276338
558761127
540729836
356701141
492074138
557664905
557663675
115813132
547103709
555814685
310983706
555549495
139025195
372748070
35616990
158583225
552217869
551981968
358237982
551300286
550774614
519448413
56429459
446184139
543185606
548371533
547340515
546904361
309125878
439322716
544417619
544122188
337852470
176114002
351603441
542719013
542681543
249988430
433442796
541361576
540764909
64964144
338880142
277573933
539560617
539389046
277114879
537853486
536656800
388299675
537060536
474756457
517849722
535297623
498753881
499074972
533217360
532418538
531947513
492904195
528687439
494034122
121722851
529245677
376085866
377197212
523871831
323284201
282514739
524360918
527288893
21290240
30818383
282393864
194432620
506114814
525019643
476102335
522273563
522135040
521952741
329475452
466483655
520946268
211131105
120634219
68119106
514240780
511628860
508219152
508830244
116119969
491831596
506014011
89489156
20818507
504497073
502512844
502006247
97736173
470955510
494853170
111995707
87732724
22341209
442651336
233358828
474899934
100921334
113101599
482779610
469415100
255369792
455720258
295220901
244419191
214662570
18809912
468810612
250594317
14073828
422401814
467166105
449710939
457288527
456676862
457399736
259233624
453869644
107310217
379775095
64009474
22271259
402261055
122552207
444478103
446905250
447870834
9493542
73269222
443120934
14192589
364249177
442338551
108330063
439077175
181890394
277020728
210068251
435024571
422616741
387507356
343501969
16632321
430635196
33826666
117321347
289772609
421762283
162950109
416530299
60696316
176812856
409091046
406824413
408594118
97334092
14920304
406871315
404085906
396094750
94608273
11664322
289285590
325644574
394837603
232952721
378530564
312286681
180259724
288303744
376461170
393394909
227466958
235117304
61118465
390665105
390674992
293506148
389135259
296609350
14214634
358741333
24306534
289897152
203938295
103839632
140838266
384426112
354677103
304457365
30824683
383053210
353606331
382905931
17809391
357146719
158042890
223377547
352226884
340552341
368292745
257036781
372564467
375974165
376030813
304234073
375521393
362018867
365901089
113755562
371593775
261251431
16270089
333836961
51581950
167991802
49383388
359025399
23617156
365299584
356040164
356740679
29837168
361651775
20479766
37723843
27990355
34193258
23321692
356464332
40350866
60906316
258916094
235467836
350980486
301572092
67578950
71508775
31226563
15103554
24857277
17056290
349079864
240421202
201600964
215034600
100469158
22248690
192023479
14083276
16854164
341926407
335332125
320753632
187668801
340527160
246157654
16528229
256271629
339797806
286376494
25728193
94229971
4937061
15191834
9699192
88961864
52568890
133967386
278838028
26600574
306388787
36073910
38549111
95161756
316289492
333294992
333958282
312384553
170039453
218767442
80384766
327543960
329076541
196647588
229558589
322394546
68313
174499543
326844186
325123790
269070975
224919158
196815748
322012171
289851280
311898771
317206502
27523651
24570198
294518357
46664359
15179353
43009213
284261219
18342649
18533403
310962560
19079401
150294763
310377400
188437749
118032272
7304322
11791032
35155595
305963652
298486958
258862982
261811075
291571500
16359612
31626997
98539269
988961
39739825
303798678
45921041
214172784
286737250
300765168
280912861
36608828
38895013
221719087
31081562
253221193
290376752
275391587
79775101
36927039
16828168
23327578
16562005
37036394
284943988
45326916
1088181
254101526
270867676
277324988
16518494
22299240
276976114
248580929
276776838
276228167
210855402
138372719
276214621
53681649
89387113
60891489
18292479
142533079
45035567
118554409
211717944
214754889
267808202
40282219
110927809
165769205
248770692
262822788
256221038
14949434
260601425
38136214
258676536
16099189
10021212
14568290
242733819
51552352
240990479
17194090
29813886
31334113
216120282
241532097
14802737
18039567
16092452
16568486
160932452
169801288
51957857
186813248
229525321
198986402
605643
19052570
131271639
25718274
79713608
60935270
28653731
92312888
5618162
152369572
182440170
121153235
10833892
166653118
187848571
88098105
59103901
17409817
84564863
177684752
16172327
9548232
99211591
174340450
137485444
85047114
173659212
168296412
119060904
70762056
24119516
15356047
114819429
154659640
148220408
22726202
155551270
76333569
21525846
33880118
125221808
95281747
16467027
79937079
151100368
55290296
39377814
11941672
118446361
17967153
14171606
14209015
14741188
123158040
107939119
87989291
15211300
113390411
132133629
14147613
127163397
18294973
68023261
38109868
21324258
30578218
22824210
44093781
23615900
37613811
38095387
111540861
112682264
83786466
111233680
55881988
44164399
40868243
99812795
26262013
93587473
14675205
31433420
36999090
16455137
83676464
90071033
102574203
6070
18801560
23853878
30958372
38742528
15884412
14350341
35269208
23323505
94302695
18029498
41609136
20836841
91149592
16249547
16809682
88993174
85883000
88088053
18333506
55548061
55179212
68841723
11274452
85046243
17513981
75994677
77552467
1317
9598212
78722569
26842884
76128414
74927113
18478452
70476164
49940466
5448822
62534155
26167199
46826301
23289215
20409391
62596253
71188033
20601578
43723135
53484020
19213996
20907235
18501320
16507307
73917543
46795945
35360849
26714431
70974238
19041958
7797072
27186968
15766348
43732870
45093347
62253763
49766665
61373033
38746498
58175533
52415848
17005504
52667615
49423767
50808095
15584776
47525369
41359992
26933878
54296762
52020354
16950743
41766903
46809703
17122755
18955907
49869328
40210227
34553080
40723336
47693351
26036991
31835879
45402692
15945457
9664972
35916178
42259072
13848942
33503801
32520787
37157391
18452605
23380890
18495854
15450020
12039032
27952447
21711622
33514989
32698223
24298524
25006516
17144004
27846213
11923332
22518425
19400283
23901967
15347337
15565558
18900371
1940581
16257434
15203028
13753612
18608439
21369815
15839938
24039155
21790584
22991614
21906739
22594092
14943183
21817757
18504867
21344241
20544405
20850940
15689625
17639021
2102351
17062689
15279943
17663756
18423433
18211063
17596014
16317059
17388732
16929393
18148759
18787798
18715066
17986657
857141
11149582
17142001
18533138
15221646
14187374
17902402
17746345
5720382
17432932
14402310
14307686
16195366
10997032
6809452
17574382
15521544
17181265
14819098
17525103
17367246
14493531
16739148
16135483
17473819
15067280
17400916
17233677
15199740
16874684
15169635
15983595
15039579
10351332
16473493
7713122
9701092
15294960
15537306
14251484
2516551
14228553
14708801
11353762
14511197
5970
5848362
11602652
14792943
11779392
14881584
15661864
14856281
15087737
13938522
15619354
14557525
7248652
11162812
6125082
34146995
57655857
32725780
32538235
1859643787
67973977
3358829464
3345758931
2174888832
387700215
16231168
752682698
2754402801
20986020
3248113795
3291429143
145318322
78917112
861902198
355697093
2467815066
1433803981
1443771547
3227622284
3308823471
3234669547
3303763684
3188262614
3088571446
274213788
1196702316
3178126622
3220011702
3288844876
167431613
2372172461
1611801242
2595104036
61417560
1071621300
3182907049
928233750
928613088
1717885176
2546584704
208138875
50731520
3139528148
184807592
2718287539
2766951446
3156659752
2600254212
3016824443
21157727
180523662
3021086851
2602561968
91667718
160948634
3002973958
2941277922
68327684
358334624
3017972423
2427458814
702147832
3078065992
2385372308
2240158945
23245625
25086747
3064631859
2361507260
3024133347
246344863
483600963
3016607322
3025984330
9548232
62953492
762133442
2355455424
355047125
2360732342
2813212754
179203547
74498948
2260815797
402630155
593978414
2924040747
2811663216
2535225101
2909675400
2890186259
2274042542
354075111
252300437
2866379579
1911068605
2285378768
2851281069
2542178352
2511213888
2511387914
541765579
24060313
38449898
298528169
170822291
614572577
383541403
2488747938
2566230798
408829130
2687787158
55243706
2799333908
1206394346
310237790
2457363719
2811843672
2771232363
2765181027
2573200086
377699635
2796279457
2738916260
130463822
201542180
1464766104
267628003
2429097374
357966529
322665361
34935432
2512746356
103622890
2562597548
2292990992
610557381
2348913997
334914754
620836868
170016558
2226491683
969292051
874372002
1579647342
1244597012
92600926
2227216950
1590204205
364302140
486270298
158129535
31587819
43337227
88316919
19711691
2461898430
356420874
17173722
2500209194
2299780695
2546658133
1960967976
1164040386
90947576
37550861
2517646015
485477421
2513883726
22371501
614453254
18893568
970076714
111247377
2503033223
1510469096
743190242
2474120222
107144066
33497588
1632670380
2290352962
2268404822
89816033
2432468281
334875630
2377066373
60992872
150456612
2415298160
2412205850
2411349230
843534613
142378997
2405302021
88986371
1604908225
32123458
2354965254
756214939
1657821480
2319117105
2180614339
2353808497
951625069
1429212780
278399131
486151919
34283063
431744926
133399826
2305669183
42084590
80933900
49890933
19695741
2352194772
51259191
2339438731
181324826
82937333
2294372734
2316951691
54254393
2225449470
177451241
1881149148
1104415608
17441822
459183086
2282589520
363404962
1579392678
1284950995
1367478169
1525342994
30217007
2276700180
1409524490
162288310
2166359270
205967437
172225637
122230007
1691527585
18485250
26485848
254719698
19258752
342863898
395477284
156375424
2200037529
2217905504
38549149
1887606948
1967210857
1849548510
1927527138
31515966
2176703581
1447041607
87021940
1061468390
17407148
1859256176
888027091
1912018110
1965925266
864730736
41409969
1963197853
933030206
210570730
22445637
179479178
1583890434
45155443
194311613
1449960744
1887494160
1628291720
1683356634
1291923032
106793317
526703563
1876766707
513483125
1549052653
282841542
378761087
307492340
1679193668
213780199
1797760789
549476819
1758561763
248215830
1726756622
607306639
19031473
397666841
516734016
289231447
36666496
63058314
161737754
47468865
475502246
1647346794
150800311
41226202
342886228
122152919
259075283
388733788
170456185
1659407996
548538335
1654479000
174273450
28507954
1550583240
709593277
153544563
33239810
21533259
1259607091
109649121
21906739
1401342450
901776295
491622047
188941422
1494412664
58513540
1152133878
67343394
28162470
236876220
54291397
1411623368
391700646
1485580345
1529824502
130504967
218498507
23469820
1119851766
166027015
292459041
1056563545
820333808
774251629
971302722
70128071
411764615
719044304
141872406
1080643448
84163457
1482947851
54259228
153551571
42654378
223678784
287251331
901348998
242471818
72636999
1433702456
1395955328
506041202
1428697722
142016406
71086781
1425756096
50029602
1226648138
872203081
1397245477
142461726
389304037
1403580110
18294973
1402225728
586943146
1164363750
145188248
1152302712
992556038
1140703718
367447076
608456386
261345741
14557481
1372347330
30853206
1357901635
19031236
1364201978
701685342
241771222
293826481
278217777
19492594
19491410
1302601393
932233490
1216433400
48352949
511178999
829551043
91926738
1352764082
563944385
1135166275
36403306
1210580444
445690775
449676672
1107888008
561042522
21134127
1342182318
50950065
260361653
216360992
516395132
114559945
1199189232
119083950
1250420137
1235477414
141209597
234504751
15824545
17997888
69802243
198284120
19231440
1208354414
974754584
1278299024
388926718
1176728882
15863849
17123836
469576585
140898988
1269473726
435081417
270026922
145771805
1162633598
313375223
125103088
325793442
526001751
91727282
869662848
897636840
87340865
388051669
18332836
106473225
1247604523
232633093
418832863
109472711
361862068
599138041
343064111
1158855446
1141356954
1154812746
25547265
18342649
21517085
53075519
323010850
717932004
558171579
100754102
1142712872
192228731
359074742
228701385
1086700950
1237344379
121601973
225612498
393450245
77492220
59769138
38997321
1105414482
506853193
38836149
730517150
23394691
430503143
1170792781
30668930
458639629
74197148
1079302104
1109126851
372033587
407043981
474432749
601469119
161876451
860947418
282741996
47285385
317890838
1134955094
1103323830
1131608719
431391193
271019680
475846181
915254270
962665298
1093747986
389731084
413443100
551564360
1109178072
604642603
148357391
355888846
1103542712
610423137
583408217
39206264
278646626
118828764
326569138
322454162
534231823
516956311
1061879132
109435132
24684882
1049438275
57818797
23170454
462088271
61358466
604915131
858591565
594436165
591984618
1055101356
212418959
1050993865
794904571
44725618
64207926
25375670
963499412
254735321
1039464631
787811900
299147383
237912818
496295320
17500180
439397116
16172327
1013251016
220474533
265076691
516867082
487645475
66621948
291698254
323684718
357733433
67044683
136666127
1010296255
273421972
28740745
566850834
377497721
37899134
34710922
986084462
326144014
585309709
317730599
852961748
102754776
993568519
991034966
503398472
280606793
15802868
141368823
917128614
20290668
311190853
81819196
962472494
964619389
966211555
361802879
958681183
179937224
148825145
494554303
42006497
18487429
944853494
480050626
585401999
921510110
363803832
543669943
935119632
746299142
326158694
221387772
582391162
17470501
255086852
539057653
622967871
23100231
16473460
904229076
25582154
858408488
41805357
900404894
353529688
275665495
546181740
440622422
578735702
883997976
19288077
40389191
20786398
814659386
849807032
868890049
12127792
564291613
864485894
828530714
22866395
253231747
53787571
19325534
634664594
194500461
71785045
15726812
815559248
33663458
838538832
824442050
455246536
42203289
83839208
30925396
825435277
100873670
30933234
47318884
514695612
497642036
312437876
430597160
95488842
101648882
596228755
77296878
788215135
388892606
14551068
347534564
508255209
705371137
528251762
441843784
31189478
24929739
31496554
556913787
389236377
312117395
474021761
586257477
115085266
19363570
241208166
343492196
21097076
578792020
19078059
713078376
361238217
528066450
625997797
403016538
61266942
293696092
635845996
182386473
603037841
31132826
97554022
352982356
120910246
169265972
577426099
602894271
29778934
540906361
53363962
627792618
497205700
395545765
141998772
21107471
615395511
611411742
446350847
123965046
606863978
277282237
593908043
57734032
156381296
334849558
596860116
369234304
603698235
202250384
192335189
23550820
429068453
580205619
384514229
593040495
521264284
221875690
307314494
14809630
21957933
539338456
483520951
339006089
292848922
114132673
430976274
76438418
574538075
31555585
573370445
571688411
571831996
560713993
564341665
270929020
224353014
27512568
23027319
243020544
550363202
414041530
551636195
538570335
542325858
73742592
425219309
535962518
41300171
188437749
449430489
536201922
78193434
303881295
561367803
402206062
17428471
559223740
410325881
115813132
316357556
554866544
553643221
371375428
551484359
54264281
470416337
523477901
288477341
547786512
14801379
358977654
446737549
546050178
412381421
98962443
370601551
168783827
540376716
537760950
479447652
338880142
513331481
49261933
415619302
537412130
75281099
105507225
100620126
32146628
18057077
36131454
312348343
256092411
20802228
506329882
523773298
291233716
523297927
522356263
73160669
454350648
47202043
294899034
21987563
501451797
510394988
17726018
440617031
511305010
513870894
343150136
53596226
499189492
489232752
388328034
17469469
46733667
78696900
498027639
489188730
37443932
452484544
86860912
402850690
374082977
492701322
16605116
451126644
430000921
467719563
19587485
480900635
57609071
148967380
16895021
42639947
310858367
209220358
293237758
431686334
363112348
441041430
25345410
71437320
13099182
376501263
11579212
425921194
455621282
461823288
466182343
422914527
463091866
273209461
198267747
450602346
342691651
455157809
269940521
288408661
354471365
19009318
243524463
104548534
23205414
377257201
42923372
394615079
411387292
447757682
50069968
217583784
428305914
45604304
419532297
435548217
414879631
37766372
330354472
33730103
430816881
357146719
417014102
202283280
313450241
407420111
22299240
386719522
158041798
425825630
261087705
279254271
388094075
417444205
335459199
271604751
156104594
243503973
398204904
145119688
405427079
405428595
408634310
408184735
221078904
340552341
48819973
407091028
259505160
193515866
21061509
211717944
394837603
130227647
277135559
296899747
397711246
371667497
39924484
214172784
289385640
106539595
377107353
34913959
50758859
332887574
392639709
392422087
390613123
105088727
72239171
343598276
213735307
385281980
84617554
36303719
214675085
116308379
376337623
30824683
212248311
325644574
382297350
349747243
158042890
380963304
380573570
125751876
378644318
356028911
203222781
178027913
291513592
376338236
109164425
376140670
342673648
279334446
284422093
290085437
110739746
29507456
297390716
288303744
232907869
86818387
359025399
366904145
366716989
225943330
356452862
215757528
363496496
347381253
362038122
361579374
182180763
28360280
281034082
359782925
34907381
341405379
15661156
357804930
349004298
24406418
303555854
129030291
274115809
355248491
185610580
103821657
165826987
25178603
123098079
266368943
352753200
71508775
348169124
67578950
39783463
213704651
350407177
26965342
334674096
102083458
74155174
348841806
302784503
55629146
234400837
330240871
243658875
16949344
285670262
308599681
346623894
17811145
159099962
344288237
344105777
24428349
14083276
257627884
320305276
337236709
342317525
342153732
335018588
201912811
323446173
38963208
331197710
332142916
337175713
43037009
83919070
27633606
46664359
289897152
81506172
14787945
230205206
304510616
310165532
158202884
153312328
33191202
189659678
178900868
308622598
324090597
324419361
303991965
170066326
14084113
186338394
322247812
322012171
281571200
90991438
273390612
246273458
10247322
306388787
258605206
28440647
311898771
310246115
204072648
288021202
292755490
304669166
273024048
308711265
311274417
48487870
18151975
109153262
306900771
27680898
288606261
56473163
142718549
134930804
261578918
67162166
200504290
296609350
45921041
253591270
296311263
14807541
38895286
38895013
33785747
285450957
31081562
59722579
288924879
35068371
36658966
147958471
59370946
257176630
279150714
223307067
34830838
131320213
283154275
43932174
148478984
212308602
279625833
270708964
276976114
168696336
276228167
235343585
55532513
217901772
199863146
267505458
214754889
112351430
273906192
249746495
25937045
256645553
109003244
273319314
142533079
18998656
126079935
266099403
79859676
174233165
234271918
17782359
193076399
20100548
267848480
78495571
158548245
182808036
153752160
242587798
100617759
172396788
239207035
233358828
85631584
40282219
178076494
28656261
11637332
253182097
193573806
194624921
256644470
92839443
163456116
17781853
35022109
14957136
256579578
133710837
16677327
104906508
28704177
253417646
114102708
207660820
184113597
236637585
67162317
43422872
119043314
223515146
82869378
249963528
115520141
239141900
241292238
17942646
43292057
247567080
25776543
19043540
245383012
29087465
245775575
235139541
35038857
32353164
18355938
31707262
239265335
161089507
126697440
64167723
239051827
27359972
218750793
239166642
15839938
234438385
216120282
65570828
12724052
191095714
95438185
27245690
42383845
127986571
131250021
72883569
14524244
86376598
208166401
160932452
221628134
126051169
51581950
179063585
231114509
65415879
26703873
44367040
229339187
218734547
118395842
37271670
92073417
218593761
144092570
223960499
221635292
105419424
70300065
224609845
224769747
166584208
207618909
18452605
22654404
223507500
199571964
123263650
221397936
125256648
78046239
37219294
51948936
165178659
18690831
207652345
14585998
151041862
180887017
188661137
18411867
203793664
25718274
191590769
193444806
16138076
195552207
44582108
129894595
18347010
164942804
160731284
139773056
197901148
135937381
144873332
17822556
190684722
138516543
190827692
177812424
123865715
17181265
91761481
191899686
182440170
70454433
18847333
75718169
34136248
152369572
146590429
175703521
92542951
166653118
186578824
62584525
16816510
87670509
166875213
183013081
89802173
161007666
105874843
132561146
91302449
91030600
26380006
97534348
50306155
29452005
131695862
152499443
179557762
23346601
177684752
78729474
83893974
37036394
22808957
10329052
66740869
176948682
720053
79260178
17203437
22671716
64257770
157813580
59103901
161724228
159226087
89389402
19456741
22518425
15829687
25728193
158489102
53071611
32062804
122384112
61205720
91107861
147611900
159865971
160962446
66354293
157164141
154819385
107265181
135436759
159185391
151256988
22063766
151951839
158516875
130559071
127875820
142064909
128884885
76333569
143406517
146343160
152709271
64802184
52194058
151100368
150907578
21624971
137240978
32135024
20930505
27365712
18834912
141728587
55290296
122463294
66960457
30290480
60815779
141949442
79344520
108391366
97546960
749113
43098234
38262728
14125515
55429745
86067220
5781742
91923415
19329324
136211557
135696952
17736433
36890388
44212108
68135928
110848099
19395187
47328889
16257802
128750448
117791931
120328950
107536234
56694282
56771443
20102364
71691476
14212033
115741574
37315985
124897489
35849263
15551812
21817757
91511323
102714187
109263925
95967455
39377814
26800616
121493153
63552808
123752072
55515378
46536049
43865033
44924354
117789835
20478383
72994000
96922286
26663933
24414384
54926726
121387477
14300009
119097749
119116841
119292288
119206078
105019054
117921656
83676464
111072713
111075965
108638625
86847723
19715037
15273466
112682264
16044960
29820352
97285186
14702144
19428466
113643881
91156451
95531683
61612804
94470946
108968092
111334166
92834565
110142875
110153664
18821994
20644529
37723843
17973597
106792900
103040620
44164399
107909579
107801454
98546372
107252854
103058867
103057708
103044268
103043484
103042107
99742444
103041614
103041114
103039345
103023746
103023317
103022812
103022269
14589866
103021562
103021016
103020162
63736058
15117424
96885229
14675205
20822567
93109918
93758759
16455137
101233761
98425938
20783173
79202676
39354563
101542813
101487514
101114360
100373061
31043695
67557808
18626424
98191652
36584032
38983615
94776110
25199005
30920593
95068986
34553080
93349152
72659037
18304807
26858911
90461358
26057956
87871516
15498461
14755273
85865636
31557043
74741590
21838233
24232840
90801295
16965547
89506254
63091990
38742528
73245508
85883000
13299612
41925702
89009519
89028313
14128901
43492609
18501320
18333506
29733083
18262104
14446439
18692858
87217333
81881763
36162240
17426156
21196337
29440920
15795337
28185145
13403302
74757499
83948632
16894084
80081286
20312043
19773
22195529
18537956
58638496
15831093
81837565
15616834
19406070
77314206
62645568
18594079
80575295
37490045
78636197
72292718
79280067
15030321
14912184
14927888
59075987
17573788
78285828
14638528
78132178
15808765
49689297
47296658
37144691
77279546
20801977
71359943
33715192
76985463
49403668
76822313
76908950
54039940
76805692
76508832
19533064
76478532
65081730
76394918
47018037
19937493
61357190
74861019
71724529
42661295
69193559
28108502
14088656
25528906
65548665
56636541
17936149
56428670
61118465
71880512
28009658
71617056
70976782
62591486
30329476
38871505
70216146
34993850
16532994
18495854
63075648
16319174
12071362
67207937
24939826
67766033
53463893
68303461
68207104
21425995
66700885
21402214
58535081
65390817
65389802
22290987
17517738
60725789
21424130
17675543
22375390
61176124
17551777
11920992
63531649
63533499
63540017
24226681
62889240
16796899
18461115
52503292
52491979
56220683
59610176
28443212
4083781
25112718
57732867
57096889
61648813
41643844
45659360
49864683
57022310
34366238
43578637
52285504
1317
58791339
23453489
38458001
42708936
55266192
58604228
40091206
46072175
25356215
41204074
17123884
49084945
57555505
25240071
41539646
36144714
55648286
27497077
24229625
27922157
54293534
28774235
46743975
52165737
39730749
16022791
16828168
33581535
14412131
31232057
19615034
46431931
55795060
18504867
11946042
55883094
50808095
31946165
54052039
45157310
32463503
28739957
17707182
20294648
53084114
19163503
50402592
20025850
27035373
25679272
52567604
35758171
19470121
14912783
20159122
33549725
26334024
49992096
19041958
17362970
52106931
15584776
23119671
52981813
19251967
40243267
18904967
19120787
25086351
16116044
14925532
18084746
44944470
51981795
39731064
19890268
33896079
24828537
40917111
51222886
24914600
22994470
19596228
49874136
50167783
17653789
29257030
49972461
33192608
20114690
42685444
15792511
43349370
43040154
43073617
37594235
47683473
30058719
22936237
18083983
15050972
17304614
46254126
14417996
18029069
20986258
18478452
48387478
17885796
31201857
23862487
47355663
16779779
18244332
14950156
9749282
39850054
19146182
29965800
16050032
40940279
11274452
15677902
40052418
16223177
45969471
25509705
33135951
47466560
47123668
19174011
36950900
35104088
16965547
2950872085
3379112289
2805520382
285028993
2427195062
63310830
53501303
1169487703
3120034895
977266597
3224794401
625518682
283163980
62088977
555577739
3289105505
67973977
3064539789
2895908245
291867219
19715037
918451
47865477
1264000506
2352136974
15474345
3215841407
330743859
1068958044
261874176
3357073006
3331318251
2464019131
3067743293
618122382
3119927394
3341508545
35731120
18761584
193795994
1664908297
245078960
1954395037
3307167598
2385780487
1353398378
2402060234
3063812035
355697093
3330355421
1003031816
1950071990
2485741974
3243599317
208138875
1957952384
1957981045
310827413
1667645604
15254823
1330257985
482474633
402635523
2524084725
30425948
3062762482
2541592773
523091335
3240496914
43730427
2459990688
2387540659
3308823471
89396087
22393120
2516824286
1412951714
2578264314
2514840416
3233325920
14992874
3230489600
438973536
192519796
274213788
2450196578
23176566
45873276
355449490
6176772
1289795965
1196702316
330509973
3094703328
1884529722
3288844876
42171965
10971102
9750012
198483889
56355887
34554431
307753350
3196982396
3258291838
1018256575
117435341
292544829
2383987016
211132873
3248458473
285177964
2227569486
136401228
2825496060
382508590
21170191
142286274
987390637
3069886005
3223752921
19713521
2658249530
1425549229
210522936
401477406
37197019
281832382
29617428
2860463881
42063881
18622238
1553382193
3071339020
3138550698
3229273828
3147396616
3180023562
590044847
211990770
108658331
134996327
2801197121
2422744760
2422127778
719202408
162862453
494253623
3054780337
26451615
29130296
628810838
3069408364
3178347768
1878987517
731460295
2887066835
551315073
27895922
829612988
16844386
16231168
69661177
3056030230
28343947
26723514
1657821480
2434494617
3010965342
19215047
2415082230
309410257
52972078
1291685929
1255516548
2767006909
3094423768
2906905913
1252940360
3094741463
3094252936
2751082377
1902582632
365662159
985228122
245903424
3075049164
1935397638
3153273592
285344995
20636271
116241582
3115989051
3100008846
2458541456
2736427910
78917112
2975172544
3114450967
2518953510
474245721
2189476032
42432520
408199414
91824178
3122455498
64266590
1386850573
2806294440
2528448872
2996353156
110257168
155202983
23321692
3071696583
3075409593
2982934385
95744503
33497588
3093739844
243246150
243782308
221270559
243237533
3088659786
33323675
2431398284
3091592565
2427458814
3090419415
3076126651
2895639172
104022780
369265260
15024586
390380539
710278115
2872266332
412381421
7494482
3061629145
3069211563
25086747
787759057
3023521465
3052932113
1333637995
259446226
22431584
817787228
485615887
2375879882
2900092615
2240158945
2768051123
40233233
1357259774
17068286
2402568709
2284063010
323417348
7145552
2992068542
3019177368
616275307
483600963
3016210308
1449022302
449290009
283247473
2395494492
1097622314
1074689334
2878036462
2383882640
2958936103
1898828959
1384083372
103604967
2242677115
23338070
2996266663
1948020342
475927697
2994328334
2969629899
2936024752
55696751
301866677
2753925119
616573748
1948194931
40720843
147759695
2492974551
1454076122
2910037213
1474604790
95676498
2973854373
1183562046
2360732342
2970652631
2966854221
97538560
73139881
2804032454
2940720859
2809497047
39472247
1175685679
957653683
18535117
2806640922
56385868
124023833
458375698
20632074
2883779212
972126632
402630155
1368088374
266721806
15081182
27942284
2936188368
31062727
2927206883
17639514
2907697811
2931896376
2377648369
58567034
2927132269
2917012342
14052200
998017350
438205785
362782407
458820172
2273761375
1355513576
7475842
41903663
1376244558
2158805279
2862368920
913284116
2182419998
72395797
29479755
1510545548
33526913
41691498
1193947381
1213646317
31488398
2760358537
2910813847
2891898189
2909581644
19679561
500370398
476549059
2881001499
19252216
300870376
2904464372
627837734
1688911177
2418028926
402116225
295754642
78115180
2890453388
391721895
2880720636
76387216
783440136
2449944637
26673044
81605980
143198340
2829987785
2843851829
2896751143
229406371
25166196
1699584985
260479987
33581535
476254319
1609392846
15716673
72016798
2289648974
7231972
2153492851
3198111
1389446222
2176644637
504018069
71687314
2718179457
16201819
1392188575
294516034
43768671
2885647837
53389753
344749790
20591919
752874133
2857893996
38449898
11905332
24153702
2251005378
7914832
726368071
171020169
1598565476
2345288934
2857037358
407888628
2834722055
61609799
2832925105
2858591088
243186793
2830268404
2855069341
25032000
1829870216
2757209663
2836338315
2835423496
563906485
340098330
90434809
311853206
2827936204
1737270308
75690578
26992052
141124633
223371120
9614922
1055593891
2855803406
2156948089
57421330
2838138170
266230724
2395531219
2241486025
2168904518
15327070
1403527058
103119389
81701485
56418465
315955228
1661456132
1129331450
1397458430
53703132
770200
2517144007
2185506198
144143894
26611276
2151198812
1733751608
2397816982
487072407
2327644962
2778624512
244317963
314851680
2707214130
18169340
2715773814
2794198467
2216180100
1120799718
373414248
1443780102
2773504340
2762517896
2282579598
2488747938
2830467949
2799333908
456179550
495163649
1681886809
2751141833
14477669
2727621612
2588745481
280852149
1212875473
2336356040
2767965178
2570578554
144434229
186412128
2753953524
496259079
2412260047
2793059005
1469923478
163878122
2791206722
2580421300
2230732400
2786685816
2785312566
18475187
2353509086
52592757
2776789764
18261163
240392093
2513604930
1426378338
2765610024
14192558
241679144
244005701
1726142558
2581994107
52936242
1247248382
224016566
562908240
2726973888
2711831034
1075732382
2378787428
2712057024
557224795
288734508
565715071
1273447320
2313767413
19968768
868637460
2616153680
942493040
837788906
2405336498
1618402586
1307167932
317363705
73134697
1160929572
137371729
1056563545
225620696
518659048
2676480716
2676199950
2458737754
1755970135
1356973021
500849311
264962685
2545989182
2665230896
87801083
2285326620
14779187
563396265
221388541
2605519682
2426081564
2174888832
69343565
2589388536
536725407
14519349
60664372
976975255
238734699
969292051
2162138299
2601185683
2470247336
1641306318
1226648138
1362983546
14776420
2356244840
159955958
2230977210
3189061
2260150651
34941462
2630178815
1430457751
2301737107
1715272496
1924891897
2585271294
2628728763
414035199
1640992040
2582145265
2558079356
404785994
29342023
286004189
2579194068
1294768357
139908900
32316055
448002010
2546493361
873592850
253021980
2374781030
328296044
36261593
2547474949
236383279
2370283307
1572825480
464719464
390283225
40077017
208904308
28585176
187245132
2370063042
205904311
894177158
33519312
584072687
69711802
2435103301
264521143
1286372438
518601549
414751406
261345741
22503013
1891389696
30521956
370403691
58105756
941472576
2542679850
17885796
582170599
2536048609
454959072
74549018
2268703898
585413236
24848058
2228521386
2523106542
2331958237
2423563303
125322205
1453238612
70910601
485007046
860774995
365626248
2514118069
2510854326
120650449
1059408968
619071333
364525597
608456386
2481812281
111412750
14563449
2477298109
145230209
497992643
10294872
1433962327
2319966217
35451536
116678060
881413040
14430086
2481983263
18594079
573873973
2478804961
2485243130
822719749
2381151769
68458815
445828956
2480200452
2456288524
425219309
295710225
88587904
2216704520
2475745686
17723643
1339646623
2183065733
65250807
36828583
425863909
2350451402
1673526829
855271868
15412070
378958331
262022795
2475427921
258370495
197928874
485051625
1881149148
17536486
1045714110
1658929580
278890834
1360299343
27967155
2471627550
25463854
703653631
15780126
2468561227
1620568370
470737361
1704461478
233732069
834565657
1314055831
15867452
217218152
78689724
2522309123
1172847529
614453254
308779736
46476526
995361738
2327752236
1433222964
57253622
820056841
161438507
445013233
802310340
2264393190
215513890
2268404822
1299233227
472865580
2298550866
1549705375
179057248
896123442
2239888962
982205412
1589156977
38226816
613102629
355581570
1029121778
1561826977
1554058454
22242641
2465523227
227761329
1693845151
2427918385
2351144467
60571975
47753705
713409854
87114054
89816033
22411342
1421611268
458817315
1348298540
23471210
1503705912
381125140
181315792
389110001
2418383227
20778207
23789628
1164293858
1679213185
1424621288
195167635
16632227
12432262
277746393
743190242
2463527250
350149915
1337424949
240054462
849043386
70976782
1329952471
97373624
2463579385
14435376
11851832
2460271146
64710379
1228478816
61639653
1244835091
17607690
23124765
787866260
279201006
1638335479
188531871
743082523
263021258
1559233669
973000963
51103443
1965550140
2209855711
46669002
2451479641
314011033
1888138668
287972993
216764390
2373343099
24264759
1280045173
2444667734
73677887
2445599304
44773967
19246321
162611402
16392208
271109829
2441779514
21279340
251848509
1954293848
264346137
417458391
2439798559
17485864
71441452
2268672444
2437404733
1633417134
2437034408
2437269576
2157857058
1033292988
14755273
2218014242
2436482892
2437265936
2227216950
1441414658
861524137
2435309294
263543552
2431190262
2430851546
1860524473
442217850
2428527722
2428157408
1329363529
150456612
2426447485
263473031
1563149796
2423095748
24136204
587076614
1562931776
2418154519
335485484
2370619087
2400540306
271891958
1635861576
165622748
278147944
714834253
2322919706
1702171772
2226055028
43706571
1604908225
1494760082
34296157
24374097
80917007
23800448
823126002
2281962137
167180768
2194588784
38931262
1180092660
2340874159
534499692
17342932
2230238492
837301315
136746038
2263743246
800905848
145305040
481230365
2163531972
245520753
30665971
342297980
2378982457
127161666
2231904875
1280104687
522325755
278399131
312475653
1339357320
105507225
2284761092
462998831
33057154
916837015
40009007
115817742
2298252151
15110681
249515870
288353173
454540814
1320391638
248925191
93950513
118637146
432780043
21187896
348482702
159146565
603724114
192228731
518561938
270017153
34283063
2352431220
272148725
153498385
1092624332
59470807
1730164044
39580517
12511062
188700861
590548191
2335810684
2333797105
70570639
2330708538
23100231
1975704074
2319296630
39364251
42034338
41911012
40478316
13427262
1550583240
483111244
2285352378
961378844
179953905
58523390
340957066
1968807138
434601642
356967872
1978912357
23641069
17086594
42152822
1525342994
2233914792
1649381286
2152405909
600491605
126043281
2238401340
19258752
353656571
1004927923
31557043
1852564206
17479299
17848544
21421552
1473591811
178833863
1691178578
307921721
38549149
1297731421
316166123
24360546
1945690914
47964602
1952526709
1849548510
1927527138
18244912
2196330626
2170844819
1950460128
287592893
1974524730
161025692
338203703
18031980
427983925
2178308900
1959813620
30831051
897863622
467269975
1883776068
60805828
552981815
2165372642
320434896
485035245
933951264
1975327459
337357518
588605835
14557481
637061870
16163247
20981716
20985082
2168436396
1912018110
2151927275
194311613
1747262966
588578811
454491011
29437253
194952177
378185186
85894717
612774881
1976335105
604885149
1976198461
18660401
454495735
1344447559
1924420868
1945635152
1092056035
1963216471
58752116
12149902
456035111
276144855
1247898589
18194708
618367176
1264633471
1893516338
104431997
1430260807
715121072
363296931
82744233
1070229222
103013717
23115635
6864312
564660947
1922170466
42886287
1736905050
1129200013
1945551110
1721819947
551344670
397666841
1922114624
1853195714
1934284352
45155443
20210947
1893712502
101757273
265234335
601067012
1131608719
205599098
307492340
1662485388
282841542
1373506934
1413138944
1368561
919757154
1856345874
1069836566
511178999
254719698
479506250
467924781
568972372
35408161
1323379315
1633476157
1549052653
268353392
393853795
545363950
606003280
1152302712
569302640
21256534
1735182950
206226881
1236084871
1258460432
478610727
1735602972
230634468
20414217
1701108116
394023839
4212491
562901254
1638629448
17537826
204863753
1170802500
44263589
482345012
237791769
11206812
1694488710
46748778
446927365
35304762
141972844
1364201978
244746802
253230739
308660195
1499438630
427843313
1676262756
65594160
439174793
1463340067
356759758
1632948318
84699037
754457065
36405468
141806761
1673208998
904157168
1665647084
1672964490
248215830
1670672054
524993580
38814672
353660923
1372002505
22654404
78193434
1654769095
1573873243
33300663
212323439
1137376580
363950431
1428682633
81657956
884617771
547107060
517876220
294090259
466857374
111060290
131216624
13284722
69705829
542796255
15971685
494314008
1126951250
35523948
1415892492
1511895116
21165933
555362065
1122725677
252965726
604727780
113946795
1528739143
1090488925
75008473
517860601
18220307
107268370
1577338633
1494412664
21906739
1586000461
72636999
1411623368
1568791152
442042625
67343394
1458648812
43406353
1395150032
33729527
952396064
44189429
1104674556
1459884818
420220572
946195285
26551275
49115368
54232191
936108444
452758720
874219730
390218199
20791294
1155107197
24290348
276365279
1493718426
971302722
240026073
1375983937
144692356
1271338237
52748311
141924030
177451241
1482947851
1466090952
716559793
501355023
1216433400
27305301
1080643448
1250108976
40741781
1449960744
610802961
116947511
17027836
985166887
820333808
385567169
60443074
935851962
458010461
1439526217
179368533
1436415289
1397956982
974754584
1405312771
1164363750
1147088798
19539314
522129036
344874114
1398749400
285279007
389230537
110479104
526001751
1397681952
141209597
563560047
142058697
1357901635
291252989
1387517730
1387568120
534125583
33552794
1385038267
1382317939
293826481
309713312
1412821
260382558
932233490
1061516636
22143145
1131848480
710009923
37841232
541788754
717932004
1184515002
347971705
891821234
17553797
609458110
974257009
39579979
1109126851
189076762
42239302
114559945
701326392
304452265
119083950
117462830
47433601
1269473726
605147773
39918744
298138833
1176728882
79799117
939997837
17159111
323010850
219197441
50257291
39567136
317890838
156338282
403016538
558171579
1278325087
194665286
597654042
235826207
949150754
1170792781
114784636
200504290
1174163198
1162633598
1148246575
363173982
1258523730
72025856
232633093
11637332
787737762
1149478142
1263050678
1141356954
15418296
1142712872
63058314
1257385986
829551043
1138405094
228701385
593771357
113383320
6213042
718774549
36008073
1240333158
376065424
542824643
999115842
1086700950
32545280
9158962
22302160
16787430
368564120
519095502
333621266
35626151
849807032
1169038074
479115857
1168532864
82596331
1148772414
345898940
617507095
1455001
407043981
14089884
1135675304
1151442798
566850834
123965046
358085025
1143348578
103115629
598776348
42711524
1134975199
294939300
565134912
212418959
29764352
222150351
755811787
431391193
70128071
91156451
610423137
115085266
168094459
135136448
366582192
1109178072
72667522
456677750
217779019
42573014
41616910
284672748
1090049442
23170454
1094859715
761585606
1009691828
150921168
454969186
241208166
1080634057
117318947
972763976
271019680
230083568
544312504
51919535
36552960
1008218456
16420035
475502246
11142492
1066062014
128934603
836833110
140825819
317501231
1041923582
118828764
64207926
19459462
392639709
9924832
1053953744
291842122
546956617
25375670
408599953
265076691
273421972
1044555991
995655854
785438834
37719072
314097911
86035898
515826653
269805989
1037437579
52571138
41071430
21466801
27905563
516867082
487645475
499423390
627792618
44725618
1008990751
956697313
17469469
34710922
159671942
1017746514
14285647
757048520
96994334
302892268
32062804
879161563
17229023
17750110
291698254
14805867
112753431
15995331
31271589
465994799
12831902
619674124
102754776
67551596
89288276
25890646
19181549
80826395
77296878
226760865
400379047
280606793
22994470
253712291
986358193
392737670
976660214
402713035
68772958
38827646
50089390
304137551
865489062
15726812
484210166
946793996
15428926
49086977
16518494
250289767
933702774
861090636
16751483
923211204
942744336
155558014
92276218
344624407
326158694
57948087
96495126
538493906
229997956
582391162
235343585
15344730
920282155
78274965
229346198
26416733
705931296
59423714
25582154
468954392
89601383
455246536
890093916
138663266
440622422
113709028
874421773
95488842
57775790
747071058
495177110
33433257
176388381
868890049
29081485
704510671
794334751
83337444
104185491
377497721
29778934
816858715
264567502
564291613
79518541
15316932
856083649
66195077
81467648
817943730
850407583
825940004
119775003
333016834
273896201
19172936
842240233
792510822
365570769
24133736
73284188
41031035
21395205
62177857
498387214
63626312
562787769
253069743
704735371
583408217
529514392
443654423
479198472
201311445
349249418
63736058
807841369
50689399
596228755
777979249
314050720
522316693
618320095
279185178
740580217
80610132
270457773
38672141
784908302
740977789
151553126
35268418
347534564
191599146
227213216
781434822
716907416
705371137
222314836
761414256
227284739
343492196
175550343
347849788
216204145
151671828
760524486
79633524
761415841
91258766
760348926
760034112
524997168
66373370
393101179
591260460
436969570
263195659
187093803
82800154
22319937
721375975
445585333
589603294
21266418
19363570
55275894
92839443
29156433
717688652
260797948
578792020
20465828
616596847
528066450
602531907
504778384
419727377
635845996
564748792
40965240
625997797
309134558
194500461
346151348
252462480
102143400
42891044
613782317
113697077
36770107
97554022
628510035
137687410
627612063
292848922
39241394
31889311
170016558
11279582
601969492
32450625
14871377
91017612
606335065
606863978
32353164
490760221
45659198
56473163
65500203
311694988
372318541
334849558
600173648
26638858
599343078
403435008
581004064
39668318
594436165
384542197
604536611
603698235
579892678
88776568
410045942
27662586
18485250
35849263
569334243
40354506
569250780
596320404
513459116
23148608
48188966
290086124
308995701
68083448
48384751
18062260
195126949
429068453
243444676
74197148
554495799
133545597
88569164
76359975
6094772
18746559
15678891
22248690
10716072
589941775
76752133
35140691
437770266
587697146
330262824
109394607
14809630
18027434
521264284
536348726
196778759
1108891
447442475
95531683
263516548
19888737
237973557
483520951
382970039
17749086
23469820
581946351
24920763
37217692
362182335
39170683
14789270
63749845
82561230
18292479
162311169
23798980
10348402
50338182
564571490
59886139
18790746
34457783
15607632
37366095
36126602
34947826
55394837
244184972
191590769
430976274
37219294
232846225
15083763
61650284
17103302
576535402
239051827
476514192
36595806
574538075
140472582
571688411
97501124
19800806
34678227
66621948
40116996
86142492
15211300
395415761
16207459
126680599
480787849
113130513
390309275
414041530
301176468
31597330
43195101
551636195
263595467
395545765
217319143
33685505
37591423
14551068
186786595
565552065
65570828
10232022
564677128
564626642
456996319
23675602
27456292
564610195
219841013
564697767
561220973
343100840
22879300
26253479
155960855
200945526
104044363
112626675
18495854
10021212
471143047
41810777
217116047
199512633
491829192
14921922
65073830
470801826
20865979
303881295
276012944
16922298
259301697
510722928
140883357
244259300
319137036
50320600
14152279
291233716
273206433
556935372
19734931
498320897
23259586
410005030
126829612
246043606
17067232
240719182
271208873
555349513
191844914
74166648
113755562
16015267
24414798
16947313
371375428
419376259
552865756
552091087
106300632
326560581
540276050
49543259
384043077
400842883
166305751
5638012
460896473
543496968
34712683
14638528
441266597
289147823
356742115
150800311
74732805
19031473
35603357
518064586
316357556
18979328
319758615
487768951
427447741
149894219
537760950
749113
479447652
91465013
338880142
529445554
7288352
472097230
21613757
202664056
136841649
19112165
390539189
263724005
266665529
153965001
166228216
48110818
415189683
305575145
470416337
99330686
28824136
205542759
402780196
62621813
358141264
404329486
17904392
531700710
155259112
339603751
536602671
15458277
100620126
468133585
57977498
36131454
21987563
323284201
487003422
454350648
15215828
22755941
440617031
103102322
508219152
482792121
43349904
510385265
328855505
41805357
507749328
506016192
388328034
32319996
482601967
24174295
17021750
125706838
25860941
254428884
425030260
173944475
476205583
25350277
193626134
243655186
134319690
364671652
404746409
316932561
25386027
290085437
18831309
17115332
16271902
69081339
113101599
67636207
33352344
467032499
333633206
431686334
463236942
14543171
18902674
31170741
472273185
272469472
463402754
376501263
18724232
179683568
18262104
463181295
11579212
452952692
466182343
466253411
400050852
174843499
23390304
377631270
455116038
461823288
143343010
454078855
50692862
26598018
459126806
457817446
119649807
36308294
212233649
444528892
180160760
453003925
449145574
419651034
287796387
268815203
253664236
161876451
407131634
447501525
25549050
18213135
248003331
302841426
16120808
446905250
72452672
402024643
442637121
444957929
39374153
271604751
370623591
419424283
438307475
86197337
17377977
273487752
28676469
374459113
79297379
312477208
428661532
434942770
121509098
404236327
429765661
435548217
45008432
24415922
319456905
14511197
16933716
224074946
373670142
18924169
231255170
206637018
403458002
361238217
353529688
330511282
386724863
386719522
158041798
83560684
17479266
425825630
425878483
420627651
260284470
22821737
413734733
873731
415257671
12521552
95971065
128193202
83839208
237935921
16134893
82126422
16630083
168470045
134618086
77869230
33488987
47937373
48819973
372072213
243503973
217523838
38703581
228763370
349935466
219887905
350718556
15056465
1031451
405427079
283706793
223193606
385130426
102113045
97334092
30925396
407530711
9491292
377344753
193515866
146924478
131476994
16018616
402574889
189320783
41348303
18698017
267441459
229136074
390694574
15206649
364777385
289285590
394837603
183793060
395940369
71310800
356657091
364151060
81016398
367774127
396996279
396987924
61261057
94796439
357146719
368817876
394562149
363977858
333964886
213754594
393880492
361628304
99142735
168783827
389268043
342136092
247102852
388938448
358741333
76877263
15228070
39921150
167714489
332280222
66137300
93778512
289385640
161044743
221875690
214675085
31428071
34684656
36303719
106539595
328154682
39429438
13403302
331426576
16684222
325644574
375801620
18084746
377404416
203068586
202261677
381672018
158042890
17409817
15952464
279808566
18613
379090524
271837546
153034697
34907381
374848986
114132673
53932500
142844601
289494464
29932470
12661842
13385242
291513592
17044026
101548041
109164425
347794686
15385923
279334446
14499829
223513943
81127451
15068399
17542265
371281429
34046194
304426814
69149255
320305276
363361487
47331409
239096851
362018867
188252745
40746203
76853008
272527005
124524462
121750662
14293571
15196090
331734253
321576196
323542154
156371981
359025399
25421139
88713112
274094084
289851280
17053593
352763203
365160196
38027757
365300130
297018252
361963717
739293
364375738
18434575
138223132
71691476
97673044
99932184
18411867
24691736
295412320
284577660
305634171
352226884
321436678
252379105
85876616
28360280
59370946
292946919
359782925
139173680
28366957
40350866
27990355
358250950
297443847
357477566
27136797
9426092
253221193
26810542
123098079
152057936
27723006
347052820
36658966
352854809
351271726
353002368
352775558
246995115
31000651
112034865
67578950
344278963
265781389
14212360
317901860
51581950
214172784
84617554
79055533
14083276
133710837
22273724
5137311
38511419
67655176
25937045
15947185
201912811
104954164
328577213
124941165
186751384
15184329
256271629
37083922
59200277
37036394
325923359
148338724
19187206
258605206
26965342
255096112
5848362
160929070
116484766
80921734
57627624
8309282
650903
332715378
55118981
21230785
72788024
15950511
39377814
53370725
107785529
321152869
38963208
46139251
230237317
326680588
159099962
54998393
83188582
110739746
16949344
79009768
140738341
252500396
15895251
21389489
294745440
314402817
201303032
189659678
14061925
322185744
261093979
83676464
28436469
294899034
135916126
20737615
7980722
270913633
142062277
313952137
271829568
25728193
322012171
186350077
243703556
197888251
249720155
320035388
79859676
131605842
21123103
18834912
306388787
201075470
69500247
277271097
76028675
15127404
234891681
49506820
16035406
118569387
50665391
257353887
295108817
65120256
188437749
294198334
311032515
100018271
32894846
33309376
133886184
135611152
23615900
302794411
294070019
27680898
146194166
50717212
67591801
18497333
303506603
156785569
21760699
82259563
54926726
20102364
15279465
204879325
216593056
305296124
85392020
14925532
16280566
76959901
17194090
272311655
17108182
31626997
27523651
232696664
257956395
65486901
22015584
24236494
14267832
284225391
84473686
19859768
279249022
20290668
134930804
35258207
18487288
17083959
16601219
114189882
26000134
45921041
278906906
246226000
44894957
28704177
38895013
31081562
35830238
238610446
67767772
46987141
267848480
233358828
210598171
276976114
174338218
142533079
231120710
145347513
40282219
268334862
199007815
20100548
266671927
18389626
84888643
23530761
29732088
105273307
166751703
235653663
133369441
109003244
55220904
154971370
255237112
256143756
37899134
244404049
104906508
150726823
163456116
194624921
231980921
5618162
20057994
190248594
17123836
18355938
240175937
223515146
231206334
13636102
214037217
50093758
102342464
246795703
246633728
246089085
187230304
245674757
35038857
167384426
193905155
222554401
46664359
38228745
226194759
161089507
226649614
194535578
156239812
149211018
239166642
222654667
237614389
22984047
12724052
98848668
239839468
91923415
24026684
239527244
170633394
40696781
18251376
225856112
110034857
14524244
15517654
48546597
45516657
160932452
217521325
44728985
132681428
56220683
15981169
68478644
112973173
31317700
42782011
90188209
186813248
18909685
11630012
112955602
78832560
10989152
16233482
142728153
213417890
16922825
155698735
198378135
19120645
226765212
133474481
86610556
218593761
15781499
15047518
15848096
18524101
67164452
17739438
219277121
216767331
224609845
111442306
219644275
151041862
166584208
165178659
223507500
78031447
15074032
90207017
199571964
145006607
42108922
214647964
132181786
152027456
197192834
130982709
40052418
174490104
201760653
123263650
25718274
212086261
177971892
20770149
197901148
160731284
201069354
135937381
14585998
21196377
54541741
58820180
17181265
182440170
184470696
89802173
161007666
169393745
83893974
177684752
131250021
17279402
16271460
156604441
76333569
10305322
151100368
18033662
19838508
55290296
102456700
108391366
97546960
107131691
79344520
58791339
16816155
61021221
80116950
99354982
18089164
130646398
14643617
19707236
58380921
43865033
15908328
108773928
111111522
15073433
66032267
124627655
14842942
114776647
38892452
17274968
91435255
20700753
21885413
19750055
29215545
112682264
18874671
29655018
67333334
113643881
21989104
88728139
109322829
44164399
36584032
14675205
31433420
67748167
104538898
16455137
18801560
100750570
43906965
37920247
27873453
38732231
14908917
38742528
24899874
91789654
610803
90801295
85973507
33823550
18504867
12014132
85883000
28443212
18501320
18333506
17743200
22855380
36666496
18244332
35085169
49581769
17948654
18692858
15551260
7924892
16562005
82622984
17898327
78988185
28487033
36162240
8981642
35229148
1940581
46743975
14589866
18294973
15864679
11274452
15481987
9548232
1317
14347566
85311422
84763034
52106931
18537956
18478452
80387977
22072638
41842791
10748252
14359728
19406070
9749282
68894255
36890388
19927928
16005270
45466243
32538235
14912184
13447862
19924128
16352975
47855280
18904967
15469325
14788950
14107935
18029069
16530785
16610505
1516411
14411355
34090741
15273466
18202847
18122928
2796502229
3188988891
3272626334
67973977
472555926
268892380
3307351462
2516824286
3290677360
3288844876
2832530019
260959712
2934465565
3185382022
3225294718
3186470639
565792997
3161231836
2967187154
15350768
1878987517
2949634703
390370346
1315515385
2427458814
2367448448
402630155
2493765595
2596637047
2967074325
1656703304
2434654530
564163746
125372646
2655130010
78633151
2815166339
2824070944
2526629893
2806471847
932166978
48725775
2799333908
2713983751
2803905978
2578784888
2187296877
247312633
143467525
2715242995
262862414
44047050
2657820690
34237761
584197680
332728174
2506429617
1656201205
1595957946
304643035
1541588676
423768781
15628274
944997235
83383002
480892672
2372243004
278399131
1883067037
391382121
1375821110
34283063
749113
1152133878
2225449470
2239872098
2233247086
2180665580
15153024
2217148837
2200743145
1154041190
96246183
37003849
1954350067
1583890434
23636912
213780199
1583405702
1604016650
1364201978
851566579
1438444754
1248737570
1639826306
1321016070
234057437
48738439
720800233
1649095225
34710922
1599177667
1478623477
1589292859
36131454
1362458540
1485580345
971302722
609403109
1518173664
726304448
1482947851
820333808
901348998
1381806342
87340865
1449960744
44971457
153551571
1123728482
28576220
1425756096
1302601393
1141356954
113023326
1107888008
15964047
260361653
389188017
141209597
172897667
28003142
1067982739
516867082
1267163490
86194370
29127819
1179002076
407043981
180226926
409196135
75375980
292283606
14660636
995655854
1022718566
267472795
1011654985
68624057
940304822
326158694
926562181
883997976
790892844
49007297
440622422
877657650
868890049
849125274
835517185
824995495
824111796
821303124
817943274
815003642
797903701
97546960
106984494
786581143
753521514
785358199
781434822
716907416
705371137
770453970
212157100
766578386
754621303
603698235
752068056
414353774
391699882
737631541
732689802
730767992
19363570
724185788
709613180
720409213
716426936
714740359
259353158
713450689
711442957
710767843
708769920
706487102
625997797
635845996
632643631
430976274
162126105
395545765
158727311
17713001
316357556
620411780
326144014
178713665
213754594
39878894
606863978
598679996
403523081
429068453
308995701
553137176
254719698
521264284
52563677
577340173
577426099
403016538
557408377
574538075
170016558
21794452
354819334
509180239
553440936
16568777
36472970
428991820
484903912
50374440
14562968
426534479
417093752
237384298
338880142
19031473
465535605
374082977
14141570
275582528
320884994
168555475
388328034
80373157
37899134
446737549
414151753
430056458
430858464
22205693
454384921
282808699
431686334
469463394
197845065
469300180
296890153
59567660
460310976
133710837
204686855
370623591
249346415
32789014
241236624
426313705
76721467
202283280
386729030
369947723
425072010
419467485
388956231
47357402
400214330
408492549
19118454
409651276
288976738
409529974
385130426
48819973
193515866
158041798
163456116
180160760
394837603
357146719
20218257
289385640
377107353
16642041
151041862
312477208
389366949
226393161
365160961
386401634
106539595
382206044
307987307
325644574
158042890
292946919
361778545
1763801
126320447
376177013
109164425
128193202
372564467
32887060
290085437
52770751
171168202
288303744
301332961
75901798
340552341
333516099
15895251
361963717
305634171
352226884
252379105
28360280
84617554
40350866
17125271
250203117
342743115
103821657
351745358
123408876
348845943
201844970
326161589
322237928
33174178
334762672
17915518
304457365
326961678
331308541
321525956
313034182
322689511
227105425
130818917
271827615
320305276
322012171
14080042
45233814
233358828
26334024
201601391
27680898
260168348
294070019
100000760
187590507
272595869
234380933
198418176
69037566
52106931
298247327
298256898
277009265
38895013
282717311
59722579
45921041
99620936
278911740
203938295
275094049
213942625
284466477
118857505
279111639
260745882
264936318
282068339
109003244
16633638
257169058
272392699
267243506
276976114
276228167
145347513
59872846
142533079
271549618
211717944
251660131
252841109
224509698
221420530
48193259
262906005
242135929
219680398
92082430
95296214
195388657
252275004
104906508
211528841
223515146
28761948
248748695
35038857
244333305
241646902
239255623
25427771
141103140
239166642
216120282
205020248
196291200
167221801
25728193
238611613
63552808
227536515
32062804
133474481
15517654
155698735
171700890
172500882
108036682
120576768
18522234
89506254
231229561
226713935
16337716
226213318
226212185
226217557
226169309
226214544
226216032
219296011
198378135
39879175
156239812
218593761
15047518
197146019
165178659
19288077
199571964
4287991
18383195
112862384
16745935
58801477
139735572
26526578
17812315
190684722
17006155
44415433
87623620
16637308
175192109
197901148
165784299
198714081
72011049
191855783
64530583
29029985
194583195
194687925
142352545
78089498
194542928
193919388
186665201
187230469
183910459
186075220
188946519
177421611
40002467
67604662
193353164
170976545
163518142
192624477
178107493
177268304
179968302
83167567
170554947
143530132
182440170
75718169
14167429
165967022
188588392
22454856
99537940
43806679
185440018
98520531
62584525
6408
183465613
163885610
1590851
156947431
19876658
781562
19360020
177684752
50306155
131250021
23692757
151618099
164783566
102415355
151994172
166163774
53071611
154819385
112348075
33767440
125414326
148362055
76333569
151100368
25425610
36376149
150644865
148745959
18784252
55290296
146948884
121779623
115000353
116627472
136403582
75794540
132093114
63056115
19442433
114501344
127257775
122513154
125963974
15163458
43865033
119349670
27665615
97709745
44187138
119116841
16011794
28795754
112682264
16908918
103700641
112357614
73756545
108968092
111334166
19552593
44164399
24226681
99742444
103023317
73115952
31433420
16455137
18801560
16950743
87670509
38983615
96399589
93208106
41313000
93215579
88861791
26163504
73135424
12014132
85883000
88286785
18501320
26099995
75913667
86382799
18333506
36162240
14589866
40352068
77314206
46511774
81366273
40243267
30474138
21739486
79986795
79192548
57786431
48309601
70056483
21797694
69035356
41055942
50088781
71333196
15197290
26682515
60252899
650903
47213817
40885516
19383313
55294205
25796305
56613778
70976782
21211055
65602221
7001212
15001561
31340035
63742149
24359784
27906798
64513701
60725789
60224876
16487712
48351648
61467590
62677621
60035345
40830041
59733560
56102182
22772972
43569588
58600220
22797378
16395410
25509705
57220144
41393236
42906869
18137763
54052039
14999538
21808802
52048212
17653789
51955737
51597871
20268506
48377587
36896035
18730445
19017228
28690184
43040154
44682971
42553672
24064308
20193452
19859768
19216918
17123861
47607737
37459702
37696214
40180873
19395187
16300279
45896678
45780392
39850054
31412105
25877449
37309464
36339871
15221726
43345660
30312325
26499622
35916178
14675205
40735325
34821938
43496892
43137594
36142789
14128901
43215230
33675624
22804107
21664816
20317855
16657321
42966140
15934369
17315235
42785356
20733121
18450727
28020736
15000553
9548232
14178928
14710904
16360607
18355938
3002361
1127651
42120354
18724754
39866749
16666620
35561483
22514289
19043540
13186532
28803396
39853107
40822582
24374907
29044304
14599117
37036394
40561581
37696613
16283736
19376273
21588544
38901393
28402464
14788761
22532456
23944902
38191844
25157305
19780515
28696999
20283676
15056465
30816521
15582559
16116044
15762258
36791784
37819195
17123884
23831779
18706362
25085397
20025850
17108182
17537769
17557155
15773564
30046635
36614110
15311605
25510555
26517783
35404814
16074944
16212511
30888575
27868761
12411372
25393674
3819821
28774235
18452605
19140816
18888577
9863352
37108864
18369646
35646179
25528906
19892459
18725921
781163
17316606
11724452
31835879
18690831
27872831
27996664
8555782
29098710
34706141
17599737
30253127
34924362
32812380
21180635
26520142
26532197
32565016
18940295
33778170
29790429
28656326
20282768
27922157
21027059
17600683
14858193
17014773
15750402
33221154
23237997
32918245
1940581
18478452
17155650
14912783
23777416
16348676
31006379
19615034
20012684
31501534
17260743
18217587
11274452
17513981
30662701
16231426
15274836
14810246
17214019
31120447
28487033
19213379
28779216
5329582
30633809
29512942
28443212
23862487
30615702
26105726
30363922
30338789
29804393
18220718
21817757
28927507
15279465
15843666
19444849
29294598
19073826
25867692
15020730
28937359
21883851
21880525
19039956
16382909
21496050
23844016
14639279
16889125
14669398
531
14163902
19927900
24557712
23474255
16665229
19837924
19696413
23798980
22436489
13081672
20208534
28850034
19958627
17616470
6842512
23171399
28218008
25886496
24673074
26462593
27741872
20208506
26601683
22333555
15674112
26260725
15584776
14693927
3263807035
3288844876
3156828167
2427458814
2923816369
9548232
402630155
2382853022
210846206
76638590
2353243073
249791795
272141779
2830715816
2799333908
214518758
1525342994
19711718
18915867
257554471
1241321664
2325725941
2453959616
1702128128
1589395507
36376149
2250772507
1665295344
278399131
342215869
34283063
95935886
2323061906
1447041607
1616119681
128184624
1364166896
75686559
2217921744
570115750
2167290679
320162022
1643631584
148777871
1606675434
24539231
252231993
46873464
1589292859
188941422
54060106
18564577
1482947851
1433272350
516867082
1325357749
1141356954
1302601393
141209597
1357985551
1327586959
568550309
15964047
544634711
260361653
389188017
804555348
87340865
437107620
18734353
48258326
407043981
471654883
28358835
17446412
545342120
36448609
1008218456
76355531
60178502
18333506
275665495
1022871444
60430014
97049532
25728193
944853494
206000129
68624057
34967252
326158694
440622422
883997976
104827266
25272120
168783827
246024271
16738787
48110818
360469665
470786346
556913787
73160669
227284739
197901148
764706836
603698235
563691118
19363570
19764985
34821968
625997797
528066450
635845996
272305407
253800348
532720412
395545765
145863768
47586808
334849558
451725189
451469226
451673498
115139848
221875690
430976274
14809630
379958877
67797645
140561484
147310927
577426099
569302640
48229652
154145218
556126836
414041530
404819771
562120521
145198046
435368535
559223740
115813132
501194463
557008692
316357556
49115368
149894219
338880142
34648612
485906293
535837238
16455137
183446762
33358465
519742525
24037808
517599319
36131454
115430693
39097711
464715565
37723843
60918224
161876451
215664352
9491292
431686334
170016558
268864690
15874616
61855304
14503015
453999675
55575373
447442475
290241278
435144999
18730238
443966835
29623288
288408661
132982293
194605153
42923372
133710837
33154454
447501525
292903335
370623591
292148660
306388787
76721467
202283280
357146719
125811915
390839781
34985470
143886265
385130426
408634310
386719522
109164425
193515866
34188549
234953242
189320783
32143283
400223688
381653682
394837603
191239159
35089269
389599225
237972160
28360280
289385640
213754594
44915459
1742701
213735307
386730773
374332759
158042890
289494464
101650645
22275015
271982552
369137608
192750374
52770751
372072213
288303744
21160860
84617554
321152869
23492772
162171111
361963717
135916126
362607808
71508775
358782108
312029599
87493971
292946919
358249996
359025399
40350866
333084133
12724052
70128071
173340973
123098079
258605206
294070019
304457365
250203117
33146441
55703572
36087646
26362193
235343585
343813722
76402530
228108743
24173584
14863337
76740546
242433840
14363699
322689511
14404184
197491022
11420922
299405039
28487033
37036394
328855505
72883569
235258971
16629790
18391835
125515417
34902379
14602076
15416736
16745935
61118465
315955146
322012171
188468841
23207369
296619467
19246382
50665391
292302923
97546960
45921041
163456116
276976114
227536515
54575504
267002310
216120282
15374230
187887983
58791339
79344520
108391366
48268109
199571964
196277835
49496005
23626062
51097449
202729572
48947248
204393330
178200941
182440170
169589599
102101076
24005156
4405491
161007666
177684752
15551812
173659212
10305322
76333569
151100368
55290296
58019290
17066724
24422104
43865033
44113733
63964686
23568909
102789020
96346911
111334166
112682264
113643881
108968092
109301883
89041976
15860016
15960540
63997977
20290668
19931719
94194851
22011433
18504867
15165858
22654404
90323965
59865670
55105104
30948732
25621421
24590647
70921456
73572297
73224511
14228668
62488309
62394205
69571781
36687719
15170321
63688542
49924446
19342020
39464802
53861170
30282406
9783492
48743286
20463670
14804906
38816895
45761169
44598755
42957775
36146253
17295216
37245860
37701072
30183747
19907248
22944138
14743856
15354123
29504076
17620527
28915359
19405023
23382934
13764832
14745278
19807231
17830311
17758886
16192206
16196381
16746379
16223914
16635533
16354627
16356396
15709282
4233061
15953177
15221530
14992983
14230107
