3109667240
2338991690
2874211573
85690018
30205549
1574110243
564188036
61818239
2164134216
2416252550
2343139562
2416240441
2416232426
2343146154
1305351378
1305571603
1297173200
1297357182
1297585644
1305884856
1297758901
1297215001
1297221380
1297169808
1305623220
1298611459
1298585227
1297476728
1298183220
1305613118
1297147824
1298426910
1297793528
1298309977
1297749799
1297177652
1297262424
2799333908
973557420
2200399777
1253010572
2294513035
1238124361
278399131
1251858764
1238010974
2252351261
2258466156
2173125578
1725541044
3109667240
2338991690
2874211573
85690018
30205549
1574110243
564188036
61818239
15751918
446660777
3246330254
3349940685
3331727092
3263807035
3171595569
3299256891
3356232255
3339110957
98603923
3354215093
2872069345
601675359
16231168
2885491032
3253762754
497357649
276863891
429409300
3342665951
3192556496
15068399
3187334499
2876837325
3187288758
2432480988
17870747
3305946963
208138875
2211564570
1583197627
366193672
57486099
3247744369
2960567764
58853226
2943217090
1850202151
1958620872
235331169
3239689339
3307944803
2516824286
460263502
2396442121
3232028011
3138907794
38011280
2961571262
3140568303
2849822003
293328995
2212722361
3257986107
1196702316
1610932286
3074164459
302257017
2897406847
2310395250
3288844876
3243871817
389333703
1483360897
285177964
3238878537
3191175127
117907739
2468006506
1289466428
1221986545
2364591169
3229604500
3078249960
32512541
2848634667
3145890551
2418000182
489874212
275005155
3109224878
2894151001
2789199535
28343947
511223459
34545952
3199170401
2525262385
67005897
2384018640
3150724394
3193564493
2674885669
372572406
3017081820
1688461400
2330616566
1237629072
19079060
2361500726
36374294
65672586
3128925157
3131881784
2728218840
2409658784
3144260098
3143018544
3020147799
31516309
3002614428
480862981
2798115162
2433172128
24639081
2898025572
2806743555
2881062521
250876398
2580805664
1216134956
553106339
3105087216
3062833098
18233585
2831925693
313644989
595147829
2856505151
3093485667
149241183
2546584704
1395975474
3021204051
29242247
2427458814
3091003449
214969165
1935307658
1701137984
1504651285
2975923808
1099629433
2452820150
1873897400
2743188679
2893779754
2997892756
39730570
171872386
3069133197
66596461
2287087680
1888182168
471215807
1893389059
2995129129
439183876
2909789852
161495054
108014718
2198368989
3035504288
3025109083
879161563
2900092615
207291297
272141779
540068026
3015875509
2806294440
213735307
306413659
1964693936
2454361630
3035103255
1943855718
62144362
450127208
218848494
1396303892
1563458881
424854971
16458063
2602056984
2334209863
2341003568
3008895138
3010001267
2986740223
175608171
1027167318
2995121792
2451669632
2686843618
2988038020
2829012924
2880380741
2992818307
14434287
2330930671
2691155947
390603110
72551426
31109082
130584861
2468452315
2424091854
2489493302
2361876366
2968293326
2400215636
2399750599
343816531
372266385
87077004
415805330
116939935
2953123100
1625893116
2952336540
27302208
2601888875
2939104267
35457295
2938361511
811974643
402630155
95931212
2898680251
594254211
2459654059
995337056
2615812597
86929541
2905034453
140142453
2549220967
374522869
2866665214
296042634
58276958
32216509
2883580717
14329490
91926738
2913764901
2913892458
1272676351
18562561
307900713
1558898904
2915394960
2911620577
47977248
23085054
2214651428
94141387
2909262571
2889950627
2889165683
749113
2434654530
303520654
2886894710
22323944
2194587720
540104198
2693735216
2207563514
268042320
2548616803
1316314434
2876971636
292906814
24035938
1510413546
2586066690
2857530929
2857509777
358079959
2577043062
950365932
38449898
2813635128
478154335
598908615
2878722608
1589451295
1665857581
2163975185
2874328639
237412670
1418260752
40029715
2840599689
18494053
492564461
1923375980
2174423558
2802336072
2270076903
2790207241
414421659
2329424348
181511585
2471198340
857829313
2388016424
2829403665
35641954
1495717945
2742836954
1681311372
325476682
2202007045
60352235
2792429672
2316051960
1664690924
1714362696
783142945
374141126
2203395182
371893753
280958545
2380422614
7107642
321568621
2836101570
2835697495
838087242
2409626258
32439277
15238168
1004645263
2799333908
36325628
2565022904
2423003341
1714345394
514261778
47048827
962395459
849334812
352961986
17463660
19713521
2817144480
713563976
386485374
2677344600
2763745143
935856858
339919494
200633488
2805939966
2731801182
566675213
2162670752
590865813
1619574890
2715163759
2545706443
2744322890
2761340083
2669442446
2784591422
791751326
2290348298
11002632
2304034704
2295217322
15369253
2584596822
35981441
2753328190
322284319
1875805104
822818568
1582255794
252826903
1573873243
179156359
2756043500
2720914329
1516724623
768074833
2612266074
2231974736
1182530118
44441112
105285735
2420750838
2733487050
2687945479
2646170240
2402255100
1585188121
237953501
2718707827
2666068376
92635895
44145969
600298192
2478871266
87521380
182126688
2375779902
2569742680
1263507036
2655726757
171240641
2149457485
2192826980
342848020
171991128
1099145564
26140867
2207592954
1857106262
534651393
365457010
2600812220
1394747774
266054206
1648418982
1849687843
26015843
515779507
575517937
2646279962
1890998010
294755631
15607043
16196915
69344212
41650456
206126665
2610126750
37003849
784387369
1012776098
97553004
57232198
163873342
2265002689
2451772356
145286489
1623389274
148019743
344514638
2455258038
512863924
389627617
2545391114
31587819
2573708358
2573774598
748192471
2280986220
28205911
338441571
1498350798
2489562708
584847277
2186869527
2227341254
1264911470
381741195
91482208
2521890314
39669478
75382909
1710711170
944997235
2370117990
56882006
2460662251
110359764
2328937350
2489123635
2362519778
2385363398
182434469
1656613699
2487318998
2470247336
131534254
20928541
93963152
2530544601
466131984
2180476632
18753227
2466482484
2268758755
2278809350
2383960238
1654666045
2350339068
606544375
14446656
573331673
2444294221
82091969
2439004692
2436142610
2426924807
524536675
2360776968
1945949198
128930348
1665941275
314025556
575679307
1683260238
2418096308
109367227
92986098
1284153122
160576880
278741336
48480440
31046328
86596329
1277736415
484728094
2387151408
29912178
1976995950
48041163
94107321
1563652922
1674866502
138180256
64929642
148821797
754157640
735621643
257806981
278399131
177232812
845902214
160648787
1257774703
2367637586
31377029
2366786899
2367183390
1243944216
2366391253
928632402
2364878466
89120740
792169591
2237941074
38661712
2361130560
2328910046
2323509696
34807154
2353755998
2352431220
1637574672
2339116818
27571449
19315587
27823729
782390372
68379685
63318779
1269487800
1513768800
2325377773
236335319
264327853
1152133878
83384568
336075906
2313997332
2302592744
2194728492
1487845748
1471770912
1011356912
36359397
125746328
2182692372
1408747832
2183161017
2260815797
832496238
322439899
1871487913
2283390921
236553448
1570185649
18293302
2205746690
30301084
110664407
1525342994
1938084427
1679604685
21772405
37002399
2239789812
273657609
2275665132
1419049752
883322574
594923847
2233346598
1620756674
119238810
2178465499
2255080727
972203306
2227605895
1355157205
491854278
1551215318
869662848
450945831
167151550
989622938
51041885
18291840
2162467297
224568594
62752108
119715561
1910578628
443013455
2242474399
2171256830
13736942
1899506918
86036051
1625730025
2150255696
15825165
2147881964
32662617
68430824
123639454
594855193
332996786
75552647
2209160210
64469545
1464457254
1461007502
2205917341
1849548510
1069824949
305066137
82519004
19694948
457684024
1923192528
32622992
1365361616
27874096
2181622988
210281780
613639371
398014437
91870789
1089178182
38261653
617902757
424883573
29213736
517168380
803965422
46488327
1167370729
271520219
112236715
29747410
60067444
1654046606
1390628612
1949908759
267490268
1957572553
119823960
1206769872
18998656
500370398
1710892814
218581172
855374214
1357699016
702783711
1611119233
147503828
1604016650
146592164
1602758822
240279517
103384579
94680506
1642981484
1871686170
75328629
1901718086
1530050042
80869035
619954424
1885143246
1446442364
1398365167
1886063202
1881353118
995151895
22913572
78060290
124759363
636931259
1657795950
1859256176
15882988
1364776320
260423869
569302640
39983833
602262279
1855441640
97028680
213780199
1726396992
533540523
22638297
336564523
450596739
529231238
1101794870
75549107
245049796
1639826306
714294121
44675469
195658554
532718747
1691281735
1690252950
181264428
135966080
527699649
1647346794
1487054076
1667612838
386338245
22654374
1646620970
211344127
176346566
77145287
613081160
389275898
233997412
1561185398
1597854716
30247008
25384819
127391537
22890638
85872613
31646247
1578619489
1631306324
48392263
1630694779
253708410
733539109
1458648812
1447147178
470467145
165469222
54667479
1193025068
135188957
69384060
280485589
1593282073
252744614
264758510
95971065
487645475
22036953
150800311
1542487682
1566562008
198637428
184843102
29596951
1471705500
139545919
38835513
172889061
75567156
234057437
444147658
465840495
1065341432
156607422
554644061
1364201978
49115368
1537902404
971302722
1470825577
21991356
1321639076
75612668
1461237234
297109565
1523050394
1498078909
623383644
436189407
465523862
1491103448
134930804
214247955
1131760824
144692356
341384044
1219950228
897636840
33158528
33731227
1483027393
103111355
62029772
125880778
1482947851
161591158
41008711
521309672
68479359
1465940034
36015440
727494858
471837211
501199446
952565881
1449960744
1362458540
1018730281
40552229
1019679145
81144172
1453393698
820333808
1450877149
258313006
786135590
1339551523
25068074
877000292
1440790682
804935863
1311559380
1196285509
627792618
97191907
1281235524
1279605590
1269473726
292406745
516867082
326144014
109206832
1408090747
1408582698
1413646789
1344256650
123632804
356347575
57095267
168687481
254202088
357544862
280268661
385017795
360321224
291252989
850877130
196586501
1140703718
1202604554
1107888008
940133534
95732903
47164623
178467344
1326813866
1214570670
617655503
126809424
39039539
78641081
456088212
1014072842
1302601393
140681893
25373670
41226653
995330274
105692231
323572712
218014978
16513931
35392300
592180747
1201565418
496285278
1339118156
296464977
392225991
18361263
39149268
21497970
231358586
135510917
17014498
911390917
15147250
222538496
86987712
15451434
1237271982
327210012
260361653
1076821922
1140931506
1339520773
41771158
17717593
34357196
102832447
16423953
30420196
173520558
416367139
746185297
1009409858
101653773
23636912
177244113
473200909
94368489
1020332192
465101572
409023982
436058303
120555875
173213454
1259480012
1033366309
747873030
433416278
141209597
821380764
870591582
1293249318
186175602
64614569
248771077
67934362
110312492
751782468
275853910
1249184366
917040049
1081831440
562233959
18146450
1153508810
535667501
1129931448
389188017
239265058
962044795
1261722283
1286537696
981680190
1252115550
77480657
1260587071
841692158
189178774
226746221
92406766
1183320745
156390484
1095708566
60073316
538045479
1048129358
455509969
24290348
72284492
46938133
1262619786
30853206
385417283
297001303
815848368
422135262
86435156
1249902757
398588337
825028537
320107991
612932589
1114764842
18183592
145285607
302133792
121247423
121831693
1169038074
280888513
219197441
302253100
960998076
833254928
560800260
1035356539
148124983
254719698
243308641
822818552
23282321
1143812562
281162612
450425480
555342588
41008659
261967789
16873604
1029134900
1096112060
384155598
407043981
352582834
119832781
1154441970
382747441
89026072
484897092
1073415338
581414468
75413145
507914258
22411554
49835315
718486753
437813846
522427648
709445112
295008712
976768184
30841465
466411694
20283676
1134909722
540652287
68625622
1129273514
177726870
1010798256
905095266
36388827
626261563
20581021
298805274
43357942
995291630
46002093
33730103
75375980
59532632
149060332
608536153
151992668
543156908
5412992
1072253581
1076609101
945982890
745479446
20407644
23670860
1079638526
443139766
800204197
112832553
360457187
1010598320
995515568
1058905033
1061739110
749833178
1058743430
330304308
981076369
90875138
21326240
795199429
226517467
405969698
505168392
511238321
603528124
545708251
875040368
588528532
1327391
608880697
715074366
814124760
309473675
132763764
725445786
1040097559
854509526
449220811
562096489
593968978
316707763
589774250
535984570
540331731
995655854
940278818
352548230
729181195
419797653
1006493864
602531907
36103820
248520044
70469943
904886851
706172708
22444454
485110966
25857602
392976388
1000077230
23394691
728938712
134060413
95712732
364412529
944853494
613368241
868956511
374073708
515431290
517154020
818057396
574288926
368227288
71393638
19554645
360488862
594311135
923995411
582907208
914446524
490113884
174591086
255024890
858591565
621430034
68624057
951645169
714825541
861407364
851566579
843405830
169374171
327574907
97362286
820058893
32466625
99202308
326158694
770930696
904247852
928750975
901348998
891989521
455070113
228756634
123376321
16667671
510253598
883012093
333493040
704945130
392837181
443218463
505354278
77901922
895802719
440622422
883997976
716497476
590071102
822086994
585631735
253642230
41140016
29414634
775307592
448725930
25272120
597643256
872500400
868890049
31212608
771236426
861847416
43474524
860323428
747618859
842240233
762358004
850230026
850966267
850847150
44105007
46204677
808846532
846812874
94118993
37807262
842198364
772342621
418327138
844022940
27654494
838804296
839908290
513597179
634787530
467570824
501513217
832716152
609191867
17014773
824111796
232988884
73287091
245809503
552874294
735683820
545345938
202739649
411243415
528251762
22275015
537898341
622424702
772199059
781434822
398745435
705371137
724185788
117576440
196698277
555212307
358789008
587547751
513357356
385652057
143131366
556682429
381653682
462599759
754621303
752068056
215701194
214064227
606554550
563691118
631245322
391699882
733861484
170016558
732219481
19363570
482098346
100732306
717395564
550417093
711680005
528066450
578792020
486336580
76395634
635845996
293696092
202444394
625997797
14739201
55505549
375146374
487869395
485118562
364052514
539378994
626846695
160890214
581386387
532720412
427797615
113697077
610200447
26018992
16526843
395545765
258602763
457964714
596961828
156715142
539101401
14173986
365521718
33502170
366118158
580289990
213754594
60255060
615515320
67087381
14497005
605537180
574779360
541011569
594693578
75460291
259078458
334849558
38697261
143701910
589457454
25848930
605260557
603698235
460667560
14182488
601217951
597830378
600294793
347377388
253800348
559084634
598498174
411113536
583306254
48384751
564291690
429068453
58061912
447122177
290449095
179976362
76359975
571271084
53146543
377610457
26428122
83974178
249524997
52592400
447093174
403655733
577426099
403016538
396022869
569343452
316357556
561313237
68971084
574538075
532697088
20347924
50464010
249205136
34953486
540499092
26279216
41621505
414041530
567553493
379958877
36411642
21794452
72862003
291816926
563942314
548671734
247906994
544679771
54051108
545156023
562120521
561903509
71368351
559458910
553137176
542606627
394084707
557932138
78208414
240736266
555408507
14640257
516608363
554506199
304107585
484903912
14562968
14812306
343150136
72585401
172457982
541401637
223931987
44693072
540072266
487490217
367212817
338880142
237384298
19031473
341626295
274642088
242800256
103787392
505995749
531625417
518064586
274785383
532201051
412737696
31907775
528919426
509208650
249633560
317416866
223646379
523720192
486837492
276248684
454350648
336998321
415977004
87493971
331736512
36026708
14141570
44075008
412391190
356171066
46694159
46227864
312497685
51918395
488812656
122982766
273804120
76392452
117799245
388328034
23619711
481035108
493147822
436853730
16455137
161223637
183227314
496526585
322190076
375688099
365503073
495271204
37899134
110747446
285379178
472090016
451126644
56185855
323753698
266842625
441168894
458573855
17404354
43903747
469572109
279510151
466756951
478611317
331111591
431686334
356477424
195332296
395950904
469742589
345533037
468911565
429765661
466371276
462092245
447442475
113453133
104789366
258662037
453529953
79581405
22741626
25728193
165170776
419874807
286262578
111946134
39298267
41937319
457069377
456680713
370623591
454078855
373047456
29623288
58229033
69364933
53715420
339844416
402382737
249346415
9713282
440510917
340966617
357015312
128193202
144732362
323279452
398849705
425254276
432627983
268082139
76721467
118793986
349300156
202283280
18515143
416320620
426509341
414784890
288312853
358373539
412299216
26298050
422828217
231070278
82093321
346861423
214864908
71266444
15504560
382408300
96679474
143886265
52208002
235264927
44213309
215482178
14570930
48819973
114083305
390839781
53963453
277486941
22729482
385130426
15829687
408634310
18981696
404967797
364964128
378801560
141554227
109164425
193515866
400401345
246024271
107949463
163456116
136204205
189320783
206319637
312122366
399696069
277113285
329908529
394837603
308586899
368956604
171162263
241756112
397917167
174366268
391166661
170256753
27062418
397303392
396671227
116578201
347463794
162919891
374369332
239535972
289385640
256757268
374032709
340841649
308586510
48524256
338726317
308586697
265661269
349259341
312477208
269801100
318440694
389360595
343598276
341210071
357020551
304457365
50630213
379599325
385795965
214517985
386451568
354449512
383995872
370209076
46521260
370480612
213839655
325644574
359285479
143915986
381659742
158042890
109501840
117799671
356359007
362580988
1763801
170989323
114502372
372564467
256816394
147873422
29808359
248829548
361713747
299722738
353569402
288303744
359253413
71960771
309724677
17547512
369299359
291838006
368516286
359025399
348683661
365580154
40746203
361766759
160754977
361963717
357146719
204440969
53443861
331190719
312029599
117580062
321554799
28360280
360256140
144297792
292946919
298623346
130633590
40350866
344170699
256205122
340271101
357637881
24261902
32746680
264488984
256468140
348076828
85651705
250203117
78799475
346463855
339851816
112034865
344294150
123270266
323358267
339801692
344712532
259438310
344275551
54671396
18075983
287591314
24600011
309313206
257110430
304107084
287334235
144941819
28748580
222004681
47357402
221999843
221995601
23949552
340704734
95766279
338464038
299258370
94467400
80931384
338511331
147600475
336897960
334512756
46181544
313034182
44750819
257686630
281624781
332531400
41195887
294070019
195551335
20250784
232401540
306684688
306698580
201381236
306690707
328679041
132944018
89742815
320389643
306704046
306703721
325399680
306692200
324630881
257734546
303831445
310401688
292828573
313954549
322012171
291128925
296324150
300394547
241190732
320949029
307097589
232272513
312074140
89333674
315348820
33485516
283344347
222984935
193672520
16351835
307814563
98506942
13361342
22496102
279819679
49506820
300986158
288571082
272530141
20044207
137966519
22907208
14819931
40288023
146537157
31964215
308001401
275725803
307858332
148917007
159644049
199846944
83002445
229051526
296869900
23106028
302930643
283287586
52106931
212674412
160790090
293032632
292427011
254001202
24162220
266671087
278906906
297747064
269903517
296843754
145062902
175986552
278593365
287208623
287204799
41649520
283254531
279703432
38895013
285664577
95527551
31081562
55377688
288192639
159757238
263471865
289915985
263849002
45921041
151243214
49016452
147067341
257210719
191405161
201026466
55296542
178292731
210957837
159349754
74453319
103745433
281622878
282673085
269765677
260041928
283781921
259769152
221882687
108931568
45504086
36756638
130591663
15651538
245796494
245666677
42306855
259514341
162900739
127642495
276976114
276228167
91886862
46359975
110963469
185662415
220892398
270322334
274694804
246004964
247020674
27959729
63246374
20271820
41172515
233586759
142533079
264665301
225083237
58916054
250138269
272250382
263470992
211717944
252487391
265346632
270902104
207189339
215451791
208439711
267002310
239159712
263282084
262935379
263271693
85566035
253863203
262302470
153394848
85631584
262932827
109003244
259886104
40282219
155192439
47051525
37732936
103066638
119669005
105273307
249410245
253873078
253878400
241191076
140863158
258915162
188442274
258711860
196742839
250968041
249911480
83878362
249577268
249983080
251956217
249733677
250048274
257308859
48115307
78974889
249982598
242616412
196437864
248029946
247552498
242769535
199336544
249728673
234651761
16099189
255929005
195388657
18616725
65542821
211954616
104906508
23049201
253221193
164104517
66100778
24862367
250509414
23616435
223515146
31242936
224094061
128370140
213242948
240974509
40653668
241292238
224890986
242587798
229619663
47487167
35038857
43115491
244333305
242761391
28390531
24217044
243146709
228947394
231727050
242764023
242759859
236686902
239166642
241459291
229577516
211564344
88018204
216120282
22837118
37736801
86331952
193535125
209919584
96029819
98848668
151211487
201901645
164880257
181652912
131250021
218218780
227536515
151212611
177684752
28812373
134528794
235851170
217521325
227464126
200185183
51581950
37032459
227340425
123865715
16640775
15860016
90188209
226713935
194624921
42389671
219678474
103079573
223136726
223143073
97429523
229339187
151219129
225375135
19041145
105706989
191012981
148087064
41843696
218593761
177657326
109406182
155698735
151041862
21989641
218832187
118556348
197039402
21214058
222041791
193522221
186873416
221700569
123263650
158944482
221397936
78046239
47528856
114235871
218534204
37840035
220226766
135352406
71674759
204856452
205414083
134799704
92623132
174490104
19239181
97036699
188702574
216632000
187230304
206416548
28914604
76851030
213372815
191156709
18343779
206339998
125162224
68472691
97545677
190684722
49649678
197901148
27054295
194033220
205361917
204792918
199890822
182065466
199364481
196582336
198136931
188292462
188099163
78460392
23624548
30414252
180139073
54594124
32647952
94368405
97079632
166459997
190497614
167493417
69308140
191938026
191571034
191527216
129838571
45075838
182440170
26082358
175703521
166653118
118938783
33921560
173972880
185037056
86615684
71220469
18399243
93722616
35974894
89802173
102788492
161007666
163885610
116854206
32523956
31208385
125104251
71199577
152515363
64614882
174401450
76142160
40696781
135209777
92045009
140505070
106392141
100853035
50758240
94643834
158489102
131280356
16689603
91180712
14885252
170353936
17366600
170461186
142677424
166797850
166301514
53071611
134591973
130218484
21899725
18741870
65717889
159185391
56745670
36357026
76333569
155867087
47355663
151100368
109905917
36683811
136048145
55290296
86415522
58304391
73171582
64462542
43015962
46484144
95627376
26749056
142439139
136472081
97546960
108391366
79344520
140198053
31895918
115695653
57286130
130654010
63813070
24840084
18640123
138431054
82145736
37345064
136829869
81730039
120271981
98710201
64532597
70397763
86988340
114483377
135524236
102577848
129994921
59417357
29542229
54141478
131388042
127257775
27432194
102030218
26786830
42079184
125523969
129082039
18608133
61497222
99993303
50026944
111597132
123945263
74234657
32485205
43865033
120298294
38784836
120111754
121217959
116157569
119116841
104674956
16041950
110423583
118578239
118791048
22671716
115962674
14428297
34034170
116536873
116014415
115884569
108830183
112682264
35816178
113441135
47032649
89191351
14849573
114003010
113643881
113707501
113700323
34777631
60961498
99670674
111149323
106802343
107643985
20603062
111380000
108968092
56503565
33967016
89546247
44405217
44679198
109081575
93741342
95726463
26363549
34954221
34346121
108693169
44164399
28796508
38572728
30447734
107345303
98427453
99742444
86126550
103039345
103023746
103023317
103022812
103022269
101640636
103021562
103021016
103020162
20894743
15505900
104197839
105748231
60606162
103389898
78620192
31433420
98146615
54221593
67748167
100550469
102167131
103764787
65435168
29772921
103786520
103271973
97041434
89541389
24189051
21770645
30998590
20863406
23986474
83015924
58791339
62528919
10879522
17907193
18801560
17878584
14833573
25373093
33044533
91242990
99494339
82420205
41912694
16156833
98242246
22017175
54113498
93462990
75595583
31689176
16924755
12733352
60417096
57090655
77922021
16464140
96420687
90725543
96434638
55083124
63481029
38983615
18845253
70971044
38516549
24257131
18310547
52454921
17959609
84368948
59082658
69893
63484253
23541618
89167623
21211124
94431881
39336393
29542880
10119442
80968383
37424500
41214587
95611722
22210863
95478036
93284970
85630245
49014382
22785289
94180322
95274142
82924737
84622050
95138224
93215792
53631185
33120072
33632918
44962041
38264255
74227518
93774910
59798838
48608030
34743834
73295508
23622398
75794540
61172452
18181082
10029732
48540017
40159637
51884867
42223472
39374276
23172966
85821071
34904414
92411293
82710434
36166806
25344447
90259189
91137875
62085391
61658281
92953272
37877645
47875392
66710063
90581248
21848943
51779527
19094742
91699221
29445563
21435574
53456418
18087450
83074954
91195806
91090754
91784364
29542388
91941403
92146301
10971502
88902864
91090248
91730663
23249204
30324966
50920646
61616636
43461754
85193638
74084337
17039000
31838293
88897604
87229756
60162302
24710700
79876006
80879508
91257021
61863623
82138130
82488616
88583608
16261638
10774082
55882303
78810098
78378053
85744884
17993457
78951015
33948802
17844820
89506254
83938596
90126165
90449458
90733794
89868982
21692365
17996881
84281026
20069980
55810354
60233995
87126360
83246110
74762384
78813592
85261532
65674077
18685345
43590532
90038560
70345051
41160110
63552808
47914845
77457821
18276100
83267088
83775064
90293552
77645945
60129350
82546749
59200277
38553185
51240289
84858153
81761975
82312456
15209694
20853344
33153203
84906730
25767670
37662736
72999407
50205962
67222532
85263463
84036583
78673857
84748580
59701568
71258333
21804771
16580890
76415293
25455374
83317560
85823510
76057124
84961896
83508739
45180667
12014132
67827912
56189430
89038428
29327931
69106649
86516546
26567157
43130310
89471616
85883000
73463538
87741070
89183328
73207453
16264718
15734464
85803142
25717463
64769819
14547674
15779252
16272289
34638549
41960248
19893810
23166140
82958289
40286812
27343738
36771253
61595852
17910635
72453559
63467330
44777147
25811792
76751363
17117804
52792519
50737897
44292568
89217991
46745460
14800352
63648762
21351971
34513794
34314757
65169749
22011465
17468192
14180279
62553762
70094503
77103833
21381831
16838031
71483829
53684553
6120472
16819934
34312750
76223110
84200589
38233352
30872859
88811588
87611901
42657756
29247437
66880845
71367906
23810215
21802392
16624180
26793502
17448425
15279548
77089047
82419835
28154998
79512627
87621081
41679652
65485548
16404939
25291847
11333532
52382772
20923361
67106515
73642088
54763527
14079425
26889413
49551221
38022379
25841161
28443212
15816264
86038087
43081521
64942609
88121245
22168877
62639790
55196390
17312741
33071320
28444721
72589174
41176869
18981321
29355940
28385902
37624107
36071073
42003775
23008116
16309612
39813722
67742103
45552447
75255479
86759043
24898683
80651126
21883088
16545201
22276232
14990608
14610275
18333506
87712056
19593530
17491102
39530150
23394554
36864744
25965585
19056347
17850012
22853963
28153657
25458378
84498294
27961004
18002076
59176634
14430060
69034790
16953808
21712038
21157704
87834630
41715854
18879847
22703623
18692858
15896379
21739588
79121225
13049582
23703690
45518701
51435170
14389132
55748658
36832842
41236539
73357738
29334776
70508252
34689004
35194876
21750314
20007155
21836409
87206409
36162240
27071742
79726921
20806376
25080361
57140977
45800691
86807943
11274452
60398773
15808460
83053575
71534573
19738915
59082722
17194090
83767925
65986336
77279546
52942679
83426690
79336317
81474979
24302245
72366393
65945194
60741190
42576790
78396054
16465359
33593581
63566456
83423792
24945689
26779762
59941549
69270288
42206668
19799746
74520703
21507883
71887181
40237506
18033662
82691795
30365839
16892873
35927780
51949063
23619919
81248294
49133513
22963911
5796972
24960505
16618210
33520946
67973173
26217294
24898059
66813151
18661220
47708315
18272239
17512710
61832221
23545688
59923245
79737383
74877055
78992350
78031398
57528569
24899874
34388974
29512942
37438824
76410167
72640284
17097233
48479759
60813526
56471970
74798772
44672132
18251827
19652469
14976894
66790664
66888838
56825947
18127438
37849945
28908736
45230722
57019583
30921522
58931144
49110658
71407854
71393463
9749282
40956257
57190375
65762532
52684890
60173902
19415805
19927928
20193452
62337414
59552570
29757068
65175108
45949201
58021965
47910874
38725883
35799291
41691674
60725789
26719997
63531649
63533499
63540017
54218542
35716325
58504003
14747144
22693812
40905934
60944624
32502850
60696388
42962702
33619885
51943734
25948016
42852750
41149862
57112634
56687335
46995792
42906869
44135831
26334024
53436897
38586891
24741441
23265307
53194282
21496050
18819527
29709085
54185674
17311302
28487033
46431931
50699334
45212059
53944665
27935063
17123884
42151509
51997970
40249333
30221886
17027836
25150645
17653789
44944470
26819876
14167429
16084468
25715647
25325355
15496711
50486389
23076642
33106373
49054927
24398846
25528906
22315519
28777855
33525513
48447575
49438462
28690184
36945449
47542523
35007027
41812183
14424227
47779504
48198454
26725896
34334009
31302693
15391568
19539602
46877746
31835879
21219163
19665469
37480490
39717023
35701237
24896910
16050032
14582571
39738625
21077398
46249947
38813237
38849166
15744329
31265996
19836954
16334652
41436737
36283672
22885683
29271687
24341561
29092184
27752119
22748992
39712016
17964209
45824484
44292595
40936315
26794182
21497201
36339871
45759996
45751666
25149140
22731442
19783778
20404303
10348402
13312272
41977371
23615315
22805394
33943843
21757155
31340035
17298364
37696613
40501269
19057671
17412181
18110437
21534308
21213997
24389228
43176755
10222862
10220942
17791025
15704958
39850054
15991049
34760658
17398655
20369825
24916472
40191643
22186286
17313681
19122213
44655564
27838114
41978615
23543347
8388582
43759342
39547997
34284942
21701565
14675205
14652402
38570793
43885221
40733906
38929845
32219369
22625088
19298156
43224445
18144998
21806125
34278941
16407433
32178689
25770535
38719104
17316606
23090203
14632998
19893132
18770132
29646000
25080455
29055718
19663649
17639021
17455596
12831902
68535572
67973977
3170006075
2603359631
3288844876
64532597
2427458814
402630155
1598846257
1914782293
2851281069
2799333908
341990231
585413236
1510469096
70976782
14435376
150456612
1604908225
278399131
15533279
2242601250
2191260554
45194028
1691178578
549476819
516734016
30853206
188941422
726304448
1482947851
551160542
1302601393
1002474271
1107888008
260361653
141209597
407043981
1002872852
582208181
1102542073
770052272
126382656
326158694
736098319
440622422
102754776
25272120
53550487
171485208
87732724
618320095
429565708
227284739
634281123
515826653
93952013
777979249
781434822
705371137
493009826
764706836
754228662
391699882
19363570
15815215
625997797
578792020
635845996
253800348
17181265
395545765
359687265
32353164
233729953
515117277
213754594
344042540
229346198
123965046
609653563
334849558
46036568
603698235
528251762
429068453
409142364
170016558
21480561
188285210
115799305
430976274
25471414
490238987
90810076
582214548
487645475
577426099
37010025
284572672
551818957
480811744
175581894
562120521
507384506
559223740
21097076
74768702
16745935
14562968
538379098
196403164
194624921
294526532
338880142
118106966
478652284
527279475
42495288
482792121
19377578
68689443
422920738
343150136
321605610
87493971
316357556
283765292
209193994
20957374
16605116
161288085
487291206
466466862
22275015
51581950
148504711
433705173
478611317
412674092
25474256
90188209
34821805
257263670
381735065
11579212
425921194
441266597
239663744
254428884
375979425
113101599
389710246
428305914
434768796
28674979
429765661
431064336
202283280
383340906
416320620
357146719
415018439
191596401
170075982
388916024
65637389
27682675
396678393
394837603
72239171
79763586
48524256
289385640
304457365
237937667
342743115
280963103
258050016
383995872
106539595
382206044
382756613
217283275
376866038
363252999
63439599
370871770
137460684
271982552
18817953
307803626
361281773
290085437
288303744
340552341
370851700
62315837
363361487
355757265
361963717
114132673
119745683
353532456
29837168
312029599
28360280
292946919
18452605
352015548
357186218
326901377
356182751
266254109
321436678
258605206
345601862
353209768
71508775
171097606
84617554
248829548
313034182
322689511
171647105
54772186
189659678
322012171
27680898
294070019
260168348
111741504
298967468
38895013
240720341
237447216
45921041
257164258
276976114
24062758
100149938
133369441
16273144
104906508
35038857
166279686
231206334
163456116
25776543
187230304
64167723
31707262
222654667
131250021
214835548
156239812
218593761
25728193
16691824
223960499
165178659
199571964
205648386
18343779
177971892
202729572
58820180
16468522
182440170
161007666
16044171
83893974
10329052
135583582
176948682
151100368
55290296
97546960
36890388
78745126
78064603
111075965
111334166
112682264
108968092
44164399
31433420
16455137
18801560
101127045
68927399
52106931
38983615
23609996
73135424
44148901
76751363
18333506
17214019
79911298
18692858
81881763
61104090
17920531
11274452
54976212
80361476
57894751
35888842
66551690
42665853
18262402
15282064
73855640
19485666
14542767
16265869
22168877
68536810
14774189
15905461
67401635
54254748
18427611
39971964
30872859
33655178
21366308
28588467
14467072
42490740
14563201
47634329
23703690
44512380
58258175
62026732
30202451
22061463
19041947
20622724
15470209
24349295
17260743
16872524
68533318
