60935270
18500852
2487496123
67973977
2315376242
3038129358
16231168
471569454
208138875
3328575009
2425607220
561115297
3227993136
2970525110
3234005995
1690802738
3235554013
3156821838
2516824286
2603359631
1489185156
3288844876
1726780735
285177964
1696770836
3187584658
48831366
3226976307
3091861828
2792544795
38011280
16908775
156586826
3188734498
3135707783
3016323631
624294610
63058314
285328319
2165007090
432775948
3102613955
3082614332
2427458814
3053227488
123767543
9940162
944997235
70584729
128457263
37430098
217845769
1097622314
89121353
3025829333
251359933
3007094790
123047477
2434646432
2962661904
355520163
2382853022
496259079
402630155
2887611441
38763242
2878952051
7972142
231839768
14351701
931006321
2851281069
260112255
117783836
387692038
2330260292
2875796526
2874089065
2856626972
1055593891
18254165
2850267270
20334237
2430253942
1209141906
1231713500
2799333908
2777235268
591198138
142833589
2609422757
2745461443
394134050
2382577993
1210398392
2703104598
747431245
2724369402
1262556817
2262822888
15544094
2670739500
2724438838
258714563
102467373
3639391
2519181145
170016558
1961754752
126663733
2510546275
2589394338
2618816765
16107497
187245132
513782006
2238658764
2528397601
1541570060
1692790417
1668818875
1463787757
2524867606
212286071
1510469096
1887658585
70976782
543004128
1584570643
431600010
524536675
103690169
21302845
1585543429
2400337430
2385704534
2400845922
80741803
504859439
13118692
2395351728
2416086706
2392572360
1934997498
2335694512
111698159
66796533
278399131
235140283
431744926
69610641
2347399599
836448084
81132258
2325800090
474299859
1737343416
409265465
408352455
1525342994
26566549
28670152
61412798
2234985618
994204430
170039453
13698442
429405406
26712118
276895169
2222398182
2197830206
1849548510
1927527138
71843252
19911403
1911334616
17142748
63417189
961598082
1966729784
1960705950
232998835
1305773816
364020584
1574377724
84896894
553899623
23798980
1908395922
1858330572
106793317
88693803
68071703
855852230
1847349398
104081265
549476819
410152420
26312030
1639826306
1253300467
1077005084
1400602837
150800311
38286072
19031473
813977582
1589485555
49046661
441983717
113130513
335857321
296511212
993128551
243457725
1534393040
511649071
92503357
14334487
1321016070
31242111
1535481002
17429334
1485580345
17879144
80102313
1321851942
14111195
183144124
259064580
1503986168
144692356
1492463724
1482947851
153551571
260299544
1163657551
359475007
1449960744
993831492
14429525
111097207
22670616
30042341
1265512244
22713080
52029646
272490023
16305471
9484452
974754584
542824643
14579415
1420666135
785256445
269553150
449414897
1164363750
117317083
748666453
35204285
189727314
291252989
472149564
1387517730
1387568120
82800154
55633643
382104157
155918040
1302601393
980881680
410778280
561441030
33190640
571069532
179095317
1343399798
28756851
260361653
33655468
515026498
28949187
104870969
405209507
382128416
14192558
16931984
145083191
1244186622
25565692
21670055
192373071
198284120
1152302712
389064020
87340865
232633093
395036219
191713855
288830072
1149316795
6092972
313375223
1226473824
405912365
16206698
59502660
555342588
1052249246
1170792781
40711129
361321755
119083950
407043981
239525913
65726747
976560835
292909294
962665298
1096364162
58233060
18120273
214190405
853522945
741549421
14807541
713022096
521748570
579531067
273421972
254719698
77100522
30709612
110018215
237997553
129360573
618787000
68364262
529698432
46008919
485051625
901348998
18874383
254315771
962472494
343172991
964810891
278096906
283584986
19289998
605908988
256960793
147516008
326158694
848428746
889630855
44737035
892385995
440622422
883997976
18092119
25770145
862654278
868890049
42329972
418854896
808846532
53146543
831813163
19468598
842240233
207300125
827515944
818833772
596228755
284699826
593448258
22275015
595954169
741587372
468769143
705371137
48383297
14486416
426095756
226683870
116535776
531541162
25058557
63856854
198652650
603698235
67995360
136369689
19363570
567712595
720582662
69892812
528066450
635845996
705316094
625997797
634755905
17557916
514802048
350980486
114351907
632690708
305874764
208261159
629385664
628367661
32935988
127423191
23608045
18293052
31889311
205452813
186791824
244547579
415516560
419582817
195975940
563114157
15964580
38013237
407098486
54432369
203032970
19230279
226034298
606863978
599654617
108637984
75573233
604307645
95706387
17382621
580324359
53198020
569334243
322024752
52815333
491568209
500447439
134802688
430976274
484732997
27188645
539338456
564748792
247834706
17927796
569302640
177508383
224353014
414041530
282911067
563703980
29303902
562514178
69605342
559223740
523211291
557400845
14262217
24785307
136322338
31212434
23099254
388925074
280192329
174089136
504766411
49115368
343150136
286741797
25239043
59953198
18024692
32712520
175252654
481835706
52128040
426877920
429567236
361185510
18361263
29625407
27702107
18122984
73986605
409544667
290019693
338880142
246823261
18265163
18589818
349180879
348706898
534415777
495753586
323284201
20937657
348379636
166172649
148829645
158727311
26404914
237971587
30290480
485638433
494788494
26638858
509171329
112018582
465298563
199911960
219622979
418327138
329492856
476205583
23602189
396262612
374719258
115565084
37899134
469276788
22748205
23951894
305189402
430056458
464719464
430858464
27073950
22150628
253197823
299049196
48038030
20705868
58617198
18730238
46208124
448335920
107631561
447167498
447134659
448034458
227117141
221977778
428305914
190642534
49507890
71276879
385460980
399557279
180433202
118883771
373670142
24683150
279389174
182002005
429423958
202283280
17569478
289772609
347731615
243132645
385566380
414164960
370972458
106008304
41756090
414480746
194783022
14219335
15758156
21989870
23884395
15876864
289385640
372453698
208456772
297829660
118257751
22504093
394837603
385758527
362479698
373047456
9581902
359621991
343107207
392043170
347340156
212642791
24736757
338303075
386364713
391225482
21748010
373194681
376817360
340457186
85144671
39610839
38703581
24012890
317016235
194587229
19400596
248210641
288751187
228914407
33057154
120878131
158042890
250392564
360627053
255088442
355610306
73284188
172457982
218017989
278144632
173948580
289115103
163456116
333639654
44950632
1307011
39140262
294157924
15514236
112766770
193710120
370143503
194773500
347028860
15211300
339968292
236985991
354860750
368435989
77329593
278165900
359025399
357146719
366700051
273642203
355329272
364002497
50806768
363851271
17237644
173490039
259318694
324047989
172668196
340549559
29403856
281426356
361860699
335338133
123713942
356301155
333351267
312029599
50463093
39306383
346848411
339442988
292946919
16225850
277587557
179662827
258632238
250197610
176418075
98364447
103395037
328049361
164444085
65979310
26914568
90347924
15879903
84726219
30685820
337248678
175641376
258377888
21746089
15883802
82956754
283419278
110284838
8276112
73015323
215010810
59121207
30210357
18650204
20858606
142912040
338602351
36087646
324647050
44002849
328371651
327472844
81136195
158275681
177986639
272566022
240920843
261964850
17135515
115467095
36872810
207865299
33663792
67578950
344196530
296109418
113367373
135614364
14884180
71710621
217730841
200581944
18343707
266644713
42646275
338459339
320476788
69868412
324528733
30841587
222820168
345115631
171990521
255178011
113109152
18543277
225416650
328751186
342665705
18663112
321278728
343777452
330571802
17033708
14685697
314094566
341348010
7242402
48971936
50273489
105692231
33088671
323026764
155689919
327509424
304107084
220024113
309937830
237884909
325445861
328534160
196647588
45643232
177103435
229558589
160990875
164977799
319185766
18663091
268012382
28777855
326437771
266764385
292068331
286250243
113744394
311309703
321834292
282135097
313034182
254354672
236320042
240281013
31390887
44171091
284338073
322012171
46451656
289564413
105657625
243659606
271845270
304830840
16911837
267171658
9810192
252680448
191831122
148838721
11922842
311898771
307814563
16634881
315391180
62752660
45604304
293506148
279092579
259798883
36588866
90363083
15487364
15068399
16596341
306394677
90457405
37456649
72633937
221977530
142813732
18366652
296619467
71902101
243853854
303470771
16352671
121412321
303385276
103653633
22745342
183089831
15379248
23379393
299485957
89812064
154647635
74269194
284787360
45921041
285819552
25029390
33877370
296726107
58243868
262547197
293503647
18970680
205514475
223300856
247922626
111408998
68720499
13639262
241236624
31081562
38895013
47118754
274079807
290445562
31619861
128664250
280412122
34093364
263004102
19032806
276406479
17021120
232503121
192997277
61861917
279150714
124234337
17974751
14272312
36612159
155906081
21776552
187776461
22952245
272466038
89122015
282336562
27306741
43745367
263703909
87588982
263440479
113369350
122791625
233174986
171175659
9699192
106136389
217695352
276976114
168696336
276228167
15416739
121839232
239610383
277258492
241120697
126706356
65149619
38234933
19877600
98084901
40282219
245823515
155934050
52526819
80263650
254416690
53833567
142533079
18716509
156160343
61031630
185608591
227097598
21139851
211717944
263942336
270806570
237228265
263898530
14202195
22570771
251675414
258127708
227577925
82455452
267002310
205137241
252969975
260415301
196168200
232827715
213295930
5570042
20957374
103651694
79583373
31564269
260046094
159099962
38244577
249524999
175255610
62119457
84884496
14916331
15640926
243693802
13396002
23530440
240505470
183658259
222039512
23166140
158866945
222045605
239392038
240424681
36336240
203194504
15195732
254069668
104906508
17068809
19605981
158727050
241866284
249176394
46786678
112558885
193095873
35038857
205774502
17063766
218443543
14870679
56227000
64123611
246922507
245043352
139996693
196247851
244505607
229070285
187959991
54689407
182827105
243212622
28341111
241515099
44327116
230786176
183048286
99363743
187993808
198371004
239166642
120921290
115547642
218949048
29040062
199399658
240189470
218937605
95137273
216120282
24305191
219744111
222605274
238066055
226593389
212226907
73589245
232415054
22445925
231120966
209278328
90188209
193299083
202955582
30394555
35060043
186235037
218230917
18997466
185662347
215085399
227132468
174801347
222508256
225952531
157951927
184837640
214960839
15785116
223727569
216707460
222042796
222040225
161562274
197958384
214061774
12392822
210192641
106611489
199571964
184018200
210539390
147046533
123263650
191961748
15279465
14112296
187250586
189903833
174085293
175999478
78810222
217425637
216841278
146146938
217821196
169125318
44979041
214637902
108466661
29326189
204921827
14529174
15823582
14573730
18501320
40112750
22518425
192655558
20986258
71760426
164345288
145418848
41439548
189892361
177677328
203095610
41369314
195437585
21377763
17513981
17885796
49670727
201486404
25718274
37809848
14813535
206339998
16528078
29787193
166002265
204756916
152369572
98593629
41063128
167889031
202469072
202468030
141713010
137276394
199334131
26385846
113302712
74529629
15607632
74742965
59722579
202569679
23312707
178027913
65347398
141688728
92312888
15706633
163988890
184219733
27569599
198971482
138888418
139773056
190684722
184839880
181220841
15887900
177302812
197901148
17573788
137504345
25746044
11691572
130908662
165891353
14951992
16713919
95467343
37114086
6653132
169209826
23946889
12592192
186877541
193202366
143135457
28442531
169286516
33626568
17462384
17489654
16933525
133474481
17181265
182440170
190915887
146108595
190799076
45269464
34136248
5377052
185083436
188046302
178955432
53072214
16696633
124021561
168813945
164297213
166653118
88423982
107828803
143086336
92542951
187138502
155415559
149008544
184058148
168721069
16535694
66621998
21532707
133888026
56620249
29292924
25510555
89802173
39545828
122189284
37302989
163885610
29847115
61289045
180466062
172115056
178892245
157813580
177684752
40561968
35026109
22671716
89799464
160962446
36104581
59012502
122021843
169976858
176533597
54019750
37036394
19305768
171651380
15162200
64886972
23242131
169213692
171561096
21582541
157391632
137916790
25610972
24698555
55311511
105388438
68825492
16915314
153875308
16462209
19075879
18466925
19449254
66292437
116573581
111966379
143166396
159865971
92377932
26305099
164865277
246103
65336850
87790136
103379412
155623606
30281140
19735514
89367536
21789453
123374347
153689402
15274836
19374017
134591973
14875041
160731287
88385582
51807217
162740147
39377814
102477846
131859352
55648286
159965692
156291549
15807969
19008836
146180488
60148606
97731450
151755492
37586769
97740347
156136299
151713921
76333569
150076701
49611121
155635081
29278325
37276382
153992899
85962548
18481646
12506972
57528569
52780922
121082874
59146592
143406517
35080292
41879712
152691767
49488028
17822556
150638293
83893974
132221832
49629567
152782227
151100368
57687357
25728193
152230425
18970979
38793166
15539362
46923217
150115237
145797219
23040846
44551514
61029455
147554312
27714395
104608144
102257360
118895533
124742769
14903690
118898374
55290296
118912418
118915589
40200500
115653590
113390411
80913997
118903299
139655552
137881142
71309488
145261599
102456700
86692803
124595248
136339190
14923177
114631196
97546960
108391366
112381779
139857033
140238888
75794540
24065194
128836718
133606324
105264593
107317356
137681671
86776195
136001366
91875395
18033939
121628501
67511192
126787043
136490190
16462669
16305494
54224633
68468837
64532597
60933681
7486362
27617074
28191577
87989291
87493284
110978983
134285626
21507883
17165232
93271321
65954015
87479659
128277769
19341895
4798061
16475594
128112518
91226732
70891407
129669900
26251552
30173948
125648958
28877948
46516822
41406302
18504867
123797767
118581743
20688205
19268540
127144907
123397606
99993303
94282400
18760460
36907824
114257973
50614549
126593093
17194090
16344137
52465920
96188156
125485730
119587726
77724698
109316982
125139390
39376044
120491368
2665501
95281747
53687808
89665075
19618046
124363684
23602815
124555782
98165169
92475399
99069972
118901859
16041636
43865033
123302475
21718981
19263461
103067027
21207355
122916437
20522671
38914531
122869634
80310006
79026462
13655162
14129427
93945415
15519740
116822156
119815341
119097749
98972847
120701272
25994734
119670623
93620400
59103901
118712548
116295341
17628104
88762410
21918493
102405910
40065724
82091569
96916661
95081222
73778889
116785068
21622539
115187293
109944040
96346911
102707924
60794948
33526815
101301483
78082493
19807698
87495080
37985604
74387007
20017243
115907002
89473383
77689647
15864679
112682264
115202014
106871017
111310812
25169797
68885399
111300720
22627888
110797115
19898519
49780115
98622599
49870681
74001608
113643881
22181755
91800476
52934075
18639827
21594021
20894783
16527254
37688889
21013461
58701489
18398842
9548232
45928398
58759193
88013030
102039141
102120580
109110755
106813859
24430500
35206283
21841155
100150301
111354002
15971049
110256091
35301105
107671359
15280385
36498294
111334166
86834069
22657351
46365977
108968092
50772182
109681673
47676162
31119062
15450146
14648201
106391462
110330024
32507760
107609822
71244775
49548451
96986156
109977848
18743081
34935499
14718569
60647154
14808449
46748074
30642401
75525913
109322829
17850621
33673143
36436679
78763988
14154031
46884571
25616157
20619257
15359014
55694308
19060001
88081797
102714187
51501769
42286738
52003110
14944241
73021957
17636414
106690842
44164399
108040556
16052478
26053097
32298658
35732198
22411342
14168213
57043830
99742444
14419627
66362056
15704958
23661767
6508722
97976307
25587687
81120875
103093050
104029649
36584032
78001958
91606792
91363443
77707387
92084614
22504283
18485106
18691728
90064920
76408555
21058904
22293463
6387652
64236070
35458779
58044082
67748167
34947427
61211118
16134112
102899671
14314579
29040531
90590800
69622980
14778693
24999304
97031388
76588480
103233995
17842225
36627018
50717119
90699746
102845669
79622156
17931227
13220962
90262900
101360828
56035619
53998841
29819643
56572080
15665517
14703881
32517594
94469442
89301864
9836582
49560963
30380949
47416975
25686946
93762284
14270329
32673676
20112996
100465677
24074127
21410378
21345004
18804649
27619162
71068305
10329052
41040752
55927570
98671455
18692858
21065280
43906965
82931194
76043219
26295390
93238157
19068720
48985743
13759382
14717199
17373169
78569026
16196528
35494224
85993623
17912968
60767749
15769327
33627776
18294841
49589039
21967643
7921842
95839713
58791339
97486261
19596592
44862952
18639716
38983615
96925972
96906749
51911335
18651305
49132710
16678271
87354537
21831461
57311330
42324437
39674996
17241517
19493566
73218938
18793841
67864371
14747144
55881988
18306792
56490639
10402382
95908763
94418131
20895510
69777227
33004414
94690607
19251085
32659674
86528558
74519758
78789634
19874022
20796099
91379870
19271890
39589454
26737073
16229277
17595699
92519355
26972557
19149195
16283736
15669939
42393496
14586323
92640859
35017172
25332771
18704352
89626056
83979674
17813135
60217797
23771892
30127036
86968541
87494273
82216584
34487096
44834228
57820320
91043765
16318151
66834352
15829687
19785835
20175361
92299772
90798712
54017553
73121713
16408847
17817744
33044533
21635220
62059411
18962393
13065702
67305097
15395760
16518494
47362808
23127952
817127
13143662
20066365
27817316
64522624
17283532
73986502
80686372
70556652
89994902
24138200
87866812
54678150
17543807
32967876
44292587
19593940
17869267
56345173
18489766
9268652
38169444
45581549
12014132
89533412
19918986
88996741
18395452
87452264
87104822
87074699
28443212
69756112
80723549
22533825
41743109
21043723
16166839
87033300
22010026
87682316
53126814
14461551
18333506
83850606
46119450
19514365
80114620
76261945
87922029
63303967
14893297
875941
15023545
17845639
22029138
21962567
16002804
20914143
82313086
18704111
19036527
29059879
66413552
46743975
78646601
25393674
84698539
73977942
87025661
47737434
28487033
33742139
11274452
19572710
14589866
80647070
17766365
55700112
14236867
15689431
20866126
10785292
24108341
15973816
23954010
42083393
25656675
18429473
85320876
82575806
60404823
85949779
38480840
33124954
39906457
84317873
45416599
37820062
17489079
20614778
73679166
70703429
15694863
29281472
83233823
29296951
17245689
22393410
84380148
40557567
79009788
20174818
59472451
37501173
52431629
41160083
27317014
5618162
67260591
63067010
15664632
83397067
16975458
45433968
80205680
30037650
70364230
77498169
16585874
20315237
27692305
15779252
75080839
22668054
67334448
16593057
48768025
80971474
79344520
22304773
35679223
46577579
55615697
82014426
19487056
9666402
15645235
77251301
19177501
46106143
72916686
29580202
43789016
15772152
19202226
30074664
17388022
16795167
56096583
9499292
67478199
45124947
21721548
15399492
18079850
18660521
32774989
17374293
80570938
15798969
26993825
16852245
29607305
16062445
36877932
43590225
79088645
50872797
20795704
79295663
13712502
77136614
78211705
24344762
23506185
12903462
725213
22643276
34888870
59098164
20089586
14180479
15220583
61054518
79064469
60643214
74350380
79109793
55934145
45130194
19378927
25683929
29261320
14261168
79084482
16315743
17202429
18659984
21314814
23961894
10475592
77346295
78783587
70136994
14946615
53655558
19884881
44912458
19462341
58816875
53474209
21754769
650903
23198980
75002712
52837460
59109225
58606962
77699438
71325061
77628150
46835444
16624555
16865583
28018214
70302730
21630825
47796019
66612200
36518174
15195171
76498905
76492147
5456602
17191124
40507792
52692378
24208754
37136417
19934514
25463352
59531867
21515414
17365139
43503929
14985156
58380604
19465708
48704922
61172452
62284036
45841383
36189748
67873390
42702216
18651808
33005890
56843255
40264161
36421300
71955655
20478735
63367272
14610275
58486044
53721909
19266679
19593530
61656687
21251132
53245514
50003987
22529194
18126443
18540986
19999032
27700636
20698496
31778544
40875599
15959560
69645464
8447862
73634799
20388705
60699354
73376959
73243054
57532530
72549663
19679758
26304690
60053197
45582117
39697114
35552462
20837972
72788365
23408978
17774261
47352336
45111465
19654506
45753674
37019769
72803492
72802595
72799796
5448822
14565233
15865955
42173359
58418904
62082999
34627843
16582866
17032953
29039026
54747219
37554952
64257701
47455750
18586925
49671670
69583185
9803572
32492407
64327288
47018037
63963724
28240302
72356845
58057717
22630538
27157255
15238011
14536203
71635295
25175022
19478383
29534881
18324570
63013144
70459707
19000765
25468909
32520787
14625088
31987273
28372397
15839938
15565558
23958589
29509060
16612454
38688785
71023187
17400369
25681991
17154459
2318161
14948080
14930433
21780888
70974238
66683913
22494499
14764224
16999054
61836562
55386887
53396285
62298279
62318349
44900913
19664005
19007440
49945710
32929290
18301196
23515283
49329968
68558738
26707512
18582021
66612861
41852763
15997671
18765061
59106693
17539463
70505618
18369646
14794227
69342729
20600577
6643932
61292159
24770812
25777000
53130511
17388861
18470417
40066686
32485162
14566529
38141908
17213521
15691437
17911099
18415236
3383771
14752811
14170609
62393409
16999557
22028786
15395061
15845446
14559590
17367169
23260467
53675737
9094012
18427541
20766514
16478273
15299829
20162681
18478601
14713503
817283
59104852
16495043
63818099
59171312
22151880
67884196
53584026
65068160
16921533
18381457
17843264
21954033
24369882
68412895
60777394
5820642
47421195
16702387
22532950
5668902
17802972
67358305
32394673
64174988
13657922
43118804
24965771
13034922
35888020
15430984
20644529
46299239
24535391
17862527
59620071
65668404
27493142
9793612
17269607
61566169
66790191
62230149
22433124
29720777
62291305
27058665
15283530
14761339
18987762
45235201
26089729
18452605
20692317
17996062
18491946
15187542
14661972
15137805
15786845
41906441
15675855
17248165
27046093
25804115
55568378
27017985
65625302
42079357
31429201
65913906
58534632
46043992
31583882
20193935
62756848
15615588
53506020
31114022
29625623
15576429
61947908
15416116
57584144
45686021
20836993
20421430
25308906
22505457
61196095
28384673
14503541
52705530
41383366
39324725
15182798
13218032
15436601
22040927
4264291
22640423
29809789
64069149
9353992
14099422
29040900
14150645
50796477
18678196
17019296
19045698
46072286
18535177
63088940
21390490
44633245
14467072
62490421
15319555
44715207
17542265
38340811
18197319
7619982
25701776
60918547
19917358
24919723
47762195
27565236
14913764
40936086
34049644
40943743
61595629
17352686
17204460
14938312
40425024
61641804
25759162
34767150
24697277
26164442
27938907
59167870
7823692
17061270
20423440
20030043
15773297
10123322
16836566
18594195
23659584
11214782
18999643
59550224
15006658
19910231
53953955
16458180
25294886
33590051
150442745
2799333908
278399131
2225449470
213780199
1485580345
1510770776
1482947851
390387225
1302601393
1107888008
260361653
87340865
897636840
326158694
635845996
430976274
556126836
559223740
338880142
406605180
18123882
470670272
202283280
415018439
191095714
394837603
227536515
322012171
38895013
59960213
180786488
178154750
165334063
26026298
33880118
41168715
71030269
133374195
135646681
25728193
133940293
24158983
15279465
2949896601
23474949
40728125
632998216
2975173453
2330033425
98276383
23049758
329394813
365661337
298066960
412362576
3028898086
2167234472
2571539737
3318368861
2464933328
717229758
2519931614
18076167
3194944443
2875435701
525005120
3181354474
90925074
3152844304
2996957273
3029737286
365613635
2928937059
1343019762
2203776151
352414533
498392326
3087227169
21982677
3016306290
42034114
1909467716
317210823
3273441524
2550621678
3099560203
21316279
1508095369
30901236
2915275804
1964693936
3192432140
3367957493
248925191
172489932
19893855
1923375980
2196123024
298663128
2365163134
3289105505
340345963
891948900
24829716
1763801
14375294
551518201
2324840449
2718415592
1589468701
3309740343
365659212
2437224949
3341768037
3362954555
67973977
533711795
44324120
15725922
381765089
3358687599
1964220042
16475096
48831366
3070143324
50086812
2309036642
56440601
2321757679
2832071580
598858210
19077568
3070354290
28022257
229888557
129525982
2891093864
28315433
2294876646
16279675
1172847529
995110142
106440860
63848935
2360227482
60465269
3141557236
3199789653
2519461282
3223407510
309169705
3047925973
2163354020
161099163
2738610022
33767959
517246966
2993465277
2895433868
47315810
14075441
133019983
2962865561
225122884
3103882111
2729266332
2597005328
2614115846
97283959
228072247
1449022302
2218680720
2870004976
1003031816
21216917
3242286078
29089641
586164386
2532284256
436940503
2323092409
3051955266
3243857018
147583397
293254023
208138875
1948821186
3179459430
1404488059
21581475
2707880419
930636098
3239617658
31167695
3072589001
8876792
712048290
96040460
2450722273
776081016
3131532597
1385207694
17236925
2493689053
3161294731
2831744754
2876125768
2516824286
977331283
3256922728
210541126
2203878362
3063427441
2677999632
380915970
598829716
2805361971
398560382
3228331507
113203481
2963121946
15209135
3264581153
310911917
22870443
68598070
1112225545
3163978291
14269312
3030535299
234918363
529581036
2419187672
2528409936
2537781000
370732083
57551989
269973019
14077740
3288844876
15430913
1377352896
2350277641
2987599687
431127146
2434704662
42938368
45969749
61809468
100277835
429851351
3193447172
2464920451
15641893
722005716
46904369
15254823
3188262614
48695135
36973087
1327743506
136401228
3178862558
317696587
3064518585
242420960
18479467
14379514
277042857
1414064203
1877297779
17837285
2951509818
82186838
1877308058
31855697
2950652633
1877787097
2951472564
3019229467
21409384
99025453
3031575569
20234549
3179473734
51227924
28633111
139489861
3138026645
215875807
2792206331
1878987517
2396464423
113471876
18313551
329370694
3080416681
249561157
14469397
2462439854
14920304
922861225
2990240570
112492796
473386060
376739277
16926069
2175244392
93525075
2165934734
165083973
1375535150
2909237497
3192731847
3092412465
210684204
390503318
3041758009
2771683027
879156517
148989360
7384592
369164719
281292130
2583352644
2815704983
16492309
57115943
3167520215
2856668591
23015726
34167466
15154258
37992927
3094145895
1133571
32450625
2525479396
2238072205
3094252936
76809625
16132791
52067471
2567181606
14465204
2414927580
1498091653
47411716
19281605
538147752
2395357638
19635266
3170260053
237871753
1256706426
40111868
2596495021
20928541
2417630238
2983151759
809636521
2797880802
722291904
88982409
67375377
1531258092
534920754
2492285185
67327726
2435656188
1213932492
2248418959
560579370
3003210461
2422714304
1962860515
17120805
2297810047
2997889255
805251936
2927782231
25639650
1357259774
17140702
2799568447
3023157212
3145633314
488484173
1897952480
108455487
2491672154
18946160
285344995
3087139568
234868065
25508986
53246424
16462161
72411479
735642554
3011814710
67206363
2942277155
3139528148
14111160
25757385
715663927
16844386
236986541
495176435
2650814664
1109129239
480252737
3130661006
3096968575
2180448996
610547449
2291795562
155202983
532809257
412381421
2630178815
139565254
252914193
1445121938
3014694644
2984953662
2305674588
204833926
2335594732
629644906
3063507364
616048231
3121504186
349245599
22411342
353629987
49269819
504018069
1322472612
28689319
2514249890
89557210
2379901250
50019798
529016277
2896889600
2285432000
345710344
2704136006
3101262451
14855250
3033459788
2151139585
76676561
874784516
3001520457
533408527
1037609425
2264983748
2901513333
79966812
1020500280
2239277436
49654515
761992254
327397126
14583046
2909417045
2327706199
2431398284
280821719
2393354456
55985614
2820674952
2427458814
3060539594
145289882
183647981
193285259
735361278
15234461
2908149291
47505282
305298965
2785730660
17503328
3072669351
262334152
2952050607
3077867909
50210451
594898373
2282592014
15534412
431742890
3063549673
15612251
30925396
142449301
3069361559
147700865
21352483
2900876004
380571753
27580713
1139077532
2798236087
42992159
2967928463
3055144332
54743329
353457568
16137743
28141192
3055962946
3030532401
2479214942
2243229440
27933532
1433962327
2757305676
3043664261
2417659442
584832007
15313235
158461054
1115283536
17023392
2342310817
889685838
2966600723
3038854080
2960566863
3054952971
1090025839
181133185
3056439269
177955110
2384738887
500243463
575580368
2415652722
1286798972
434353023
21446410
2296124966
3035209989
702202826
92921229
3035895563
95776405
37338074
635636764
362612496
130527779
861319464
17331154
632699796
96938272
3043882143
21360280
1090070120
3023247290
2953774089
2490700826
17068286
1078008103
1493918006
3024133347
721113493
19713521
23051792
32157576
583452263
2872846498
3030474970
3029336584
280192329
2350451402
952630182
289727908
403587680
11354192
2220056149
16799472
334540197
141694261
2927956164
245864025
31510165
117172900
2791589299
1352533891
1254098796
2654606641
1016316932
42988035
23645649
255040719
2383987016
2522423042
421011610
16397124
3004591882
2242718510
2966555681
2772258532
1954293848
805718
377497721
168696336
1636809792
2242677115
3000771203
1938663272
247298367
1700834246
904782662
2872800814
36652064
414925560
2776450202
2978207806
178322359
2240458374
1400535601
1111320127
7682072
2533477914
1324292497
2988987897
58644094
105391248
2826984955
128025883
907649954
2853885105
323254491
2744360507
52748879
2981737323
236210751
54587879
2791901114
11673662
219539904
20334237
2926170865
2884831648
928749930
2844688340
1873825830
2468561227
2567523902
563691118
287621785
23585826
2966174152
30627024
2232980036
11815972
1630313190
1436012527
205718057
2451759192
20698294
2798243911
2951533209
56681659
14173753
2878103038
88483047
16359612
229618437
2587789082
459565990
560471493
7003512
514538296
14562968
1205718840
2954911695
31299676
20408085
311497771
2467785506
32119740
113201620
302021834
2579257620
2203584242
103576290
1345184408
5612782
71293406
2905487635
2190730708
33715192
712643187
321299775
22105825
552865756
2763485774
402630155
30036913
1526458003
25666138
20468339
40337215
561194567
248493334
263473031
16228599
2921234801
2504274036
2356244840
385125725
2842584794
44119967
2904928427
107740210
2266876387
2798343823
2786385975
195964920
14818867
2426662850
1239789756
28061530
791666792
2831925693
114810863
14052200
436964405
1603882129
54248648
209298111
372033587
31825986
2873251381
461489955
252965726
390380539
2906212530
1296384252
40985704
228823277
2836476576
266646115
53072856
2504499396
16559378
35842354
110441357
19989479
550479889
484808024
31407052
2401941805
2683572974
18221669
71796971
820119434
2478751279
64777861
2858830358
2416574036
547837199
9778712
28670346
2911222002
2303676979
18324336
31488398
360157046
573796934
848485369
500370398
101107997
107503624
25205003
380068824
2853907839
2862721133
473179284
337226384
17656616
14089271
15782767
48971936
40811023
400163254
511442939
2301821868
2421326550
60833031
36440780
750728611
27715547
839321035
60941987
1517923556
30538572
2875581496
236450005
2279893327
245841182
906296149
2859706462
14632998
2844755530
362641628
2734419859
2844745283
476254319
83128135
18909248
1360320733
2790338290
5548212
2842097489
253663760
249379601
1954982815
18567605
41915225
29535820
229195516
17819020
91391904
36404430
838273429
2858457593
59557214
2359182066
2430976122
1524812599
568316890
227407583
2314478191
2437162778
36658966
84143465
2460444842
64324202
316688308
933865524
136322338
22132867
763883617
2256465666
24221831
225951051
2416432548
1462798867
503732923
847014216
1024721912
230502645
1753240771
14081445
250291669
2651616926
1665609638
403859674
2695606310
8245262
38449898
2210001836
253006358
1093893686
587582565
2848753621
467924781
338981875
1403527058
329759380
19357166
763906566
2533422487
18072234
18481646
2786291624
2645900310
2855032430
1694628889
2780269022
25724916
170010714
578977368
2463144732
2575281056
2843435130
278058718
2785126797
50711168
2286920017
18282849
472651366
463205843
2466967896
2838970140
1662393379
2478804961
2282579598
2809477858
2830122740
141189815
1180495022
1685784900
255638429
5637402
127678077
1519271778
83214525
17750615
50073626
733280370
62941795
75362308
42463470
108658331
244193371
2799333908
2418383227
2729499029
2780540758
49605880
944549220
904695758
272141779
1506541836
2777202953
1481920766
2815473896
2570338950
2538381271
2615443639
394386105
74519008
1058247403
1077901477
2741114104
34439321
956151848
14477090
145188248
1955309432
776174454
1369471340
166415939
1452034232
897921314
1445247258
333237674
14446656
99471315
2151004639
2227250564
2774321041
2777450832
2736200424
1040643888
873314053
970908631
2772745776
476773026
14678108
176569877
1682221380
14434287
1525250940
2194800114
2698379382
333490233
2189249204
43961549
257102545
16158472
2740158860
1691842783
46571853
161854357
106821811
991202048
2701184774
427797615
2471572086
143215148
30878510
2151763796
474472585
168512551
633365389
22707820
80674650
46071726
2263325636
2416264122
1653500053
1117352112
199741841
625336491
2443838071
2610137886
271310322
2401714386
2686072644
435563850
97262677
2226491683
325292845
15443687
18583732
35615885
361912807
13006852
59470807
66114480
25824313
60571975
226609306
2445436358
2675892744
920789479
14352195
1942309886
38509175
1143371251
340955187
89816033
2249226810
292187017
2289035838
543910657
246316710
401697229
2399960264
2512746356
1922710770
2474957822
1267335924
260384511
22016531
1979492497
37957498
1428633776
15447545
254132248
1936283666
2668294184
31322568
705360714
26350399
2373528176
54443010
2292990992
1255316414
2649726534
2655662821
2428121960
393439707
2628853186
21559748
2463872898
2652999548
313378667
53746526
37045831
912707682
1639431067
2589388536
221325332
91156451
135508487
2412260047
16636357
295889611
21594379
2548899218
369132045
1479552734
21196680
523380841
29384216
2617181433
2244110473
298127180
2532328613
28484149
112833757
70484977
64819187
24918760
82847135
1694317219
35188657
197828564
15607043
37671948
411845007
1151355288
2301805512
36194808
82608213
1522812884
79227300
807375552
2457027067
1146058842
29000984
1451769422
387596675
16212491
437081670
2355341922
20934743
1584418717
19800806
299291543
834531476
184868553
194337998
242822343
117140706
306522291
1526404944
2269078164
125372646
10316592
1383179323
1096384170
1425515395
23120076
947210046
136373431
18904206
480482017
2385164136
1928398364
1431287833
2589511514
15428926
2526157632
25165065
64139627
2395144584
15801295
333902063
1258895358
17350542
20341193
740972952
1653116112
267320600
214731055
2546202710
2582561088
404264879
1483210160
2423095903
591569976
1099559881
92595046
118823132
1080217543
15172980
2157542372
2175459685
229613393
2528711437
309419557
2227143195
297073904
2534090797
2375574151
57112985
2612175273
1564307491
2221720579
65825587
309124612
365659990
1179529506
14132655
364938826
2350371451
948135559
95821953
2354166962
88757735
23817330
555338903
270541689
302966112
2249404476
350880429
2546468911
20885395
16349406
1854303487
352289827
15066876
21814175
187245132
1516199874
85662591
106300188
16231168
2500209194
254060325
585413236
544367164
86040496
586489282
1855723562
887537587
418733011
2246401808
561491260
314165654
79380331
96564060
1140790790
1537149908
426967590
2247355933
33519312
2371527996
60715520
432700663
2530438436
175419846
396596585
1541595145
22516489
869236268
280261048
2400045522
16264803
1231547269
2434902212
47252034
21956623
253021980
87996215
309068734
560116687
2500447748
289808405
1601463414
37550861
2517646015
2279363450
159096936
27461739
1618402586
38227761
2386239474
2511327084
405608099
283907785
22543888
225309965
186338394
807894324
1514143770
820067323
2481983263
2176493124
2497108136
317310605
1961113274
1171670953
19510776
972548400
2201141251
1262819953
74829880
2470247336
41465499
2474586314
39897996
783869731
795936019
2482764738
114684850
338462711
6682272
2444381947
58517071
1229523830
2336766842
121794348
272366869
272483140
426746279
18741438
16205713
586827555
315794405
1317785365
2268404822
138860579
2482055523
1564072062
2384176734
63447524
150557007
2330019438
426894616
78812832
2422580502
2323123429
614453254
72541878
590548191
2470503569
879161563
250640797
21331977
202771715
2264751060
70976782
2429097374
1618740026
14430086
508550046
19418708
22149474
2448009319
1050887371
2396698369
199825011
45577730
109813218
166241944
283641477
2414799786
2376708367
2441142560
261975935
1477965025
2357124548
2373343099
60992872
771616190
524536675
15580925
382251758
1415474779
83618557
900166393
58513540
574125050
34296157
331789805
497205700
2432095434
1604908225
16356833
15219770
292970304
409755591
426026647
16700091
253016805
478610727
114425583
342524628
15747743
141972844
15665878
466791364
18083682
1019823438
7630572
12010892
388324988
1540292611
363657522
448002010
82019372
2414832512
44046815
1645063657
94184835
23221326
35127638
1674587203
2350308276
521744731
2348736332
2269365895
11344912
1197570817
1714004761
586603171
16264206
2411577769
21874536
2389655966
1135294963
17325009
2384943631
60223574
945495679
482108882
2343329371
1931958692
56474435
47654417
768845053
475168869
1092624332
932957318
21279340
248181535
53157306
2393195262
2375620291
54657533
497569335
18136346
637184071
1177718582
73768708
252809481
2247389363
245730560
40902923
300870376
20025265
2352127344
1228057568
29284584
19070025
396106623
163878122
1726272698
23673169
2378121066
2295083310
17149439
2359805809
1307501564
399827111
32896052
278399131
986106360
106793317
2208043483
2360738161
1242017262
484885913
486151919
22835920
24327930
105507225
1244577362
472403587
197185320
12918882
349688322
453184608
77389904
516695884
1589413219
2366001072
15404517
1099451954
586857368
23648764
143679411
2357825695
538423747
44824928
153929488
437033944
1241767789
626801271
1599669396
16017003
433172256
2359704576
189259248
38931262
348014692
333680837
456113031
2317609350
20605388
31043216
494151519
25294150
25113724
1074273584
1589395507
2359841161
161719909
115373306
2218223953
17292434
19315214
2155675206
2361929518
2356399807
9629022
25003235
1688769842
1621329458
60659530
87335832
2352431220
2352080690
296262364
2335039358
967679178
241669849
1260244506
599304793
2330775930
2347931738
248056874
176129315
122759220
714685754
613076057
773784889
942989588
533540523
2330508390
1970601542
1403726954
34283063
2281373638
17289662
41392335
25603419
1069836566
2338695870
41103524
49344223
254805173
2332836846
175711277
29152523
2150127817
21735080
26013091
248568868
2242681608
264550449
18164805
2301271429
177195666
715534364
2284063010
462974464
56247484
1934958428
15895251
1932418556
1340312298
2329091437
394149448
2326040292
8465352
2272427982
48473181
35385471
754559
768477271
578434006
36549480
2262869822
2251150633
616294364
21909421
72168063
526830364
91942071
926092176
18185790
2314907046
188907924
58559649
464434715
441549856
38678026
37127999
2225449470
480667938
1967533741
818463878
330509397
71554911
635813107
1650900547
2281884056
2299160569
932223252
2242972596
1108013342
1323379315
222210673
1691248620
756340561
2291053021
242505643
8812662
2297193649
2260815797
714249878
11929202
57232198
573199015
2259833928
40821718
2238336930
253263167
1691768766
156802757
326941453
1120878912
797497100
110088467
752874133
95531683
1260636961
2287035570
19565998
107344479
1284950995
144594821
735506059
2284866362
1735241
1289063796
22339534
2283955027
732013392
252791666
17848544
602184471
2248810142
18161620
397483787
344147836
2266575378
396239493
213933217
614527490
2244052267
905032555
1362580998
362318851
1325443226
14513154
1468215866
2178806376
55463283
708049567
1570846099
237046890
179658572
479082610
1694681311
16148602
46845373
1377910514
18512945
49979027
303854003
970980829
1420976647
241185642
2237880846
183346738
270975826
14933784
2152954837
1307439798
127022426
13757702
279808566
1077782491
267300382
455948130
1691178578
83685300
315797824
333439839
1723229653
49013625
26470418
9432632
65932047
26646158
28679476
29529228
432431973
613929416
1444953391
37657385
18725222
1849548510
28849462
17116932
2199818034
891821234
2196460226
1935307658
1948194931
948368089
48980186
113803763
831681793
1525342994
1086507012
24942205
1911553891
15970392
98425584
301286845
322054819
631439965
1655898714
29237481
944714377
418048787
2174748098
2149268910
2173397882
1198391521
1684231970
1948222092
1924940988
1857177026
478992495
365662159
52128301
1249622940
9202882
817578726
209181174
204227650
54641489
2161101728
1296242120
125831021
1887476808
38841434
78968877
568657528
572795345
113180383
14614615
285852327
23632704
21213658
1347282234
700157534
71626061
937804356
5772012
1161139442
179095197
18665143
1491571795
214977120
586467088
359202032
282741996
870786132
44037516
348654895
1571154715
19032249
1286372438
34257281
48406295
1539420535
599586240
14883401
145188011
37028323
1449154309
271047050
15898119
1426846910
557564493
38032306
1873429920
88836049
1944596323
17081903
1242238332
464431420
1938353329
569540227
1638314552
9381372
378094307
38814672
1325729082
1927976234
1350757747
1241934247
284123330
120650449
1893712502
1265586259
15755480
1911439423
75328629
1661372077
1319302507
567311728
37003849
860155867
1691985792
477892656
41732054
258605206
66687189
23100231
33255907
17250712
266827153
21867432
90269967
90551463
1880790860
1416473822
771990398
49506479
118843161
424702658
900395088
581165939
54628498
844812198
1871563760
110471657
315657612
903015313
30853206
928406365
1860268194
474201464
1583405702
1862148271
199403833
21444084
1429180099
302944383
21769973
254667864
902581254
1711002793
23717397
17817370
283813288
16816155
213780199
44725618
1839866245
781389577
1748096388
1262243454
1329571855
1641795866
353660923
200958613
1698090254
14222094
364947372
26009199
578457442
385436458
278098811
1286007314
109376989
214325971
21770677
625034233
20476744
397666841
18085541
1666071427
516734016
1364201978
1472419472
1447556196
17627816
121213096
201784429
18248403
34325728
512707616
1340963724
16656100
15023992
1390245415
17363477
269706729
97353276
1633976809
17402202
59024952
218085555
19457251
17464265
477446063
16513931
133183484
397398864
1247869477
551343820
1380452096
1661139997
78056621
194311636
1671019322
1066642585
1116999518
1662485388
213336062
557486710
204863753
1081043826
63736058
22215540
1498525730
66586976
524993580
45200720
39764957
1166936959
247376707
20981716
507316994
1072649472
1018000387
243782308
1157526234
1583952320
1631186192
1642274430
593921333
24633393
113130513
248215830
15593087
1639094994
18652748
516877181
1638353137
1389583297
201415185
549476819
847504526
40391725
67796121
10386022
1612633903
42664672
436922149
140471499
908719668
1377895682
621131913
883235934
22504344
518535196
884448043
1597414759
2899761
184255619
34827666
402651447
17050491
152747558
14320065
1362291504
863302345
1458648812
222206900
1571160528
1609684159
604677357
594351197
522748439
1608544422
1326245995
65577676
627435167
1604365532
329454079
188941422
59626549
81657956
28645291
140888759
1418991894
6746322
1599180084
569528909
241260517
67334124
1573873243
47602750
1594111578
903038748
1259443296
1036761078
1592445042
1452461628
14115931
234198960
32363890
227545550
97031947
332860655
1562450065
126184973
26296893
46747325
1482438955
707465630
778252686
1447041607
1131608719
49372625
228338035
1573755373
1552094706
1487927208
169769013
44726094
44143505
386908132
1096795315
1565096617
498575083
1465422972
50110793
1321016070
249552603
103366875
25955451
984776870
82877689
25323549
19668844
482122511
1078401632
211175418
33174947
1172140218
1354527799
170039453
202664056
252744614
1485580345
1380169374
900469742
21857161
1108336962
14245661
18185124
253230739
221445245
1173237842
498277674
821725704
8009862
1517522108
32319713
82800154
40914589
67343394
309433160
54232191
345124974
1061468390
971302722
1164925158
35685834
1347047336
123959163
21519300
14229262
124566064
323218407
293182860
29002806
117477071
993128551
300456397
1482947851
563560047
1361316416
292459041
1467888049
1433098765
1255284360
508102972
1487159550
538681254
14526680
240112167
317124116
288408661
153551571
1377904051
226175896
950829823
122903768
609508809
1434097675
334726052
1360053488
901348998
147293910
29802669
48357989
1152150932
14766265
549383312
82463734
326244846
1169701992
1413891942
761588688
23119550
17746732
18775482
512154465
952565881
61713109
1067440874
18576465
117161453
112521833
1180070852
33345091
815952062
1435930915
76349025
900441096
18220307
881457284
151553126
483607754
756288
597656539
18332836
60898942
1259607091
153038232
991446996
1425756096
382768982
78047787
47377779
833911225
22634164
296375968
62091947
563944385
304452265
625026342
818286938
70819780
1041267302
1219549328
113799598
17869616
549294322
505977295
11142492
1161587425
29049570
44346972
388926718
285279007
1152302712
1400305357
1271338237
98016984
991588927
1288697196
26512465
30291437
26186626
1357901635
77731141
282800782
22684014
15882393
34133358
8192862
169648482
15749216
127423191
14387914
279967733
309111396
370071829
42721489
14213600
15308156
175562332
128606475
42803177
17014498
278217777
105810697
1346066401
94192955
15681306
312087764
1372347330
1302601393
24951859
417418987
27322114
100551621
14357886
268360756
1362458540
69990036
870148555
1315669686
81633690
1276028780
304695278
53596226
1176948974
135510917
591001767
1342724192
97992290
1337263315
1230616502
33914470
1107888008
1278218868
18982139
569334243
245398836
577359760
515163628
1219804956
287227135
507976863
1148772414
260361653
478783204
21337115
33016017
1250420137
1331363130
1336001838
269023982
25981746
242147639
614204354
49644345
19940193
529745352
254719698
42677603
849807032
985144640
521605448
39937581
375881135
57688210
968573341
470196395
32034710
408573096
269524488
36119471
1222243254
1172749981
32328260
590510017
599951311
79318720
705208956
141209597
330723465
104870969
49700314
16229867
38950192
896196481
35715565
323010850
804751388
531291518
498220508
313375223
277728004
499423390
19539314
1269473726
970931858
548378529
33906521
129691033
49115368
15995331
1131934404
29483833
14364639
14584738
569260461
16046297
204183944
267916749
983439805
232731693
787739502
109451503
708428538
520926087
1128621338
1081775166
34689060
875476188
1247579257
14262217
857005160
787710745
1183829815
997581416
11918372
1205811475
317843145
17013078
190711430
20068318
36721733
479643250
14257503
1159035948
1115173238
33297713
1250152189
418136255
578792020
54898414
1193316900
21019697
298138833
607420617
161729123
1219972866
1108891
290625339
848324317
159671942
494071771
22928647
34606838
1266084468
16285264
574996209
425299106
532520448
582350458
326961678
635230594
409487874
145621986
704735371
38670814
36666496
820333808
56300468
1252173715
20803640
23447216
12511062
465890857
81415122
575976709
602365362
63058314
193515866
532520109
980578874
14877911
602063690
19515748
20654705
430979184
299366877
25212226
196161612
18040577
910883276
572219552
468115210
101396197
21538018
22080808
376155979
153992365
569062771
612645577
1118127798
1244292589
25916018
31188184
40331767
604907917
977643985
1176728882
618320095
140698589
492393859
357499137
252653041
2230701
1087115754
19384683
1142712872
49697811
22367832
1152178464
562223537
256998760
29021913
1241701776
16619069
718774549
590037380
119775003
1117767098
6198872
1229659854
1173063948
180436316
620481806
316547360
1141356954
56724511
1022686117
14180082
1227973807
300842915
321570286
196189500
847613964
534395486
62369189
1146167521
532038261
1099986619
39880413
32739611
119316227
1196853421
551062091
35869721
540206545
1109126851
151405084
1164363750
94335467
552573727
974754584
523840252
25674811
14120538
23208852
210859725
55501531
1016939767
172732353
1115206244
1056050304
491332318
26043719
573959549
521413698
103014916
216768845
1135166275
241771222
166512519
236412654
1191241843
718193101
14847675
1086700950
998565619
849406572
564291613
1095794588
620483458
1081006718
1058572182
525321620
135262466
427659146
874262994
23256390
16527947
142477218
944914592
515460467
57652284
915329238
18609162
316476495
414879631
177644273
130822330
96517795
1152601104
123926189
232696664
381544728
49182230
962985079
1055055542
1158130735
190717551
42059214
22650002
1072071775
20791294
1092660792
874010707
128973082
123258746
31746680
109611471
1144418773
941194272
333045606
19686185
59147151
29297612
614469377
20470852
227368246
970457886
901377446
377775232
20207789
49979511
272136762
497621417
408477005
1132434481
19695231
914956105
561313237
106502620
123351809
346361023
285265869
566371435
222150351
572575511
209952431
278755701
601270110
1121629771
24038595
150093624
215581045
944853494
33573386
408153196
1011015205
283824876
177002568
94154862
844948009
889270615
576395722
1106843342
77480657
211267810
178775391
431391193
831375308
15537451
19679586
1100662236
1081888135
72667522
561065653
526686338
15726045
862243830
556558916
34285394
25090220
972790351
190318463
110817434
19029306
915254270
17580874
758883426
542665547
203567025
168576219
620514696
1011813360
604642603
30561991
972375836
869008825
18515143
1081271978
29289157
987252770
523432362
40266920
178581510
966879186
787737762
294418750
627888334
1025119112
372318541
489687309
964790161
104672174
1071329342
269221749
700565210
551676972
276153834
294384744
943721804
85652519
712620888
18294973
974257009
772662386
829551043
25375670
627792618
519165591
82225225
37443932
326569138
997455104
432136201
314097911
24859536
1012576411
118185185
41582364
23410206
271275153
221918623
381725299
543496968
312715113
65476823
26606091
515081899
100102008
1024581228
1024038686
44489522
516867082
1019668572
20786398
69802243
846750469
15621734
493637283
47860397
1012570399
289376224
335074445
538457334
180396181
807141270
281606811
986358193
986084462
1005800418
241215352
819742236
308683249
485051625
944559356
175435824
18360023
931752427
436968848
376039481
41656708
928622461
12127792
473241623
225117951
55701499
230083568
14412469
966403800
212323439
26404914
860671957
73310442
117179079
15074906
80845534
119448653
203932718
39579979
214372723
277047076
917128614
339327659
350718556
8521762
985741753
18874383
188885324
986755794
16267426
393862869
18412034
287435990
410907643
977303886
39600478
575694710
722612810
51171519
23474951
13520532
415601652
58617198
20635115
281171393
579884611
460452894
799908589
4393001
311190853
295754642
621323230
102754776
144243930
47481937
49773922
10927782
124975406
960797802
311694988
915538747
187404063
18375666
885784904
574758251
29994950
156080440
21376696
108293717
96495126
635741001
614572577
412593982
957780974
957985638
52393036
274132854
162970257
17661660
560034612
42769016
372254945
14579415
858591565
165488068
22143145
38403428
291698254
941532962
594972765
846039530
314236515
111389676
19073546
152895894
343598276
943091904
101556548
15923766
817687298
257581957
518510611
596566093
17469469
19538980
15397465
493418294
12819112
224829785
326158694
17486092
365383773
353060311
280606793
14501400
517084165
64376495
169262836
364278528
415507521
613244616
18778602
63216241
86091264
75973353
876892868
636532629
102587061
918827838
97554022
282100055
597132670
582391162
25428892
900709525
342267549
41208939
901845494
740139780
90086386
359611292
561475313
245088795
367489515
241208166
28274568
40741781
594662498
319776765
33433257
224437636
247946711
893411203
624973600
901379928
460234817
705287821
440622422
183831737
500984978
67118551
145600904
104857212
16988750
533343638
74735972
340515674
183871337
269890957
309975829
322196667
34044539
48110818
32752144
16317570
72636999
26426448
460360961
28507954
28268435
72464149
134853696
538082855
47846972
17872892
876080419
247341601
222277151
457809235
516775259
49107312
486133899
103115629
70291551
9491292
189514028
232690109
14665637
290085437
500101798
851913409
21209357
719437717
155659008
380430147
569647794
776411899
32431082
65594160
76404659
525984544
275665495
417982750
856083649
273603872
515796711
544550972
70774775
705229962
267634622
14267832
604727780
418830106
421021830
47750502
498964077
14309481
395554273
321622806
75928603
27935063
65353100
25127449
135649189
37827784
231485951
422819629
387702366
241773518
618516868
384667402
707538372
252462480
317501231
27194201
108340679
535848487
401104440
219017158
29839599
18034533
558018732
832875673
160996216
360019496
29516085
232957819
115702680
105419424
15027086
635133955
233788247
572062434
365796632
38320062
53128289
99801072
817623384
18819580
784933902
408962136
395404667
470946853
615360211
16207459
273443180
811210094
811314955
812964344
204819994
599018611
567720683
326785152
82106868
804697724
68728901
127257775
271200033
332434180
369646186
22866395
220633093
24282625
223232092
57142731
217437047
226022838
327475676
17468904
468673
570182082
518716362
780573542
19711691
340446828
705371137
108355182
21047210
15013891
771862471
270105074
380023967
614618379
622993867
37781898
374184800
7350962
543392428
17067712
157996944
453542196
17929813
760074511
102603177
637373595
720431454
500161994
745923973
328832755
167180768
340933857
472206736
236678285
98078133
524282454
845141
275107617
17104643
523836924
303893335
401636120
44745567
728025259
310898116
19363570
725575902
575645786
614586814
26017215
16936058
403771971
246982872
582100944
606988173
544983614
301163542
17487892
14225681
74753359
100338323
631688690
14155372
520601327
195186551
528066450
391699882
534125583
223242732
635845996
358278210
104857114
707989698
625997797
30221886
538320506
356512429
577426099
26796125
253800348
84163457
17417240
39170683
388029300
605153786
131643073
621121588
41968142
236958297
225155791
583408217
241006357
556201014
138637876
599851301
168783827
145654840
190591843
505019801
221078904
18495854
113697077
36770107
196778759
53363962
536905167
321652568
612373988
365570769
395545765
118835378
58591071
625023398
206348175
469338840
64532597
36738468
347971705
32353164
23933265
620408265
245597689
68474358
606511245
231118945
583941024
164856294
23259586
154189407
571931984
487645475
15335018
68862218
490760221
273421972
41298638
615628420
545437771
74148410
229346198
17268418
63579329
269933990
21922529
146092798
606863978
227284739
204475582
537689019
239702926
19248489
370601551
8513102
187635433
87784002
454969186
292292437
334849558
400611532
388396827
155067330
518978066
284290193
178525052
66758100
85609738
143701910
11104682
65916424
602420775
603698235
480515891
574928475
224074946
379971177
303205443
280596419
13492552
122129474
583831217
544676727
184517281
117895281
21776552
596802703
571667116
534872429
320425836
20727662
14787358
143635430
321170249
109424195
430976274
30646551
586739034
39429438
236257061
248546221
429068453
463261314
529753230
61359492
565814335
524997168
66059821
13999822
571409114
106658261
509098926
387345813
27555075
17493306
575235067
388892606
138615718
569626946
455083044
54265034
470062457
217826476
533681083
18126720
141215728
95971065
110729352
14100579
90242051
258430354
296320497
212189146
130856671
100444811
372866048
310238468
65454014
336101333
14220692
3667751
186836535
17025186
559223740
542303102
407973389
201588868
84343707
18620562
115813132
553452220
484903912
268864690
56155235
441112966
28371492
515797163
21036121
27746144
360934869
402170656
75865096
277112433
181597239
338880142
193123786
72585401
188495186
343150136
19031473
383364083
14443463
532895081
20944756
384383692
477861086
493252802
151903568
185868832
19503382
468385873
255585818
481151793
173818416
398131493
348119969
22727076
18241551
8270332
243048354
16271902
17598513
338543184
158404258
494259224
17782359
16248319
337374372
462271363
316357556
498989676
516863223
274416029
468397286
487687856
509441578
513343389
335518595
15259356
264552649
499616083
337878178
82280795
259725229
360770409
421676000
441226280
283706793
238261649
352607074
177997886
41479790
285823658
364671652
407043981
397522564
486151273
57486667
12566322
501839099
28257129
36822085
15199974
49593815
55723787
18002045
403535827
485183459
165622748
59594745
219399258
482359756
491831596
85568813
96361496
309407968
16697018
467106448
223680582
64443935
452484544
61804416
437203125
38169444
208645760
450034899
93703803
18089164
144692356
458573855
25588352
374652255
468118261
412559511
451126644
95936892
34710922
51581950
107930967
69176038
48115077
14563449
14997031
331143409
112507731
209744695
325145909
431126402
18809472
330354472
201841657
18883360
402676135
57918802
479638330
58229033
310858367
30352390
455904453
431686334
455116038
474820867
23771696
46139692
16245261
46398345
34051413
425921194
293535414
35592188
19988765
113920231
464719464
395950904
193626134
292511030
197845065
335220223
455218394
429765661
58224143
453009247
17240190
443213410
15175003
461823288
25488912
34263916
174089136
441266597
19640965
350582025
447442475
42923372
37780765
385819924
446737549
140883357
464384890
51774911
245971685
16635865
418707629
202066181
286004189
343427319
279514516
35822355
304457365
458376737
414424616
296890153
404819320
16933716
413663217
454078855
317885109
85819590
373047456
449590864
182318332
448730569
161876451
426456415
33779739
33609673
353411699
450969385
262929220
42290788
391335521
137402449
400628730
42705000
446873316
134973016
442874942
442761622
292172817
160956420
39374153
106488778
428305914
332365894
365027360
294758031
188743201
436583835
17463153
372350858
47340802
327099416
82316132
13108242
361238217
134553620
341996223
414769307
202283280
384904654
407420111
420377533
426975771
421357679
353529688
422370880
35831704
420830156
407270213
17232013
416326473
414977432
383936796
317638291
412447720
232040338
22968860
341099738
12080032
377107353
267575555
362647547
390521637
357226706
398081603
400842691
405818661
366377635
252820645
385130426
48819973
152027456
401902840
96885859
404833391
16527106
354449512
55629146
114814935
245823525
158041798
22419450
289385640
16584730
21626824
71148540
328577213
47630129
399616102
394837603
30178173
22008466
271409472
386449383
72239171
393539982
365786758
396366260
116041084
370376370
312477208
28360280
383995872
392569948
280963103
361881259
126778915
22520954
16601364
320024406
10870512
304554967
109647104
23697514
386860595
104193995
35046937
72957023
214675085
288998203
375089046
159099962
55834494
238176545
14277276
17639064
377404416
16196590
318636886
210948024
148174004
382311917
260284470
310165532
143915986
96984307
375491509
158042890
28241043
143726523
380675238
173703849
14105414
373248866
357157054
158727460
314068409
42768831
53932500
195916837
109164425
14102328
26020357
117318947
345244529
217451219
258248652
314062245
252820524
175804277
87329668
351124711
288303744
36374602
64783542
363361487
347396026
22028227
53787571
339968292
11692842
96675328
121558178
359025399
289851280
119745683
37005216
284862903
357146719
52128005
27925983
260582890
305832665
52282776
361963717
300010978
54998393
256163196
308099287
50473173
263450091
312029599
14335577
355544591
355683464
292946919
340105210
356077288
40350866
193603849
139287749
20852667
26281224
350395556
155558014
160929070
68527532
350046758
135352406
352672473
154294373
188424817
46142122
319468953
266368943
17056290
80921734
194624921
351613608
166673892
112034865
347535394
20864484
36177941
18331351
84899262
146887947
190827692
18328478
14647993
174436231
342934581
246898269
283039624
83674395
100018271
99142735
297390716
248829548
297984621
18698973
14083276
24038006
38242261
326144014
342710883
270913633
304426814
14471167
64305074
66458697
110123654
326689341
130162470
46562618
1644991
324860185
297613833
19135950
26756907
58985344
292410309
266110393
44962075
305446858
288660673
288660952
288661016
288661363
288660823
288661024
192895653
173626520
336601289
177734756
335018588
336007282
284375557
147958471
144338832
75065985
225419797
325915853
256722267
302263184
333640491
306149051
9442882
334700730
326672519
209943667
150800311
117158064
88961864
53662891
294141686
275334894
20957374
307370533
60625265
114102708
316581778
148816052
304005870
329067426
97434704
186184517
243658875
317173153
284539747
297499316
297499676
297506802
297542446
297496466
218921339
326293429
311289306
312885376
24539231
297806066
90559549
186056003
309216393
36753179
306388787
188468841
322012171
321152869
277534792
275094049
23203100
227431793
19729130
101621680
310917932
28704177
158483742
250365033
179368708
286322043
28440647
233358828
146099226
221806712
311286727
119359184
50665391
121162068
303624177
237911217
312532812
279780538
49851652
65120256
312161694
260168348
227355847
14169523
150140609
311032515
296336008
100000760
306133088
43880222
288269757
63152064
23119671
302794411
163456116
16965547
304511689
23638228
15864679
42229452
15381905
110894105
98200833
16783012
246024271
260115152
246580891
120223989
284468344
274201304
137707038
14512855
241228061
17596962
17974442
236399560
246055807
263988046
243914898
118454894
17237540
44681581
278906906
232617919
153757175
297050098
178443597
23379393
181193802
23766624
277568572
299557091
212771854
61057318
57424910
262273801
257647097
214172784
154361768
26572646
208153889
205406176
223363670
97334092
213089808
19877600
257209766
223771355
276303027
296966992
257215239
17028879
158414469
16035406
26674665
294757500
294151841
49287937
6658422
292302923
36642974
64066329
13563752
274614001
211717944
172615290
253221193
61801631
258912514
31081562
291975710
38895013
115151102
121287435
184860680
15203372
23612514
266651320
17213521
201531255
11637332
45921041
14807541
257010511
146235530
41598234
257209120
280426547
231120710
17053084
108396802
16953964
276580136
37036394
166751703
121032774
788352
25550217
34033550
282317819
271930287
92187033
271747649
260160515
274236029
18622063
103550181
107491845
170270136
46040417
247977797
137332385
219181216
277493780
25323858
87588982
253065892
25549050
179791161
276976114
257189885
227361754
217901772
46309972
83429920
276444719
42067716
214754889
22638297
73566153
115917343
72319364
83856316
17372379
271799336
227768703
70774194
256645754
33098821
46247561
250138269
267002310
175184916
266078924
263948336
5259391
203633946
16794731
266099403
165096250
256645553
22184867
71028773
188789067
67675166
244900364
15551260
16536804
100553293
263014879
226894965
260183800
267207043
180258022
253456588
253004967
96842009
262021444
267848480
67153158
227307674
115440206
15717652
263717983
266997022
257053942
17581780
35274401
14091360
19402723
259687604
183686085
34752001
116833234
85631584
256475987
40282219
180160760
52901665
148160727
110546408
53146543
71796868
107863669
20808999
258201205
92127332
248770692
209531141
257379769
14813265
252980368
25178603
16099189
234651761
235343585
232379929
21794452
17383566
165624550
57360443
45604304
220098766
252234049
211535576
251921147
19926908
252356481
14523408
103914811
207660820
197475713
227286771
55667683
17302642
248446167
231980921
223515146
166089046
67645092
209507411
231206334
15103554
58228464
65570828
183524601
106188619
210812044
248666750
26310882
25509722
241292238
16044407
229353441
247307865
247312765
229070285
79300889
230956259
11975452
235139541
244333305
14320910
222262795
21774975
15245648
238576638
189892538
135979044
120946453
99363743
16621158
212103999
239141900
28285619
120143787
104616749
234981101
23602189
113114433
21596811
16081399
49992096
192870840
240992215
35871243
221155499
192987438
216120282
224746123
47473841
188783990
169518934
21705171
234971592
179233315
234969078
97546960
218953513
224022825
109006141
111670354
65214004
235310542
127986571
224353426
209086589
217583784
48939155
133474481
16138931
195503811
130624986
160932452
230907286
51502583
1754241
235281622
198393148
208166401
67018894
26875973
109003244
16473460
234630786
124492800
75300453
226117396
19655303
41031035
225163933
80905134
231219230
73253501
93309851
226167302
42712551
231831282
226212185
226216032
224544370
226169309
226213318
226214544
226217557
226224265
219296011
57948087
232282915
231636997
36737269
226435131
226435511
226434993
226435004
226434747
226435073
226713935
33909294
169801288
203199392
28795754
19041145
20511841
118152491
132886174
125770940
174389438
15393700
227218412
18673924
209930249
134668975
18518051
150648578
119758348
202867106
111442306
105242077
215293746
218593761
119060647
142728153
62715766
18102344
155698735
161675610
151041862
166584208
92073417
12366782
23244977
92542035
165178659
219451015
114584066
21839051
92236133
50040892
170016558
19781200
43717795
14822698
199571964
53253825
219277121
30243645
26499870
19491657
15274836
18788629
154437008
15066760
208167307
14585998
190829591
216250949
162023059
123010710
20374554
124413598
219553100
219702939
121408781
102264133
86073926
23102106
182620506
16271460
132242296
19995481
80813090
148029989
34940838
106485858
217582326
213769455
93084896
20022487
217336031
18790031
206070917
73132602
216919454
34402892
41404841
123263650
212512858
210585714
46046512
73829977
199620413
46606101
177971892
56544628
65115448
132964108
20567743
58686750
17505541
184211079
207597568
67126503
15668500
37776847
184231058
44378146
191434604
201257212
15017311
214196801
24249169
74709617
40122267
206416548
126697440
23453489
78138628
157465063
207553661
207618909
15371220
14128528
107282314
213254107
44656385
28366095
17210711
44582108
130000756
210416207
193584993
18063432
209739047
89637402
27524029
200243102
202729572
205806752
88876942
90987975
192964243
36361956
26385846
21798145
60935270
98593629
94454144
191112694
63248349
1945921
44229662
201808894
204208795
18061840
190454254
136344465
136391772
146285150
86610556
172038262
183325551
199334131
42151509
180453277
23249204
147578598
14690982
164942804
25294457
177429243
38944844
118698484
201020964
68267243
48219423
76748022
55703572
59722579
127652210
41503005
48229652
15145518
34323672
13491082
25254907
33073572
138888418
174115683
9637692
162748689
28653674
197207037
61115315
95606548
88581667
53192639
116003284
131298195
142957464
15363671
197901148
164412183
16241921
135453724
120250383
16132193
149060799
165825474
151974609
32275444
59656431
168679723
18485106
43258281
82391040
18775132
81687069
18572616
170487413
151417636
17878065
93656949
89802513
167233867
20414217
162089522
14851897
160042762
93996035
72446078
137461678
48498581
38372614
39775436
123652879
99134895
22367931
89034454
151322318
158413413
99081920
24975872
172083740
18492940
34997416
152369572
56744578
74548748
17922972
34500100
182474016
61008852
190228490
20447784
170678868
98415622
85887816
163069782
107939119
182440170
190241233
71244492
31051633
80464013
44936906
59532374
63439599
14620497
186268518
190684722
136339006
188046302
186494247
27821983
20523824
31891798
27136797
113413546
86392183
114504289
189384649
189341325
20776696
35080292
21389489
17601702
17767500
154083596
14284687
65693050
136422320
85834945
64029632
102445051
44130344
166653118
16586694
20653637
14870233
166809737
70841401
20939563
186215062
38459380
180852071
140797081
154800013
15795948
33006313
167041214
145318322
14328059
124292825
21959184
149730739
17989953
183269434
154363237
60627931
18452030
173635641
89629108
32515354
80187002
16246434
62511567
111980210
40197228
87170231
1088181
180829234
89802173
19789551
173554140
26586256
114878546
74732805
180059893
80344725
21064366
177192660
161007666
163885610
80580642
16916363
24343083
134270478
181817289
115762414
177983363
161711142
181759667
20696759
18531106
65508813
157813580
87755988
116173949
44468254
134930804
161703348
168339972
111786563
119710421
62584525
28398225
46459321
155906081
172412447
177255387
25321774
179384456
178453732
177684752
17349381
17343595
24183598
122610032
46988713
37936972
174618314
22808957
71091622
170313414
15184929
40085567
20953421
17822556
16816972
77110169
28408032
45206494
19342363
46445165
86744134
151574328
40027016
175008625
18163032
10792652
17561810
175564131
169113593
89389402
31273259
38895286
95849233
17523598
15766173
115930154
141648725
175716125
29601460
17475872
59574994
50275803
87742918
40970256
25240071
123865715
59200277
23146912
131250021
169980303
158489102
114660405
156495213
145430634
44568071
61725984
29360600
83873868
9345172
122449066
75994036
74537529
122021843
73533427
76751363
3241091
161382154
130097858
165334360
29952341
56470229
69209665
119905280
155016575
18084238
119083950
96313826
1303381
61933045
110635238
25193106
15487499
119043314
20242234
16694698
19493803
137797569
165565035
44177166
34335094
17908453
20770149
110397757
69215640
22729482
61268115
125512325
16480209
11922842
18284520
167550660
34537273
31522489
16467208
103190407
21166022
68689443
79052351
14152427
14093404
19367142
101596786
34699665
84328702
137205183
46664359
81412512
50550642
16562005
26803584
111672006
112351430
58798780
71356924
16586667
108405549
36152481
19746947
119397109
135414895
148626721
154543517
35384233
105951436
162942592
148346413
14494993
246103
111493068
29894269
58114708
19827736
58955217
114032845
17102513
20595113
44513878
110187691
114819429
15045734
27367835
14828860
114257973
36511908
75150699
17146534
140839373
159522482
36217004
24914600
17147295
15285998
79146558
158490017
92611969
119635152
149369332
86692803
115507389
140039790
128884885
156136903
154819385
15324136
144957385
17203437
15964047
132630188
144614117
136296456
53258013
152442809
35391734
74129992
148931648
24276005
151100368
82121544
51837775
132672096
134851030
105305259
144900535
61244832
142399046
62088627
76333569
18834912
20795316
143608112
22987468
66632537
20161727
53487690
8446492
55290296
122463294
118226610
11155742
131335877
146185226
73220359
62672028
76455013
17386731
14060372
145885266
127721041
124618117
129466515
68825492
97819464
136415347
122663032
71210620
144248225
56811213
6604072
132274811
143600682
50434933
120717291
26369695
135691807
104967005
22957295
6265322
32135024
137734446
122162047
140284787
14725715
79344520
121930538
108391366
139724401
81153878
17066724
136353495
122387780
79436579
27702749
80760259
116308379
16953480
131284909
110986446
77142216
19442433
40515290
45909796
106653747
39300123
15873247
44929443
109518739
124300859
132232008
16687811
95655519
38865415
119917570
127359422
91369358
131900802
134078084
100256667
133380983
48136107
43180990
93971683
99355981
25763539
127987127
130176794
48474475
110488742
91147746
129941963
130964742
127123504
125676594
22774874
46371960
126252675
14230833
20851240
18313928
19739486
100368014
101002550
103210836
129319999
60587818
14954009
43377566
117918667
109051723
89370446
108379777
29626939
126732884
85493294
95010274
15545683
69648081
126592384
102725117
68972695
37490045
110733634
108150152
99993303
125552115
126800276
125277417
17997888
123979513
15246613
107540264
91802354
8820652
21815142
124742459
17401289
27147923
121601973
34904414
19086121
26800616
73046414
102751307
62562737
103653491
86607959
118684534
118945730
118733769
34348627
43865033
89883101
96342148
123605186
11644922
18256977
15040500
59132930
865331
116790880
122925024
90996287
16372009
61971645
120219811
27665615
99858535
113445231
16673982
122134012
121614737
22277269
16201819
14272500
88992366
118982826
119266707
107808369
120883216
43427388
75619350
16894084
25215302
115105736
21035529
88221551
16613700
95973971
6298592
100227870
43921687
45046446
37585996
46093810
18699304
54549151
15532983
9672382
79045244
38550502
112663568
78081548
15488145
59103901
19487056
85789021
16899568
108638625
102444273
15941683
62604985
117165794
112830719
18807949
100781565
116804213
22965995
116461478
58899121
68456816
68457698
46613607
28296712
113825636
67151580
45703134
18760460
75031732
89511906
110609917
102277008
102682632
112682264
61367303
15308469
20197896
36131454
17898327
42633464
114696026
114677943
58544031
88885531
89486580
16561861
105799082
14912789
87046980
58809383
4800271
28365585
113643881
107225658
113676262
14506704
113468390
107533425
59847407
85765413
113193585
111984973
112574509
80592865
54447195
42543676
73756545
24491212
110322854
109827262
92532532
111842702
110206210
111334166
44669106
56503565
109571400
86066479
57444389
86687853
68223865
20478383
32929140
106792900
94420015
20809953
24520485
17790274
16282011
109322829
109301883
108962325
38234054
33488987
63938881
63434152
10751252
78813774
103040620
48000340
100268246
86070660
14944241
22299240
106135748
44164399
101417325
40868243
100799523
23218852
105405872
23277545
14996041
103058867
103057708
103044268
103043484
103042107
103042994
103041614
103041114
95709499
15704958
17492469
103039345
103023746
103023317
103022812
103022269
66587447
24823295
103021562
103021016
103020162
100957383
32062804
10156532
97942967
59943758
36584032
18949053
55991727
23597256
9643452
71469972
68023261
11102352
104798945
72042658
100844732
33950211
31433420
46375879
103684519
104871503
67748167
45458477
17245689
104173708
16585190
54108493
20200860
60797488
94437741
16455137
101233761
61792283
18754728
37988645
55213065
68623000
24336153
97785748
11768542
82889156
35948823
8080782
58882898
18750419
26749459
18801560
97388002
101088515
101542813
82022978
98434059
20646864
91746250
16792913
48730015
99029190
92377376
14128901
38139308
86030912
71573261
89862567
95888890
96938353
97937020
55154708
84624197
61671095
90090376
97520503
97468460
97330194
19209258
69531359
69068084
17439117
96765986
94496818
38983615
96084536
96303241
48512544
39539952
19850687
21211124
68618892
77863389
29275781
16856670
64556941
85195463
66728105
43173346
85841499
15205220
18170310
17628975
87719240
89342264
25207625
23249874
34311369
71592474
81721503
94671429
52262457
91749128
74231978
1384531
19636660
93076795
26858911
38742528
19163684
94107851
28843686
19355701
23451439
92517130
93778512
88674828
89837668
16798245
93410114
15498461
86360838
17324601
49039885
18737322
48085489
90902684
53602180
86572222
31202883
90067873
22550468
76075573
91910204
14742431
68630277
19026201
91420634
28774108
13306282
87521860
27580623
26393801
60566718
88595787
90994518
18581409
19168381
37710884
74724111
21703120
38732231
42924323
15123270
54976212
38866951
63091990
21097076
50352768
66375689
61104837
85883000
17365231
87845761
15273466
16172327
65923736
19803261
14415941
18333506
33044533
22318695
18692858
890831
85913078
15067280
85924004
28742848
19944813
37992601
36162240
64469281
85459433
19756816
69105313
55421408
36994612
85985096
24867402
84335817
40395125
17365139
52106931
17994151
35767916
21548991
16636359
85504465
84998832
18779467
76959901
60774299
43888471
69586156
24040905
19129381
20259418
77208953
19098562
78912656
67698946
18804081
83563496
83454268
83422283
42675995
46576692
19181549
57076012
44633252
14353146
78484916
82731861
32148854
61653506
55220904
61801629
82508543
80116950
67884615
16290327
20060809
16874338
54291397
81251194
81348607
81183450
21623020
32927550
27690805
69167919
80880648
34166813
76851565
80556439
37724054
80646573
817127
18661220
18980919
80191670
80109931
17362970
79089640
79568272
21967643
56074155
26229114
10022262
24550201
78827542
78896104
48147682
71449606
77970733
72770413
54697253
23551208
77774069
69795449
62597431
77170203
56744339
52841990
17194090
20892736
36130499
75057367
70205164
73662486
44624425
74602398
46484144
33960186
17573788
24414384
33784889
33211481
37931416
60662839
72826235
33518999
63851391
21637820
71963470
73461660
71363442
12524522
71122659
58847656
18033662
23964682
60165099
43022858
5618162
6140202
40622141
47213817
72954989
72928083
71643683
71678901
71627335
71635295
41387167
60195273
14943818
72711879
61296257
66358577
65605019
69503297
17123836
36631657
20447545
71909610
19238492
46877746
18268410
71076632
18635580
39479151
55280356
20175361
71071679
45969471
68837092
51722791
45044345
38755710
61231339
47751984
70216146
18341485
30909678
68860256
48377326
64938760
21350195
31986700
18442582
47223235
17695120
35255232
22671716
22154479
69222341
46387907
32934275
54858783
66740869
33021129
61176124
68796260
66583867
56378409
62321102
67540247
67333334
20005394
19927928
12724052
56529021
23785337
41408247
65390817
37660058
22431813
22311506
41449864
22433124
49946714
49673969
46268093
65335848
67479186
17916114
12653442
49224286
41903663
16203371
15379319
30051156
67300637
66416987
19154824
18853707
66094024
67049007
38958010
66995308
52346348
21089033
65155593
20799032
35038857
47403963
30044826
44672132
64387344
49618760
20088151
66138690
61911117
2864111
41738062
19840728
20553816
65089454
62568145
21884888
30368516
31557041
65079813
40920952
53518793
18495043
19263453
55567538
23067421
57838663
17343006
29353601
63531649
17790786
39488991
34024469
29470304
63533499
63540017
64306852
15829687
41643844
63997977
61173115
2767851
63981997
17537826
28807143
49949127
12363142
19382068
13654112
21477333
63760792
63272647
19679523
48743342
56263107
34963024
55283078
61742247
61609512
18024884
22296680
62110835
61232698
16353848
60725789
62844936
63049237
43919215
21814129
54911296
19041958
62484245
51998598
17873356
17072217
57354645
25728193
27733204
23881796
16811250
24778539
52427630
61480904
17976820
50468416
17602541
60197797
18626424
58013915
26338251
35830238
16714780
51820614
14951123
36074354
59596220
14957178
50418119
20320073
19738915
60518194
44185682
5812042
17675543
52790045
58536935
60185465
50355279
1317
60059069
36057186
17867190
46302766
59861419
46795945
30844001
59874293
36144714
23773362
17973387
49772780
6141862
30844898
53656773
23058035
18756930
39626338
14588847
52723447
33909155
22290987
56193460
59286307
34136248
50800414
17027836
46731916
46873464
26884283
26810542
24902209
14416525
58964568
17801786
32463503
14673480
34823615
58300164
56408715
30209518
40056778
55891321
28124615
47586808
4083781
58284807
28652333
39354810
19685173
28240302
54108010
19767883
31569282
53819949
55568021
57590829
57380138
14315918
21223505
14589866
27221660
57529908
54926726
17122755
19786336
23600122
16032616
57168485
3358361
30337286
22638229
55759161
44389983
55662261
47711613
19299416
33773247
17214683
51085698
19723709
20255254
25695716
45896738
44279334
52448900
37569199
56503684
19090300
15348216
19406070
48508127
23618064
19635110
18904967
32426116
15284900
17789443
29390708
21344177
20197455
50808095
32156068
22082781
45986265
48345825
18656830
40196699
37366095
54831087
51874811
17639636
29787724
18736610
42956988
40052219
54932570
30576481
18959506
46431931
44520509
54880462
52220602
54664882
48339227
54598804
18292479
20995676
50699334
30823468
18586925
35538817
54052039
21634627
53876799
53895051
17115375
52393585
39930144
40909657
14383396
32817894
49874203
24322560
52191830
31375715
16497754
46670901
17810452
18570358
53195779
51172197
53105627
23026088
44292587
20258964
52046015
40001846
22936237
33174178
33754186
37020601
18954209
14825565
14604049
20464497
24498306
44808675
29059879
19017772
19848572
18257882
52100949
48745601
16951363
20020575
44378905
45795008
16280566
14226882
17666784
19890268
3171031
14854482
33823550
51225500
49141381
46438899
49052567
19493256
17971455
35758171
30502092
42117980
15027207
27078111
20114690
14799105
14620967
17442457
36453886
22482909
38584572
22535893
29014787
49144569
21186125
25722303
38604319
29562601
18555438
49162831
49103575
49145540
47798025
45995791
44784511
10729532
40288561
18682917
18845123
26326409
48232518
48026592
41359698
15381513
24232840
19456939
34744130
44986119
31860147
19154143
44301947
43040154
49116999
18363508
48417839
44817333
38458001
45606805
48253543
24341561
22759092
40723336
47683473
38650398
20806190
43165241
41890725
18480494
29149904
33896079
19242232
44626937
18228921
34343234
41889949
17123884
26819542
22176000
22528832
34676998
14846909
7789282
44902098
41449148
41030483
43962377
47210965
30616786
14709484
12738012
7330392
15324390
30286225
17181265
30017998
30801601
20821728
6297122
24929739
818095
37884373
46558490
44559745
19288077
46681336
14326938
44152825
40230998
44194221
17307877
16058119
46631258
34113917
30463299
35398699
27143973
18146109
46220510
46220386
18513241
17315376
46280614
33308243
24179525
41772477
16636824
46293259
37157135
16618210
32279778
45266758
34448466
26321596
17121210
43094654
19395187
40936315
17876988
26254534
45898616
17542265
41099782
8283082
23776791
24686206
29862503
26074017
16940885
17787705
45581549
25540995
45514438
34403597
14098332
18690831
21978590
20290668
28349364
45110900
17602996
44332744
34425171
43585547
16736610
30874190
44848739
25827992
17907878
24356034
15756083
17609357
18859100
15790717
17909913
30600191
24999473
10822452
9639352
24359784
16636176
18369646
44662953
15078163
33756517
21052199
19603596
43345660
8725052
16455501
13232642
39519037
43865898
19204892
18220635
44265221
17084812
26279034
17898671
25356215
9749282
22193646
22211559
36156415
40243267
39850054
20597676
17014773
28375663
43622465
25001102
43811761
14446439
819851
27095177
30634627
29594964
37626585
20187883
15285305
17904771
17784550
1315431
14140420
13848972
16678888
37568811
43452872
20029872
41627091
15551936
17459328
43245409
13691172
40760610
14475131
17979132
22379846
14343392
18394641
16745935
22078798
23185667
42994845
19271112
14104401
16257434
40249873
13025372
17537769
41624358
38122425
17258695
18636754
39318996
16827173
15991543
35728314
9548232
36896035
41853052
40557735
28744582
15811314
36339871
39061825
32324520
16703058
35914607
24229625
20312043
25081344
23808565
17224347
14465607
25509705
25750710
38252426
16585109
17392445
30948552
18533317
15199325
15655296
24584402
39784355
24724263
16119115
23562608
40361182
16088048
20783776
15247934
14465456
34670731
18141345
19356923
10308732
19679854
40949898
26793833
18247570
39288675
38035812
15811282
24199315
15208271
31870722
16494555
18483581
32725780
26640179
17971670
26509480
31613448
39838998
32076219
16999591
40789767
24854571
19715037
39259278
31497052
39405920
26950100
14664597
21085604
31716155
23012178
23691123
37194535
16869952
16223177
33084796
17527642
16283736
28487033
17546958
26046257
23533839
40040327
34655227
38691894
27474127
14337840
35676611
22748992
18047928
8527372
39923398
21793963
14785772
18890926
39721494
26537590
33473989
37907671
19446473
38165971
17369354
34821938
39690346
34948375
21832551
25946686
35144967
39411647
14710904
16683941
15209259
17284248
16461706
15783111
15767839
11204762
15146206
29832695
14199104
11274452
19218893
2061671
17557155
14767217
19349569
30271390
21096140
15081182
17959747
30670372
15056465
2991281
17606476
38526985
16688904
23215818
21279141
20260405
33622636
19638988
42773
22381504
35871175
20450203
37751054
28482445
37696613
37992027
6044892
21881677
36765938
8608812
34033678
36735079
36912755
35095468
26243104
18362784
14491792
37402787
617753
19892459
14248266
34055323
20407242
28297019
11392852
14235903
32532435
22234257
17087272
19003863
17573918
18617853
15294960
21460496
34131960
35829928
19596228
36601016
23089153
13743152
5118981
16329446
14849484
16025577
11724452
17316606
17506781
18244332
21976586
27926361
31835879
19341895
17066608
23359363
35440684
16131229
14450938
22265355
15731751
17260743
12014132
17901666
18945415
16209962
16252325
17067240
15994936
16912546
16309996
19396145
15949585
35383735
25976797
17308527
15715874
26791828
29045696
755103
17224082
9406782
30184893
18319858
19859768
20102364
34348760
16277931
28621968
29158805
15461527
18770132
28625379
34385466
33857595
17420642
31340035
14282169
34754524
17871850
29040062
25725048
32683410
694563
16050032
22089690
29986219
16243893
34388396
18482247
18434575
13371562
13527492
17155650
11237672
23257334
16530559
27234047
650903
23498773
23890095
21770890
20267021
33495337
20193452
14280471
14980035
27959729
14292576
16823748
15410744
29498681
31599958
26564763
33036853
17603464
27702918
21500913
29257499
20208534
18208763
16515654
25402151
18057077
15694182
15688131
27912667
15824545
31395283
14639279
27808129
21585210
30286699
20197573
31031441
18141958
17048451
18664139
14395666
14631281
18275871
19995306
16405291
24775259
17157043
16492379
1940581
15702490
17299744
25463355
17387589
14454302
14063937
8349572
30349918
18250300
14888205
18191358
7730052
25726282
19676044
28440688
18122928
28656326
17897772
15462767
16061710
30126332
13301812
18262104
29894686
28907706
19347202
16741856
29883148
14973697
29345773
29860698
27119750
22508116
29745471
15327070
15518135
16918503
14614694
25407858
18029069
25847765
17707182
21211055
15976584
27182995
9154182
25302088
16194172
18485250
28092037
16406180
16899075
12912562
24534078
28072010
28343947
17697577
14420238
17102878
14914938
16696633
18365744
17161450
19644481
6186292
9689662
18439905
18264809
15386108
27396257
28377232
28443212
852861
20858267
5054961
19834459
13756102
12039032
15186308
15859039
27922157
27298506
25512326
17144004
27839471
22994470
27571538
25532843
19719551
22367545
868651
23812170
21149969
14433007
24647807
24380346
16356887
19836964
17527466
21934605
24421900
22067258
17206739
16673914
26379647
18285913
13673392
20025850
25166133
23275757
27482758
20558020
19952404
15866169
19195914
25726490
20294648
16584682
8918032
16904438
19276754
15289230
15984956
15136551
16498824
21934343
30973
16035499
16690123
25626992
15947185
23902372
17360977
12043372
18233538
16545133
18583464
26898443
12556112
26942888
23336551
17068373
21408471
15923445
23987677
22518425
9676152
24879158
19364907
16468012
22495896
19043416
26497679
16456631
23453611
21830547
14248898
10777522
18275573
23798980
23693055
14543855
17942421
18864393
15000205
19568273
15189059
23072774
14156927
18537956
17154954
18751910
18501320
14355142
16950743
19897004
21526532
17993415
20262489
21345004
15347337
17997511
20208506
25043095
22820114
15868136
12203722
15839938
22123215
6730952
15784302
23242736
16632949
18802665
16146588
22942570
20464537
23862487
17277921
22032434
23419128
20634817
23677941
8082302
20864660
14973669
22018704
17503824
23954522
15311605
19355964
24476479
23022687
22336717
15756049
5417132
23664447
23762043
16633016
16341922
22477697
19557449
17453199
17198999
7624142
13998992
21929591
18906561
15258794
20533242
18599105
18355938
21260955
18205814
18450727
15809536
18504867
7752402
17454938
17640532
14730006
17143775
18552630
19795278
18994215
898491
20072167
14435376
15445240
17939979
19276162
14377875
15730238
23180237
18047695
15075753
21906739
22866633
15917327
16135165
14359747
17642448
16147260
15450996
21369815
17963725
18510308
16960896
15206649
2662651
22514289
20686232
22654404
16564424
13218102
18806270
12808192
21524947
15179401
20910651
16407300
10637242
22498859
17509945
22481950
17437735
15418853
14055474
3043371
15483931
22191343
21443859
19270988
22280457
16133048
18606767
16884557
21552468
15817310
20544405
17508852
22080809
15867943
20833292
18308416
16782473
10305322
18087450
21863612
18265163
17982724
21766686
14363211
20703914
14750177
17155995
20458407
17850012
21670051
17419608
18880125
17630562
20981994
14303228
13059852
14035772
17547367
15068399
13753612
10786452
14599117
20566839
20877303
21500655
17087370
18178581
21412777
16429082
2614131
18809912
16232940
16806103
14720411
15860016
18802640
14137870
18481912
15189714
20419787
18496515
20808050
17358652
15882988
20480549
14055344
20666245
14681336
20100674
14923512
15678150
18537823
14728168
17577149
18085278
14376012
14849573
16116044
1127651
15792511
5447242
14550525
20797226
14258424
11632342
7431402
77753
16451233
857141
19927900
12144232
18511594
16266770
14912783
20921468
15584776
8071902
18837053
14675205
20776251
19241367
19944785
19836954
20564862
17513981
16518494
17070831
15249578
17489654
14296882
20044479
18131401
19469564
17235918
14514700
17432932
16872629
16603134
18071286
19308138
17518239
15384629
14912184
17920980
15231287
18278320
15721082
17926342
18920569
5791302
17108182
14464331
15931874
16530867
9490072
18149498
13914392
5642612
16487712
14167429
16534463
10348402
14212033
16257566
17900421
16893035
18063879
16265835
4923811
17639021
15789270
18791763
17930077
13186532
18541756
19134123
19122304
15755740
17885796
14755273
19070088
16535320
18969096
17453189
17938352
14226937
16929393
15411417
17940521
13525312
13649002
18930142
17058963
18478452
6125082
7543692
18160163
14803522
18748714
14218992
15501073
7439302
10748252
17078632
5848362
15985852
12831902
1933141
10168082
15305204
5047411
33004414
119047713
2603359631
3288844876
64532597
3090419415
2427458814
2544946934
402630155
9548232
2971697084
33947532
2430976122
2851281069
2799333908
170016558
1510469096
278399131
1244577362
27665262
125831021
518607217
43353510
33578918
561445312
1355315143
16212185
15961440
16745935
18181895
1409448822
1404156481
24664870
747873030
25032000
254280065
267499684
407043981
306310903
121601973
350381278
972176652
157111413
192455587
136057355
849053365
820414154
574652492
790579412
750530389
603698235
588310584
19363570
227284739
625997797
635845996
631852702
395545765
38733684
91375542
569302640
278672826
559223740
49115368
491525292
438126883
338880142
297018252
255722394
134418312
417390901
493289194
21344665
38226816
18730238
443074661
370623591
315955228
36947400
202283280
106077757
57869647
394837603
325644574
35890731
374679381
354444175
26016806
341910374
43230251
355641222
67578950
294070019
84617554
27248973
54779022
330526592
322012171
316670830
56473163
52106931
33076161
45921041
59722579
276976114
270442567
10361742
217293923
117435341
32426940
22965995
216120282
17123861
41000928
214226228
30426287
199571964
201783739
22678426
202729572
47965172
195844703
122184025
182440170
161007666
19633103
151100368
55290296
14543117
120346679
23801638
22255197
39377814
125091909
58938499
32316055
34305249
25116052
27359972
17206739
18847647
36552960
15777252
