50063162
2219338844
2866455885
248035203
490857705
2610938700
42790918
2276235408
956563722
3057533995
2587757934
3226661826
3290677360
260123400
3056226615
1878987517
1146251184
2883275927
2270666401
2799333908
1145335950
2476984454
2457519799
2417659442
244377884
278399131
2231402826
96418369
47999120
1362639062
1482947851
867119761
203641278
1134678848
1372900316
15210099
1369413372
48255881
1132639392
618733863
872432544
1141979600
44725618
31555585
326158694
33880118
20898747
47467193
273421972
581815418
359687274
80931384
586257477
635845996
430976274
556407398
414041530
559223740
338880142
351067082
452484544
39406902
360838036
202283280
394837603
158042890
371427509
127142423
182490632
293542312
322012171
127545625
38895013
274914129
270617047
252740859
29028757
20591456
170322957
200663549
227402544
221582799
198932995
20700027
179168557
161007666
31018590
83893974
15725863
160747343
81851249
12380282
16520741
81439967
29390477
56500909
82413920
86732713
21235717
85481823
71611220
41881116
67517119
15284737
67359581
20172607
51429750
14760137
47012312
15514266
41882691
14376073
33627267
20568083
3302443774
2818873088
2458665037
1172847529
3362778483
321169913
44928810
2994622653
2484656917
2239735653
409755591
2772258532
48831366
86101839
16231168
3188262614
1386428155
218919202
49506479
208138875
2734120056
2323092409
19975787
3097807570
1377352896
243250942
2577087049
239141900
3227622284
2516824286
2518822279
210541126
619598737
1072784130
274213788
2846343968
2796428756
2668753783
1196702316
2383766982
3288844876
1565298146
2792632233
3192392828
285177964
3130038929
524587400
2611663272
3239110445
17732964
46384392
3196374317
272141779
56744578
3178706024
1878987517
2620649298
2260583581
2427116941
3119146822
2337518664
3145540510
2528273689
3021086851
382818604
2600254212
3115357039
3016636745
1533024576
3062833098
474382922
1900552261
1101252860
2427458814
2994714693
2897875669
46811963
88053063
2998015411
2599584925
25086747
1888182168
2932325844
3040911486
2415652722
103866835
16462161
294335977
38449898
2875046611
24914917
29547412
80047645
19270988
2943923703
1964693936
3016824443
23594915
2658154303
950407705
456962768
2741725243
552413952
9548232
568358405
3006543122
2714950028
42988035
388471366
2381704770
2355176324
2244580484
2991362760
69099138
86225714
2884668573
583211607
1418487427
2923001099
2802418747
2980924303
2668818404
2963813858
14550448
135084945
402630155
502496161
2806294440
284437310
1292549714
2768959057
2764590090
2227964798
217198790
2860940668
2886551202
543206734
2542064880
2739061471
1895874626
261998138
259212973
614396539
2383898756
1322078797
2430976122
2904511232
2903462935
388416838
2718707827
2875100110
2544048449
132558806
1230024174
2872761664
2868618959
14512855
2774764880
1889492676
384463975
447381343
1707552097
2507601566
19077568
392532535
342524628
2778301292
2822509017
2228667494
44726094
2575281056
2783268542
2733757774
2789093181
1696513645
2799333908
2788976936
143215148
84469958
1532465924
2766449950
2289891865
2545706443
424915737
1510587319
2207090202
2478910584
2738705962
74160820
210898473
2675180100
81643077
2293734474
807170029
2548715090
1380669253
2665467144
1145481290
2384028506
862001624
2512746356
64540666
164726323
2360738161
1890998010
334914754
591951620
170016558
1738236769
2265002689
188788507
2572535684
31587819
12989402
2530438436
2470247336
2576856273
295989617
1232341356
19510776
364511582
771616190
838482080
900595926
2433662844
2434899253
582391162
970076714
454078855
2459131656
70976782
1849687843
2282673038
2469386462
206126665
78812832
1732599787
16195981
85890982
587894312
2419225712
116859069
2445774608
65717268
65135363
2297931254
2329522178
1965226544
1604937169
1604908225
364730033
60992872
17042322
2411625121
187453356
107232701
2370619087
1248013646
313051951
2221124816
240003426
27642207
2385386732
2316248549
278399131
486151919
95037992
2367864242
34283063
1589395507
2355331819
30561991
2352431220
21232712
17750110
1911115860
1944870114
23800448
2191260554
286124231
1293157896
17343006
501199446
869552100
44441112
181324826
2260815797
986911652
1908796153
2284710086
45194028
1284950995
545522596
2265041024
1015358557
123959163
209802054
1628955680
1014035714
1582593798
938231203
1270549094
237046890
59143817
33588600
2180665580
441420922
2158600184
254719698
1305047762
145318322
2215089896
9154182
1152133878
2221728854
31435568
172114428
1400085356
1955190559
316166123
412263756
1927527138
2201122543
2184753904
828530714
39180780
1967114136
184573379
405988290
469548612
96246183
816646843
29013630
1525342994
1924029715
963460825
716690580
837301315
858625735
1904398958
536905167
1859256176
101899561
69496148
16928518
559295665
322033117
1886949961
71197622
111670354
626250748
854823122
1912041432
16738787
27489744
248215830
1415177666
1098710533
139458133
26826409
104473657
154152659
1692183866
1077
124223862
912929083
258605206
74550079
161737985
479506250
352359985
1513536128
213780199
1444165801
32255737
580550640
199143804
1256395052
726846810
28287982
295793917
884448043
397666841
1428870378
811678196
15864679
1647346794
1639826306
22653185
23469820
353660923
432032312
314498013
1681159506
22638297
185307677
1081620072
1321016070
404110975
1208489989
700231705
378921358
811576915
1525694822
1549052653
1025377500
1081043826
790421354
111060290
361876654
30247008
1635457410
515509800
104862780
1102541240
1308349020
18220307
25407858
288249986
715938048
22890638
40053912
153544563
745250731
575453250
429091341
13063422
477145380
1478623477
1265351448
1345204626
1470825577
281187988
842217085
1605280026
111559012
235053298
863302345
47602750
1494412664
298619241
1375415036
22215540
293618490
1577427024
93027080
21344665
1458648812
1337263315
1557283248
41031035
125456212
103299378
75567156
548538335
1485580345
49115368
14579415
21875970
471615885
27347556
60871623
1361316416
1467773178
292459041
1523500718
1382348437
1386889364
278553876
255835519
971302722
212816524
189953037
1364201978
1048871509
531564541
1433702456
1482947851
46398345
1259607091
1477432568
551160542
153551571
1377674550
463192314
756875923
38720373
36015440
524857428
1475730943
19112165
1179208255
1474518920
979025586
820333808
476238744
901348998
104228250
1301737514
1449960744
275511324
72636999
809337085
1362458540
270754406
1421650908
338362826
870591582
277251544
44725618
1425756096
227469180
342464457
347971705
1296592921
459627665
726304448
19711691
1135166275
879605556
860405636
1325357749
576921819
855737738
278217777
568550309
1191296360
1302601393
460672553
235343585
219497069
1113279996
1313743338
1321833138
891821234
1357985551
91926738
33433257
363810799
14681336
214262954
323010850
928735465
1107888008
373135517
15964047
88008855
260361653
285455001
875434993
390942122
1269473726
558171579
974754584
709974061
747873030
389188017
141209597
952131726
1176728882
71501865
1096557193
198284120
18485250
48233564
1296957008
33880118
1187235614
1154812746
55226107
142369656
1205870442
1141356954
897636840
232633093
1228326750
109472711
14270494
30853206
298138833
503398472
902920579
1080360859
1217961414
37934809
121601973
313375223
398268265
164277715
1138405094
63058314
987283124
833911225
23394691
309428705
460512056
1004835348
15470276
12971422
541334851
20526693
57360443
98978219
21134127
456677750
1173272798
1109126851
302238516
119083950
407043981
198248855
932646565
897668911
161876451
723402702
1099569116
53161348
851503992
95336490
199395685
185915067
628200618
337005082
1117661114
610423137
861090636
249181198
100400859
1132201208
749113
1043031318
464686720
473038333
604642603
77689219
1002872852
291698254
237622317
36448609
205280101
431391193
16394939
84216074
842758398
347348186
436741920
573706365
831375308
71691476
956376487
12511062
33023036
24929739
278646626
145771805
365720964
121250225
506803833
618400204
625369731
516867082
823638132
265076691
839903220
45535039
14807541
569647794
28421005
103704259
402531537
995655854
861751296
71785045
78082393
46051059
608192002
459647519
44580926
582208181
770052272
925962164
21906739
993294823
414879631
290825509
23313527
1008362558
787811900
485051625
73160669
948012380
333807907
280606793
106456534
915254270
597643256
634664594
214328518
944853494
304501311
858591565
311190853
506120305
917128614
102754776
293609342
398410582
634787530
188801009
159099962
157111413
68624057
952119991
632984750
627792618
919074535
18487429
480050626
326158694
123068412
14062554
57232198
933965802
592595122
572137232
467219900
922725223
821725704
484470420
891320196
52304814
562787769
902974070
44737035
435073641
892101822
440622422
874421773
247995877
626709429
23364198
883997976
41613603
19063768
870173010
552792850
53550487
871741207
871151995
16059858
806966832
15316932
868890049
260029172
490760221
169934320
564291613
48110818
794334751
288682290
280833349
156239812
524997168
34710922
33581535
139744512
733012555
842240233
846644040
518676752
598624744
835296758
704735371
536852517
755735599
741095450
343492196
375117182
806488242
552874294
174067487
45877750
14297643
806110945
515826653
237912818
361238217
609293713
586772560
194168638
246940839
777979249
347534564
503541908
378052534
21319494
343598276
407331837
227284739
532348639
493009826
31189478
203646367
733613353
637077603
125333370
556913787
35890731
100317571
631304922
35852230
19363570
442173718
107268370
632825536
709613180
357016840
84007788
569250780
426088175
716907416
537309350
367064879
432809496
115085266
326316940
448725930
629557258
583408217
528066450
268129252
635845996
441190458
625997797
586639418
302250081
285029771
554013949
634319814
253800348
542012560
36770107
487652716
353529688
243357133
562802845
610906771
532720412
27877295
616120497
269933990
487645475
609939792
528791640
32353164
169457023
334849558
528251762
28824136
323284201
603698235
44608704
88776568
339377381
543548377
24190468
217498561
275582528
127054665
33889417
196676466
505014584
292848922
577524735
88817346
18062260
446737549
274132854
28943421
72305828
330761796
189518195
136080767
37841232
430976274
521264284
377610457
577426099
403016538
577248685
212190425
56775997
574538075
536904438
386195364
145671206
414041530
339424820
26181859
33175976
484879602
212189146
29854491
220998856
22466764
271019680
554495799
474401398
559223740
547140253
395545765
190337035
115813132
473386060
486275052
159510513
290114440
346254173
546050178
39306176
395529993
343150136
545137958
27136797
23259586
542087927
538379098
270511406
374681756
16816155
267423998
72127679
515797163
41805357
338880142
479447652
472097230
36022772
417982750
512533264
36131454
316357556
386460555
123965046
252260901
16370851
441112966
500910134
462220514
275665495
423995169
526931356
242363763
177067961
427797615
512551849
14085089
32895508
462109621
350718556
443059456
506329882
24785307
51581950
487003422
83069837
491435212
253640699
119826816
275194638
454350648
18151975
91370361
172218036
14141570
268507921
513309908
381728476
515540273
317416866
23389509
482792121
510321677
509171329
374082977
418829896
98013862
500875289
388328034
46733667
24763495
300776312
46664359
458573855
379958877
218317912
489577964
412906781
36552960
317260936
486998171
97157608
422920738
135925528
25386027
464719464
486422058
224666695
22205693
58821708
46670901
290085437
57709082
217532546
47900587
217959142
254428884
481500766
473981323
478478181
412674092
455218394
476113315
370601551
431686334
275434308
388892606
345042866
122833315
304525073
250579794
35005259
463402754
440237472
113101599
18260465
408082409
463190751
287876075
37723843
463181295
425921194
461823288
240143685
447442475
455116038
12831902
233845192
462330023
44783151
7434622
42923372
451541338
178539683
16440542
444319932
69403572
407131634
337046680
262421471
429765661
304457365
165185625
65495542
133710837
18291291
386724863
107497101
140738341
58229033
434768796
172553189
213754594
277154175
435743488
46724872
433503773
74697588
321682708
412299216
309163953
45606805
22710684
101707319
272209764
202283280
324911382
178713665
158041798
68011669
19916723
424479018
420627651
128323841
183642922
305907606
94611013
20744282
26735899
365191817
202751903
400280751
395134157
403771807
191924040
359624331
32530883
344263876
38703581
223722543
327342873
400628188
410297399
407104096
252940705
405427079
18277546
408634310
21489562
385130426
48819973
403891789
399599242
193515866
40244466
406584801
405173257
191596401
253556137
27682675
403309931
384774565
368889319
37899134
155558014
394837603
395530325
205542759
55394837
395214553
111946134
720043
46771211
386719522
28360280
382408300
28274841
389268043
105088727
388490999
389313457
330103322
289385640
306388787
326493720
246024271
60628244
95971065
354449512
55629146
383995872
16473460
289494464
75027337
383472092
377404416
330378578
325644574
143915986
158042890
103821657
297106007
172457982
370871770
21097076
361778545
373408419
47642794
99142735
354373970
174688615
347794686
336078513
132565357
361281773
10989152
112034865
363550013
288303744
44800896
171981139
190755527
321974233
109164425
366085168
289851280
23745356
80414286
14410929
361963717
357501167
359025399
214204960
360603600
36471368
312029599
357123841
292946919
14562968
228389048
253221193
32714858
218746696
356860924
225943330
321436678
123098079
319468953
326144014
67578950
25572750
89217032
16745935
327525466
285509038
171097606
234400837
16194172
78316293
14801282
97148054
84617554
26108734
331749548
340571454
340147764
110123654
321462801
54779022
201350802
313034182
40746203
334330413
322689511
117317083
250203117
21548991
165682298
19187206
267446312
246753825
76686110
330376397
314102748
18379282
328385384
256098674
266764385
311870721
18452605
253712976
171731400
289897152
246141753
323684718
287435990
322012171
38616509
319015122
320945927
64638270
198538677
181985221
297908967
127627235
73622218
13361342
168783827
277271097
313687851
21013918
45604304
158354883
96053679
257353887
279780538
186554345
311898771
213824949
173149290
237732607
23677026
169363309
101191692
307252271
91306292
207564685
24529122
260168348
275725803
35830238
89719583
27680898
45755857
212883688
46656013
246055807
272311655
294070019
56473163
59196444
274057624
134930804
16830395
296869900
294705954
137684705
171547122
85707016
111903064
244646051
32463503
253920475
169671284
22866395
199126670
246810556
28704177
123583134
36658966
240720341
122529607
292755490
31081562
277009265
275233951
59722579
286263119
45921041
258212335
284123248
287653369
18450727
129178083
29234415
28410428
244184972
115743037
267848480
29787193
17773492
21344177
73438863
233358828
282896417
168679723
60735223
43932174
155330390
215448353
101169379
221598629
276976114
276228167
11734542
108982637
95296214
275094049
274250015
136002245
17194090
257179773
16146588
16331709
26801689
142533079
271187473
78745126
188093906
126079935
37654700
41608152
116833234
211717944
194624921
90049831
21930609
190522447
167951580
254195489
267002310
266099403
224116155
23102106
38455108
59370946
267531162
73043657
231756730
217531561
257170128
40668113
136322338
257010511
256043903
264091840
16044589
257007250
135530175
83499479
92236133
22240920
40282219
12968442
94035912
118767926
258806899
258201205
35038857
212323439
17513981
16099189
15024241
39896810
21794452
252275004
124262372
15433946
22172678
163456116
251059580
46476526
75016467
221178440
73310442
249027520
19912684
231206334
240338404
241292238
244530498
223841500
206778937
15008539
151041862
158100219
96495126
52570091
239388283
72660395
187318901
38337386
160604032
56407138
90680146
46046512
239166642
222654667
216120282
15694182
98848668
217587406
95438185
42383845
39149268
12078902
87487452
16957123
234168680
202432613
217173395
16782935
160932452
231404097
227536515
208166401
199038830
25728193
226256938
123865715
54998393
90188209
112973173
226435131
226435511
226434747
226434993
226435073
226435004
32170746
115002787
42389671
225375135
166624836
99774063
74732805
204554964
217583784
226747946
133474481
92073417
55003939
165178659
193721042
199571964
201869232
93054037
40886787
25902307
144608759
88477194
131378368
58686750
126697440
95273513
25217954
84228267
210703110
177971892
211314730
177219310
32062804
17218641
95475411
148877087
20090380
190684722
202967388
167221801
38513573
199334131
114897776
87732724
25718274
15163577
175414381
90207017
74540644
20643650
14282672
37424139
82892648
159492174
197901148
146357229
188874807
195804895
58820180
161291504
192626199
24725678
194828613
22420130
169209826
20693661
194416465
23389575
17181265
20447784
82402551
74548748
182440170
190799076
140134564
143135457
176805234
25833827
22914240
103675142
166653118
92542951
37841623
119845705
62584525
182620506
140892603
8894452
89802173
161007666
180466062
163871264
125724967
15839938
177684752
10329052
135583582
176948682
17422450
100853035
22808957
18082624
122021843
131250021
173659212
14246001
16905483
46035463
21899725
161731650
154819385
130488561
96994334
76333569
97715400
135126097
39557591
151100368
152230425
80891071
139593488
97316936
83893974
5526292
130821136
55290296
50054794
64935161
50648351
82830519
57379728
135557689
126614385
14773636
87802663
106888734
18907543
21440792
132565455
108391366
79344520
75794540
97546960
89799464
46940279
137500845
136490190
17027836
36890388
64532597
134078084
46913532
126673717
80370332
119796729
56331990
120602309
120536345
84872900
111649179
119461392
119116841
111075965
115162008
112682264
113643881
18083983
35758171
89041976
53096959
108968092
111334166
33967016
101029559
106792900
79763586
18813897
29570352
103040620
48797364
61104090
44164399
99329129
36455168
103058867
103057708
103044268
103043484
103042107
99742444
103042994
103041614
103041114
103039345
103023746
103023317
103022812
103022269
103021562
103021016
103020162
70797755
31433420
67748167
31933322
104010291
16455137
11768542
18801560
98178892
58791339
97486261
94496818
95683578
92173825
20169459
17595964
94107851
72563048
88049628
66648135
65693050
88958817
17822556
27485587
38172802
16874338
91177829
88001535
89811532
38742528
90186379
73135424
12014132
89038428
85883000
80611233
28443212
18501320
21824361
18333506
31238123
87493971
18692858
21712124
36162240
46743975
5448822
81881763
60740297
17966208
84087960
85432946
17859081
84743528
29640535
55693893
36817406
47523547
56655961
63552808
82117718
35369659
78618120
72292718
31833307
71122191
69373278
40696781
33960684
44672132
30220428
75328629
23122440
34760711
30922085
18240435
21457514
32641249
24232840
74407190
71724529
66973978
18770015
59680142
20953421
18169988
50227506
52106931
72648110
42725075
18719751
18406158
18635580
32610197
17217389
16471724
33337073
28588467
41920879
30246218
22671716
28104952
23806333
62321102
19927928
37703552
38983615
43940338
26574503
66740869
41449864
60594441
56944462
65401343
17573788
19934140
15189926
65422402
49589429
46542213
24368912
60725789
63531649
63533499
63540017
15882988
57096889
60735602
55878569
37696613
46032191
14617444
59769138
61968166
61846357
19596228
29195806
57734032
14589866
61173115
52427630
46032546
58684395
18033662
23453489
41539646
20556292
54479240
35370859
60088636
16722904
21025381
17990506
15678862
25570524
58280974
34396856
51802413
16018479
20136955
28774235
40288023
23844016
45945775
46552267
40556724
15245648
26334024
22078798
17653789
44389983
20220253
14465607
18791763
38691208
54704244
17108182
46431931
18868839
16243334
16918503
19890268
15179591
23370472
52623826
44758465
47018037
32659573
20678850
43988319
16131230
50808095
43349370
29149904
46670430
41687995
16630083
17930077
50076050
25528906
43075311
49389306
49219272
44960578
48387478
46517952
43906238
27073663
43235050
30948163
42131068
45484112
40830041
35625913
26899991
16235530
14471957
42355426
15541177
35340735
20260405
44999743
31000651
39850054
9107782
16283736
23994876
22061133
44655564
20873152
4083781
43565987
44161798
43864019
16100701
14675205
27077135
29475136
14749699
41359698
43711616
43051682
18998656
40360386
25033696
25393674
30714990
32011415
36485379
41879712
33545268
41689907
34878548
22514289
41369809
39910807
34334009
14083276
40450716
25766596
17801786
38897241
35897504
39789362
31110122
23562608
22368590
26119721
39531023
17371782
38917291
32178689
36885955
19551886
26586079
29886430
39200214
38010094
37321286
37256459
19892459
38477533
12411372
16283927
16736610
25096457
11274452
36239890
20121592
26773324
25378496
23609996
11724452
24704470
15824545
21528296
35760578
5700182
35370307
21088648
19636660
16244789
31340035
20464766
17096443
14732333
14313651
15309918
17885796
16164520
18537956
24980332
29703938
29883148
21411180
22195223
15131310
29008291
28686831
28435855
21413951
19495715
27910956
16406682
19635972
23105172
26834015
14126111
25864886
15829687
3302443774
14645160
2164071732
3271346556
67973977
2906501221
48831366
16231168
3226535186
196778759
211149723
208138875
3245426395
2781651312
3230720295
2463816464
41313000
2792933317
2765273006
2851555575
2715146462
1373724186
3045501973
2321666078
2936454841
3064960395
2995259958
2489309209
2495008712
94717863
3171483217
34062187
3092766023
3158499547
3195801830
3193134475
3220804866
3234424123
3217196792
3227488838
3217305656
142339174
3018911617
357243562
3041669020
2847732121
2708497505
85819963
261580741
110347833
3187988238
3306694216
31327090
2516824286
242822343
2212750112
3300505312
1196702316
2213070056
3288844876
3237187576
272141779
578846747
2374632642
21157727
551315073
3167531622
64532597
3165701180
27066681
2767006909
520921872
610547449
3041800040
17757005
26367447
981334892
1525814426
1342995331
3026422706
1077654398
1672827367
492679980
190318463
855250406
3066894288
328990309
255270693
2225794389
1276128721
2905517631
2555066024
2760175005
2327637877
1136598134
2427458814
3091403884
89310568
2374544502
12504732
1878987517
2942434669
3024133347
1905604838
2991849125
1357993609
3010780120
489662759
106277327
1228892124
2892548357
785331560
2362645808
382931612
965817890
2787093539
2876545173
961568863
744348776
84324670
455506301
32218628
105161635
33519312
2927210272
500370398
1380740166
402630155
820119434
2394353328
2893608741
33160996
2866730217
314011033
2585611740
2232354132
38449898
149275037
32386672
13406
76503308
123689096
23102106
84143465
278673907
2845882200
1662393379
2823356378
1160854218
2836171266
574585258
24914494
2799333908
2370370026
2258442824
2762491064
1004003221
63043446
2587175588
2386206450
2610144602
1394852208
2798236087
2650814664
2609248204
14828860
2596775893
2402539236
292970304
813839965
130155326
2473267543
829813273
513887135
2505558983
2551201704
2545926931
2223461796
1264901245
2603911768
187245132
2535034942
2302075170
2481051404
797019229
473617692
250068684
2565941801
2511327084
572099932
530038050
82750898
153862179
2318848664
2484799628
1582674716
2482194055
1649327186
2285524316
96875199
2485742167
1901439481
95821953
295754642
27819083
128210209
267580804
1412728188
2336766842
1593315150
2356795662
2373972463
2423252887
229665580
198614054
2185577539
2439320431
2439326850
2340874159
20349911
85186351
60992872
219868183
2397504601
1254615234
466591156
65894962
2372030660
2432095757
19026407
1638623600
2264971061
387626830
932280205
134423150
2242331269
52181087
14872016
438021212
1406602044
49662192
230502645
2352127344
2382069133
1526065332
1016030118
1580337175
125626882
2363684562
2347584259
2356651928
2223601806
2240756244
562346664
2373319662
2355534576
704646079
1004003796
2222966486
2370130266
2303337268
278399131
431744926
2233122444
103682033
1891315687
106172521
1681539265
103938046
2362173923
2310512548
62777549
2363895961
1917350875
2349696973
303939295
2319025141
289203642
227251714
2310525628
2361132204
2174038783
30077080
237926024
103561639
2348589762
2339765907
2277763028
96073283
2307512165
2294210518
2320667863
749113
2292938051
2329352652
2302417642
2296552743
34283063
724035122
1613844846
103041995
598331179
341593131
1979299938
260520975
88183759
1653976951
2288786256
2286368022
1072044944
501891533
529563741
54063059
1422311808
2333835030
350087191
53974480
1957942370
1416894834
1542138368
190905427
2244936420
2316110000
1682685248
39753268
26509427
561568705
418185183
1686030146
2324466655
2326379724
176442694
2324716921
18698973
256921454
2282286776
2290029894
2282796878
127122971
2206389894
1284950995
1525342994
20791294
2264983748
1857234884
2270922540
146165902
920798352
379263078
1247442800
576755070
220793656
586521074
47794101
37498503
1904923922
2255361798
1332918313
2267587160
1225079659
525005120
1468215866
83809282
2247222374
29089641
244997005
2227406352
127236740
2190243282
318656805
461997164
412904159
1401706610
238818820
11242082
439031553
526640519
849487459
19792541
1340759485
2158450436
2157391552
517168380
726308814
1969535870
1349991559
85918885
1948154761
1953781069
1699422530
42152822
1873820468
1583890434
1897664156
1532675234
1541601212
90014420
201315671
14557481
1472419472
791666792
175711277
1884341622
30015321
1879548266
273451357
549476819
34830838
1773052039
1731511777
531108343
233738144
185352336
620514696
90010864
1374786157
927765222
873873986
496128958
1708168404
1061438856
1544022859
486980402
621116581
1436512442
317600718
53571362
345902815
1657552490
1657758470
1657881330
28428838
166246321
81347607
1175219468
286270607
19457251
87614013
78195898
1345204626
834893664
1065411288
221437492
398607527
1599021246
147058841
339768650
63058314
207627448
150800311
188941422
1570626901
193372231
1547316480
1545878940
1451440784
77717608
326797864
1361202968
1560500275
1251672752
1560405600
30853206
1534987268
1316819894
1545851562
142110729
18101007
971302722
311088447
1496532936
15707222
556364408
158638647
53041045
1523970432
1472441922
707874240
1477684898
18137793
1491496813
192863391
118883711
1488617322
1436260676
54259228
554219879
1482947851
104194046
1087904119
1458052770
1424464280
1463433560
376934608
48085489
1353663163
1467114336
549797553
258379468
1426150454
431681326
1457358792
532520448
1449294607
1439038734
593889842
308497717
1227780044
1436092651
561206498
1112531616
1436212880
240802366
48110818
1436061223
32907693
1377961825
1154780562
331117316
595497304
1427375912
974754584
14579415
1358880642
991202048
204567213
937097096
234203943
1060566373
601365041
141209597
198542975
449310214
291252989
1387517730
1131087631
1357901635
279967733
1382317939
232391544
1269473726
205083286
1376390156
1176728882
519738219
86633923
1302601393
467702609
1049254609
39894937
23052482
1357763401
945873696
283660297
749994648
512577383
456566419
722326044
302061790
290024995
1299396157
264324755
1346211228
1107888008
881654426
1341443562
1329696314
326589067
444233262
1135166275
1066971648
260361653
1286710159
433665119
872230417
271948008
271943560
1332539316
271942768
891879086
271941741
377085871
1310464177
529745352
1251252313
474855105
1111269254
581410795
1319446536
618151497
1141356954
558171579
1178947777
498775804
1295343302
318589309
1292585108
1093607538
235343585
1143880614
704735371
1142551152
348054926
1267374440
1081103826
25474332
787328960
232633093
829551043
1142712872
128330331
405902691
301905152
59587298
1154812746
1015880792
345101648
1209528668
846759300
282327193
1228624856
1228050060
577101656
1086700950
469894929
218516052
61229153
492646833
509110681
1103663202
168512235
1205474839
1119873805
1147595616
1172012346
506177192
166687457
16583767
1109126851
859018117
701516484
526001751
475421166
1177219735
1181601434
1170792781
339099005
1018065582
456677750
407043981
479461078
292430758
89044136
1084841210
1155530113
850805220
66735947
16425672
1132342412
1149496088
125165623
1030693183
769789586
475838957
176002973
271171026
541743336
879161563
1133954994
24174295
44176812
382848108
962665298
342601720
285636244
24929739
773726983
327050606
232117592
1107072494
481789486
138037121
531560399
67863889
492330208
242140315
260392619
326569138
870580134
575635071
1043987642
1066797978
1062653954
133492954
817977086
312826080
1034664182
454644216
439943646
627710449
972843697
25375670
230722085
14920304
374738846
348058173
992648474
232974955
41208939
1024646953
995655854
102754776
258313006
203932718
393411211
32259774
950963017
52785287
454380059
566172694
972811957
188801009
68624057
902305094
244148250
157111413
946140745
31147019
169374171
18809912
529244887
550639672
937768663
518064009
22760824
932508211
326158694
632916832
289943614
846039530
250961076
735635173
605918536
331809752
529213202
571240789
487645475
916050264
34710922
913217682
286841375
125467106
902141551
178587168
902140134
901379928
44737035
268864690
522563545
22377285
528497675
718785049
775985558
864527143
148799491
511969176
440622422
340345963
883997976
181306267
627021556
528448600
872976408
214116598
825397597
194500461
580171629
764976228
87494342
878892721
878447376
870182857
117208432
252663120
619386071
872500400
872312545
329478396
110084881
153975921
868890049
564291613
502059514
867780560
29256961
246024271
822682860
857155609
518452317
375608258
860768851
751392608
52956210
804665605
517443267
15825165
760187414
858547418
366818638
488765357
511795941
468856873
193424402
314363057
222938284
836862583
17598513
850230026
850966267
825940004
49735209
808846532
220927750
54439249
93163760
44292587
832716152
583408217
830601770
145771805
292765187
174843499
820784808
814328593
818412799
457153601
128298699
812964344
525984544
810876612
246833659
805530175
361254327
801807234
536905167
74332549
577938287
793020734
388892606
791548093
788227681
518716362
716907416
705371137
634281123
578792020
499423390
46562884
623048095
229888557
67797645
756581839
279609335
752068056
741208225
464719464
19363570
435147399
47285385
259740944
116023384
713078376
434684182
154350741
625997797
403016538
172489932
635845996
240350168
630262856
581386387
53363962
17713001
608637181
500970263
539101401
606511245
609470058
515117277
517526056
399860976
90991438
217826476
603766881
413734733
408169249
515683956
607063360
213767557
28824136
108483985
334849558
143701910
605632475
603698235
351382047
80905134
316357556
388202368
253387083
18496887
432208482
156161276
560472490
462175242
507529763
221408427
545281780
507775674
587734613
588063909
537813194
560713993
339006089
571485597
15855954
539338456
502119860
27783848
559833692
575235067
38841434
17231752
112258571
574538075
86973043
202839815
571688411
18093423
566633773
29986780
414041530
555138963
42043248
72421465
563076534
379958877
115813132
480777272
224698256
21290240
502340334
361253297
553452220
552205143
538290624
476099768
19031473
538280646
411820334
411296552
172457982
362344273
543495182
382252722
411296089
503741484
411296029
294180304
532003862
414353870
518589857
418594096
338880142
47397356
537760950
100620126
354449512
361238217
516517601
37479260
531686519
211189854
515556538
493502863
529588163
18454530
457783254
469068046
164432203
282431079
462968084
462407851
30818383
165622748
522146679
132944040
30752837
454350648
348075173
407306978
449534345
316469554
343150136
355176600
40916117
507749328
507746458
388328034
32319996
7816702
482601967
468908691
16697018
496084140
86860912
436028814
37899134
1621271
205406176
199766009
243655186
218317912
422920738
96284632
377925909
321574042
484548311
461862479
39717465
290085437
296609350
484560944
484252193
482477742
404064011
362097570
407599707
473543648
334635197
478611317
310858367
431686334
60539444
152044945
426830717
463236942
425921194
197845065
133710837
20102364
20025850
461346579
346571687
17464265
466253411
335844002
429942439
455116038
456629348
118432561
64139627
375605957
165986330
461823288
430111682
390521637
117841825
52401326
223519790
377451768
174730004
447250689
183463599
18343348
446737549
42923372
16957615
49506479
358163437
101254662
230885211
447501525
409862690
378419314
395681859
243134297
194850428
271734273
126732218
18783267
428305914
236133741
82316132
397423539
17624304
404698670
431249128
373670142
22066781
19162758
416005848
429872432
429831714
429074005
49317225
427874047
108416848
202283280
104213261
287327290
43171801
20160143
423777909
289692286
239679597
316020081
422931984
334908221
22341209
106207424
291811774
424451770
168552094
404391566
418195376
81313526
101893572
346861423
353529688
414047206
25418148
380344358
289385640
107547335
69178011
38703581
303708115
255576983
16467208
272163632
409514364
128527149
384904654
89479185
406584801
359881279
408634310
385130426
402086837
402992625
48819973
386719522
109164425
193515866
405576722
244551655
368889319
379856004
189320783
255834326
108330063
370632806
28704177
158727460
400043835
18452605
21626824
57086029
37198127
394837603
26064921
75491950
51774911
33549725
25454651
386435568
20385597
72957023
306326467
391480372
319196765
218573235
385339832
29770665
376344546
37992601
336920968
386860595
86692803
214675085
384725512
289494464
16146588
136002245
63749845
325644574
23890771
377404416
143915986
293960443
170892495
158042890
32499680
1317
378757269
357146719
314894210
300332615
374138465
302103277
14297643
282029537
161895582
288303744
17353635
340433744
273671343
15211300
14277383
93047119
20828555
221791067
171991128
366085168
86818387
122100952
69064337
44858851
63972479
305634171
252379105
72452672
243851677
356448184
193603849
66031975
190711430
36245604
325568204
258605206
201570990
262461639
349998863
119845705
18319858
283827278
266368943
145321140
251049543
25776543
253800348
55703572
71028773
285670262
329019930
16719982
113850891
343123829
22536356
14083276
160929070
63286995
277493780
341917472
24823992
340783794
28943421
66458697
308503215
338420754
259412880
292438954
87724053
122473043
336601289
332407638
250203117
140738341
130922173
27633606
282717311
207672319
27754412
17999704
201247458
330639898
304457365
313947294
34835897
328618103
162378568
330147129
138756866
20957374
18622742
275291164
117178370
189659678
31174289
188468841
309216393
322012171
306991397
277534792
49865123
319834426
82954402
228874190
306388787
22172854
315047575
119291494
311520359
156439368
266430504
311898771
137881046
310370934
313227934
315188154
267171658
103788662
222508226
72637707
257627884
268891020
311032515
105242077
309075906
19187206
65120256
199143804
309461149
140566655
308574072
308713824
100000760
54052039
306133088
273907454
302794411
57948087
18043199
290707936
133391584
301142190
98200833
16351976
84738880
294070019
286098722
46560358
194198640
296869900
36131454
45921041
187226350
18609162
39429438
23379393
173982909
257647097
298967468
244646051
117318947
297687695
59196444
133128333
253920475
196372237
155330390
190921801
48515885
211289114
240720341
17672950
258912514
22269919
285628741
215417086
67339520
31081562
132255502
283035735
30386877
264226896
59722579
17437735
279130857
286336006
148865347
126191168
264025421
231015238
244841705
264259922
276941708
276941290
103373793
286013813
221441734
287653369
286731691
282317819
117172278
36658966
41516153
285653647
17384870
276084293
284624619
283469650
276942978
238203003
284466477
17782359
168228886
230165249
142687376
278992080
216802680
271549288
253244753
30203952
108931568
43932174
240214592
174870438
257531039
202321653
254741877
45604304
15540917
256645553
71608576
38472922
275515371
199441879
278123815
278117992
190829591
232044031
269987274
37786188
90522062
278739941
276366717
279391992
276865120
268619294
277390797
275319261
268634008
115916578
232344159
102124057
277380610
276305769
275487458
276859916
274097337
270773087
268643818
35830238
279130937
276976114
276228167
253108932
136322338
18219682
19477339
277611918
277016669
166522473
32572179
236836784
236626362
222938472
193981194
20738175
210855402
51353639
275967897
190562460
80058983
228023702
28369285
274400661
272428143
274386309
273877364
97040684
187082801
180815292
22638297
254075185
60119728
18518051
217894695
199962693
266459216
136935589
245638191
245669399
50162009
142533079
17694343
264570337
244181370
236070120
253168128
266099403
269593290
223125602
33872308
211717944
37517840
193590745
118854451
66422685
126369196
25321774
260462888
268312339
235055215
266390760
17021120
267848480
255577122
261277944
67153158
257957948
238788987
112399166
67413545
34883952
204005233
249379483
255128043
255128595
107529441
209531141
98827525
114135582
187600480
83429920
184368644
65799922
261661292
263073663
261722168
104974468
26572646
211559063
216642903
198327601
121521547
244052130
40282219
57142731
257168875
246035087
125373764
261422266
246759512
238289198
168696336
258668136
253990464
257511816
246760274
258671795
212950727
106831261
47715360
99136022
248509456
246707907
126174735
252522419
120279463
259382115
249562179
202675099
93084896
226279517
258353645
81641911
242702001
256291665
198246831
194624921
231745549
133474481
18533317
124863754
10021212
218980415
194919983
26608405
167925413
214754889
238260969
239832260
17972520
229920299
158413413
192433149
17723422
254793308
212323439
138522142
253133091
246769309
251236457
24751816
234651761
248829548
14125515
175639382
85631584
255739206
242181230
19043540
96230663
237064154
176101683
172069840
134472169
250885003
252910971
241270015
252080158
240946624
23870485
225294328
109968302
252222762
122738730
24627188
122716376
228850459
111943722
238340881
97792872
80541286
14059282
94169686
252619756
251460593
250103471
103067027
109003244
51192147
73310442
252635877
253231747
211535576
105112118
252006488
237384211
250974589
248994001
64377602
247678225
246779619
89320209
28761948
159099962
116994547
34409743
80544861
201637821
119043314
236728183
250275464
33702532
249665820
52851035
180978977
33483003
67689396
212580044
226982923
163040834
220548152
246390626
99782750
221082507
248514672
50380758
248836850
246112401
17707182
179233315
239265335
35655344
96225515
236709482
246685230
201901871
178604866
188380965
246548016
193595293
130139197
123926189
32062804
40714095
113164989
53162642
241393953
224894577
244298447
246331863
185675634
206355928
202097185
127924885
245583256
245741749
70373761
74480661
246969439
237291388
245587315
219335372
239923497
109818909
47062757
246372527
22676946
136624564
93839598
243177158
189568230
20642209
244333305
96434230
222262795
245895585
241292238
226627512
46476526
35038857
239762879
81202309
143086336
33062052
34033550
18292750
23471567
49992096
229070285
92236133
187959991
60477148
231206334
191132075
115547642
49506820
240921331
21389489
222654667
78832560
29837963
22544194
26628782
131643073
216120282
193951957
29352070
238065669
218892912
20460104
40696781
34907048
140980152
127986571
131250021
110034857
31265996
80414286
205594391
205594515
33472080
156785569
70792934
115529361
57001691
81961881
42383845
231219230
160932452
227431793
88751446
232236056
10822452
14613342
232256445
112973173
216077931
113101599
19210981
226713935
23696980
15020074
135352406
169801288
23712447
27238623
58929984
59996483
17573788
220150048
19126314
218734547
229089753
155698735
18874383
220644722
30290480
82475130
213176263
22293313
125479145
191596401
173350129
45562177
137863753
51028602
19272490
67655176
101985606
68200733
218593761
78031447
60448573
193584993
38555212
95606548
84652476
151041862
165178659
219277121
92073417
216707460
22654404
202302117
36052870
15792511
199571964
27076855
142814753
219553100
219885394
209172063
31530910
89812064
183142510
17044695
123661447
156998339
167378097
38907678
25902307
39775436
121428093
207553661
131378368
212936319
17989953
126697440
23453489
198966951
151574328
16745935
208167307
137881142
136401228
51762952
107282314
210416207
67218195
25608347
75300453
202729572
44417219
196684665
177971892
16630266
28609908
65923736
63152064
98593629
142375966
204795355
44484303
17203437
142379558
69305732
199334131
174096992
19342363
94307293
66062292
19035250
95471361
124262372
48834856
188002021
32122677
19613406
95680354
41394265
151169727
24623642
63439599
191112694
15067317
58820180
34136248
195576123
37036394
113390411
29952341
195865203
19989479
196233074
36057186
103013627
194291664
107939119
190684722
116608494
96132846
40607776
36361956
171799570
57424910
113114433
21596811
16044407
170526685
17371620
95273513
70454433
73312470
25085397
168679723
169222119
143135457
88286331
187187034
17005504
131476994
21057575
85653502
130540294
182440170
190915887
89034454
188046302
189930164
133359834
16429082
176434844
166653118
24916455
89802173
123865715
14344497
40970256
8276112
46459321
18347010
177684752
127631312
17181265
83893974
46988713
157813580
174777597
22671716
137482443
127335091
74741590
166453448
119656142
52720154
125221808
95531683
16172327
139244327
139444549
21721657
147688429
38787247
50306155
15181500
11039092
95260159
22091213
122245850
18072521
164241906
109724792
21899725
114819429
151256988
18708014
159195916
141851017
55648286
156764077
76333569
144075820
17603464
65716459
65481787
148931648
151100368
60046338
148196940
62100609
47211550
16888904
55290296
137432765
106030977
140159597
134826804
117859761
75794540
68888515
139173680
17066724
100220806
79344520
77142216
128329008
19836954
97546960
108391366
95292805
21466801
21885413
58791339
11768542
76959901
30948552
36523705
20770149
74566615
113099371
127257775
29089205
37925181
126023172
75315097
49456555
97121633
24481864
105951436
121064535
14212033
23987664
15943119
16257802
17752368
23677612
107691052
119083950
27087150
109051723
99993303
43865033
7548982
126800276
17537826
85745863
102168632
29352252
10117272
21376696
87495080
86607959
80498549
41991448
100521035
39170483
17155995
119097749
728893
121043892
20007155
17997888
84295742
24224879
118471025
36308294
6281632
19041958
63552808
15311605
95967455
24827561
16011794
16953480
19828976
24491212
84576666
33174178
17468904
18779348
28795754
14243257
16487712
16738787
21163775
65270378
110651092
116207479
109932080
115524845
112682264
113979763
107225658
24158983
20603062
113193585
67333334
18504867
112738181
83184592
105528320
16210524
112474893
14262197
650903
79360682
15123270
27733204
18699304
15484063
44171091
86893691
106689357
20369825
32927518
15497493
56236678
58655810
17594789
41337381
17278559
20717440
40339213
48770157
84677619
18234841
111334166
14343596
80334520
59916471
15898369
34146256
17460197
109322829
109301883
77608191
102714187
104647142
51401041
14564704
23677143
44164399
20814065
15704958
99742444
90391878
36584032
59841237
13306282
28359242
23305137
18471265
14675205
31433420
20693416
81716951
28955257
100383607
104010291
16455137
60962582
43040154
18033662
56643765
66711003
75305847
14874649
26262013
50637908
71437350
54486389
37949410
26977505
21676686
96153787
14057976
38931262
15486165
95478973
20597337
25696023
46952331
87395778
83665703
50971558
93472953
66324812
46836724
78653306
80095136
43329708
17910125
97486261
44359311
19609340
18243563
17475872
38983615
38897436
25673869
28009658
20822567
23217361
33834911
89619067
18912340
94826861
68732791
76665135
60722155
87899014
42151509
89845996
17503666
20190230
20654335
48534339
18874911
92585915
33677503
18760460
15549156
69586607
89664051
80010004
48435442
13912872
21983434
14998356
91656434
31331628
60394519
45722571
43187011
90994518
89041976
90498402
33044533
15428926
20290668
38459380
70868741
87686685
74806674
13629442
63091990
30210904
19288077
17885796
24951859
44009504
12014132
38742528
52019399
73245508
85883000
85803142
22615362
76751363
82674183
88936529
73944944
86984613
17198288
87623341
34993850
28443212
18318324
18501320
34418258
18333506
14747183
45581549
87796383
23118937
18692858
23798980
16518494
23853878
17315376
35849263
17930077
12367432
817127
32322551
20420442
28487033
46384650
2944241
86023921
46743975
44389983
16642585
86024045
60996414
20210947
34323672
15616834
17365139
22936237
14086158
26350255
86024365
85555741
28507954
10351332
77856458
5848362
6803642
23062720
83550436
21196337
26501654
83455040
60695143
21548991
17994151
54577603
40885516
27119750
54616128
69586685
80659837
16662478
84998832
85245384
23726295
29652845
60975782
30178173
84445586
35360350
50751219
18626424
50304619
17962092
18954209
84441915
15584776
84189416
9485252
80102450
19195914
23249874
33006313
59957842
72648110
24359784
13218102
64402433
47892553
74543118
60745155
43142046
14167429
26028893
18207725
17213521
22302160
82470228
18089164
78704287
34651221
24656621
21440792
19492594
68689443
61792283
41987463
69068084
16410165
40122267
15860016
75405901
78471777
73045458
77314206
50286217
14467072
22586543
80556439
78945941
80714112
37724054
7439302
49372625
44965855
24206462
76531026
52106931
77566262
77564719
74025506
22801144
74744093
37319536
74724111
70693124
71993887
16438666
78018496
34334604
37126450
5448822
14109548
32837201
20120523
35993602
35739560
25753419
73094051
55927807
40329470
20177347
71359943
37490045
22072828
17711946
61609842
47181196
11927642
76984985
75394093
73678440
19837231
20958510
61030723
41101985
76652247
50749272
75718169
5118981
16835886
12240932
15678862
35314765
15473767
73321035
26334024
67636374
24414384
48026592
42661295
22594092
21971128
19780515
17108182
15117424
33503801
1588391
14383396
25092820
31094549
51020975
34080819
46719826
15121995
8071902
57518848
62043413
18103051
41942485
31182139
46484144
72935439
14436732
66133647
24939826
53963711
35796774
29040062
16027500
37751054
68820935
20700643
72029239
7997992
71964554
16497754
15923766
33823550
14720411
20312043
15916757
71071679
12363142
38517996
16999591
61231339
44962385
22359814
27511623
65205477
70580169
30062074
16202666
60377849
15393764
13293972
20864660
57457988
25227195
15248550
51400389
18478452
18251376
16015196
18312290
69270025
46734259
16515654
24794662
52433353
12831902
21014481
67263108
58024283
40458715
18829987
39519037
17788557
49714129
16833640
25356215
28537113
69800886
20447545
69992930
23994973
16084468
37338773
16894084
47708280
20732463
40443752
5656402
16827173
69169559
15664632
18906561
21631487
24232840
16280566
25568065
964641
68468776
66761956
68465681
55253730
66740869
46032191
25728193
19897004
67748167
55109529
27157127
47355663
19927928
21407106
54643982
18262104
23862487
17194090
19859768
45606805
19090300
15450996
14465607
10168082
51880883
38958010
37366095
16194172
55234717
36786085
65403863
61232698
17897772
41817378
40104138
46664359
15856366
45848785
12144232
17602996
57331899
21817757
31873618
64077989
14389132
34024469
56760408
15279465
31123228
2704951
29178393
18541756
63981997
15882988
32980347
47141256
58438705
18244332
23086830
41539646
27922157
35350414
57516379
43125728
55320284
39626338
40243267
32463503
17123884
53527428
35741756
9689662
35758171
49258220
26240894
19892459
31835879
23562608
22044343
9548232
39850054
43182044
19927900
44378610
24828537
19596228
11274452
31045204
28377232
25081344
41204613
15912870
15885242
150435789
3302443774
3098329220
48831366
3222862178
63575795
3227622284
2349761542
3303762287
274508758
13491082
211132873
2988299877
3152952521
1876946053
2951514122
3178517186
34487006
3116278725
372351408
3074326129
58314738
91708490
2927183759
3061963357
3044783615
3029795984
245518238
3007122996
14052200
496023442
2859887772
2750279329
2546318557
2962115372
179203547
2637038127
313232705
114783637
2671860675
2662314255
2937742718
2752417789
164326166
25407858
931006321
2396352462
634011305
521864177
30509952
2291491411
2412825722
2813216946
16624258
38763242
2875100110
17402202
941540156
163169127
387299290
125372646
2750677613
392532535
563342852
1691867455
2799232237
397701631
393539982
2840835919
2651295194
1436574398
2237973294
20478439
2835697958
2811786643
14920304
2799333908
731039797
2709795871
338405223
226029962
2809599463
2260241886
17126564
18578101
68731252
2749687969
1657165387
2260262677
87195943
369074966
2565965647
2241460056
2421150612
478216489
2198800536
1528065350
711971517
26049395
389614915
894177158
573873973
52443764
305598508
2437435957
2583793788
2738610022
2269363634
283415345
29300726
28392516
2743418581
111392593
622946180
919887456
2303766278
2362951802
368055938
96775286
48099500
312896469
279043834
103791076
23434193
1558583606
2712556632
46496617
109394607
461434530
36262051
88740365
2707812890
889064112
801179472
18583732
2275777789
2343035343
171532086
614251637
60571975
2639561930
238841102
2292990992
36389634
158012619
18698017
2497320762
2478518533
312883601
1728828793
1668178118
1733253715
2494663585
160945556
37673329
599304793
2444362050
2338832250
194623214
23638213
2589388536
2660648476
387596675
2451673374
594319164
15607043
606482158
17385965
770654587
18607777
1657357626
1618119949
20105402
2491638416
18084770
187245132
1265046205
330653514
1677459518
709444265
37549418
1261176019
1164040386
2565868629
2377492374
1562931776
565110755
2443838071
23079146
27461739
147575769
1064725350
21479348
2384176734
2450153161
2444002225
96045025
363083637
2440593373
2368623953
38713724
2375290641
2368602071
474472585
2368680809
2368704095
2391746925
2388454846
279808566
2388777391
2375761707
2368602592
2354179528
2388407542
2427730298
2343984966
2354172941
524536675
1060748876
362147846
27714461
15635577
286032571
419510789
1548282276
583026206
41040100
2359898826
2162147678
2352443336
299420100
2223966692
2378106967
278399131
1887764640
2252347992
455869388
1066203774
45882481
85662591
135197800
290593302
11864662
2316253284
613076057
389127729
2180570184
1444792927
297424983
96918886
2289035838
2327545022
1108548866
1564102568
1523775542
78775785
473093652
431999558
1483959817
20257093
38166684
16731901
2296843682
1112652883
2278058666
1219333374
1884092887
563396265
2291053021
1966371362
140799023
2298864842
18686330
1887250394
1525342994
1102155342
19083933
1566465486
225977414
22993517
1067086392
19973908
584020064
46560358
1307501564
2197194615
2209527642
1273016534
2196941506
1272991296
1667295679
1668745130
25524787
47079392
250842155
167169243
2194197455
2194139271
349658805
1904506855
2192738356
2191851790
188852875
204227650
353924292
2172830066
2198164987
1951835652
370155842
593140095
1022785286
1644227442
2205510702
27460439
361912807
2147752538
1849548510
1730164044
1927527138
420825480
1935407269
1284935899
2150127817
1263191436
1273017390
16912546
349783612
1115337217
1612880515
2151288788
541276613
1428313736
115112490
1258217300
69706205
14726796
52571138
1402558921
1966557330
17407148
1148916374
1972193503
808490425
558280049
2161101728
2159994739
1891145887
1949908759
107173552
77924727
32363890
5685012
587517298
1957769053
794752394
1380189120
65160626
255825586
795195984
1699134696
15970392
1671171146
1414256359
1957145587
1757148847
1481304464
1463627761
14258923
1628520948
1696157533
1731712010
831681793
1941753114
1683622225
1681750350
1715501161
1715340745
1692285812
278741336
480886613
1715279923
1632161269
35775418
1688227100
1633135423
185473971
1673259986
1647029562
1697720504
88476641
248215830
1145713784
90269967
369512165
1679675809
1683098419
502530652
1705400581
1632387013
1634864671
1640211919
383463669
1641633182
1627771861
95670304
1633077756
356495526
1632265459
1635948014
130701686
1727536098
1631011274
1710218713
1655680988
37568811
151003228
1701907699
1627898054
1680323864
1565157325
18501320
1644379776
1717058490
1583355613
236682383
189259248
545370485
1688769842
1653976951
1645813950
1710722887
1712565324
55651814
398351602
1627772156
1637332278
1642606650
1731154674
189203544
1426586822
1855761253
1634892354
1731109850
1645133353
1630592522
1332532328
1631293051
1642310528
37003849
1727514530
286202010
284123330
1687956470
1697118241
303976939
1687982534
1553050753
900469742
1721406379
259485474
1635421512
15697648
281298505
542036357
54291397
826498656
59313773
278203354
1694439601
1387790484
1583405702
1491775741
1645276946
1683920809
1672243608
1642403821
1643064841
1634134040
876684282
1638373651
453899301
1645534806
1674345037
1020306678
1155145458
1696048039
1624838388
1428870378
1679457613
1653532028
344402511
238183057
1612561506
1642544268
1634604908
1638167611
1397287590
15600598
1665999668
1628087358
1680356539
31568473
1645939110
1646157386
1411623368
1635435103
1638159931
1457254950
1646895974
1352503706
1642430916
726846810
635812877
259388299
26299972
358354163
700157534
874010707
950962471
22797378
243351902
379161647
29800084
1127107230
402651447
23097927
745645578
92088511
28645291
252569743
149396119
1551337640
94868796
944622912
27555075
1249622940
25428892
110733634
1484331254
35847374
1606178011
281288955
1246277215
29115278
453574159
556239484
1546350427
23225952
61883696
1549565424
212413872
63958748
395415761
158435295
760435861
1436005598
36860004
595466890
919251542
308988200
705419508
418048787
625369731
276323771
15532983
1452461628
188941422
74247786
64042956
864083924
480742309
562958416
176200349
1034054342
1377904051
526717903
55647330
311718138
1454671554
278370274
19256952
1239772596
41030445
577552703
21770677
41920879
14465456
95593387
190752794
952565881
44117645
576056674
1025848345
872230417
89745061
1444390412
52109551
323547496
381957130
1362458540
1170684444
1426715473
14579415
539354581
621266831
1317028670
1318907023
1317022028
404144021
138554614
71858540
323569165
323553209
323543782
1143371251
367228729
323553167
323553164
323553126
323553014
323552987
323553101
323552753
323551797
323550900
323550719
323551189
323551008
323550416
323549460
323548829
323549403
323549211
323549024
323548643
323547791
323547301
323546687
323546647
323546261
323544996
323544112
291252989
570527551
28518169
607219050
1334305567
1377925602
177691262
1287657698
43650014
568550309
431391193
50417422
50379483
748666453
49979511
57142731
358830128
194617173
128092360
282791796
1278218868
21337115
784933902
343598276
389188017
398836304
405099036
1140650292
326407062
463192314
109355933
291767466
1147450020
1284290557
1247869477
1221952328
637184071
40332646
311190853
53599561
40617776
19167218
106814949
1013974532
1209469482
78047787
1176728882
272070001
386626000
1000358156
578792020
35453081
946527319
1141356954
403016538
563604760
87340865
558171579
452484544
523840252
106829423
46158178
835827480
321585204
115129937
1264984902
1154812746
919541904
465843936
25924156
481529285
537471978
1259551915
583957454
70855967
21134127
240259471
829551043
31188184
491332318
18819580
1192338714
244176934
35820204
38719386
38232102
6298592
16933716
1091371736
1091350242
1091353255
1091294874
1091312406
1091250062
1091276586
1076059075
1076062274
1075840015
1075813064
1076037140
311918738
271922958
202727150
771862471
11637332
27292983
849406572
15458277
1197859110
58591071
1195889484
516867082
25674811
132904398
291465725
20776702
71148540
37366095
16794824
376353661
305026481
1015880792
1178583013
221273567
238571135
1113444030
384196648
21137028
23447216
96160781
19711691
861090636
27710985
44346972
216817171
539689182
932646565
161876451
28196047
21925357
460452894
411178171
40100961
339119094
1080486188
493454735
300421275
431950442
602992921
449855482
244181922
604642603
763004900
989940072
174244816
112342462
543502758
21395205
17687266
133433872
738593468
1109781650
133416828
34710922
55110938
806518339
333473560
622198018
915538747
326569138
6653
316963496
38364398
627861544
543853760
610423137
112833757
82272784
684793
586739034
1022712416
1008218456
127663598
35350086
37297007
884978100
140075804
55992272
303351961
64207926
582391162
18351792
551330224
396106623
179914547
114483184
359482667
17122755
47671316
1020285074
40239375
90192168
625941461
1008362558
583607583
995655854
206737340
39362919
147578598
95221047
485051625
1000845595
102754776
255167903
22184867
50227506
42687239
18874383
986971812
736113404
255040719
590955360
946195285
978772579
370306912
562051843
280606793
944853494
17553797
623901764
550874043
917128614
82800154
407131634
49289506
47433923
378798204
515796711
165847341
366003164
881907558
143265503
499952083
24249169
818836040
72042658
53128289
468232421
18487429
480050626
68734995
939971551
547136148
282244809
247946711
23100231
873869588
865688053
435018194
561475313
430186057
28824136
606863978
589190456
17659599
708051440
462592735
15499489
12127792
22866395
27744310
59370946
413709767
705135355
440622422
182931449
326144014
884142590
776411899
785979348
268425038
112748226
111635939
871741207
27608017
233197481
391583284
794334751
384304027
125164476
17809148
159099962
532348639
449753444
32353164
808846532
509528587
52057155
842240233
726888834
369198267
425196476
278646626
704735371
479198472
574016310
78321075
528251762
601423632
69573332
70774775
780903146
389620611
705371137
84128743
704626232
33622217
39374153
402494280
300455751
33537767
176297942
175165646
603698235
431586713
36953617
619931426
303893335
537495584
207501653
118569387
625973805
265287864
237912818
525321620
391699882
19633047
28190881
467753023
528066450
553669513
25178603
137687410
130108575
398206854
95776405
635845996
86319482
271512704
7730222
490760221
435019368
36770107
611570379
550311488
629557258
523772274
427797615
89263698
456419602
108397361
395545765
74099249
75114436
588132953
624778615
31889311
602531907
482465061
134973016
484903912
53363962
296411088
28676469
500849311
532720412
58677583
36738468
14089912
301846640
466779086
22918050
599113166
14325200
252300777
433665374
405803043
253800348
545437771
536744675
403435008
346028246
312823344
603769746
599337727
469953997
345282342
598570067
18074797
118566045
569334243
107483383
21886327
64286594
456111807
581034619
442204588
429068453
531880418
442148910
442196158
24707973
442028724
580117491
442186971
442199164
18056442
442090778
442111362
587811442
347971705
69085853
227007556
486726674
491568209
280533969
565814335
249276475
353540378
261336370
249524997
103700654
539338456
442092084
442265587
578820515
442215668
442231293
201588696
232287741
318823928
564748792
296091800
563174370
577426099
263516548
201531821
28648090
117843735
77688835
396259868
470801826
550089235
337137476
123178691
442247540
67748167
442218439
537309350
442245269
258677121
260072781
557486710
354392125
262368526
62814185
380579005
17181265
414041530
398230569
566480948
357917964
344337701
288346431
368302395
15391827
26392159
227284739
32062804
116038710
559011661
500161994
86645849
212281072
23646321
418122816
271019680
142535550
16983361
44735468
125801144
124573762
368703171
10507312
28595573
350106538
225147972
443297726
21290240
19020491
422931473
19170315
167136303
44921472
185313459
305068212
477861086
551280202
405053958
531813059
161639995
288477341
320338070
191706396
462804709
159660817
488274254
459529914
482860413
42661419
528143792
100620126
15576494
502221560
22269035
470416337
263595467
69984874
279385042
26465699
115524255
463629172
372212316
389590504
357834413
338880142
126799712
343150136
19031473
172366371
193845219
518064586
278180475
40940453
239380295
79325919
442078751
442170566
442036780
442057697
442133732
442117535
442135472
442044065
442122471
442265898
442195506
442134811
442151077
442240765
442173511
442054268
442081672
442127219
442277078
442215729
442083769
442285489
442214870
442242237
442139721
442230479
442129116
442229902
442200152
442240728
442213561
442238000
442215478
442072993
442118460
442096921
442176215
442043924
442245952
442080179
442099956
442209123
442066107
442042434
442240115
442024819
442158607
442194806
442082307
442048574
442258797
442125341
442129436
442026637
442239369
442025905
442168791
442281016
442188115
150108965
263083222
274416029
191163079
373588782
348379636
523068108
496473840
65843758
30210811
465535605
41291277
47286973
292891468
25572750
447364958
36131454
210970114
186350077
17976341
26404914
506329882
417982750
213881853
461838012
100235709
370536860
430976274
449934761
14190375
29466564
406006861
298430068
510962688
156097928
330431938
101757273
467588151
330587386
410312735
20957374
487003422
30290480
224609845
395847851
158727311
468214757
257010511
306250605
403771807
356344091
148945607
456656288
415044474
462177414
293182860
355620607
410324004
47940522
473459454
336055832
509171329
230044445
484357537
13757702
488862673
243802094
403905417
436045478
369917616
405171139
374429260
27801951
219622979
227188351
118185185
424261476
15067317
59579368
472920267
55360723
391153528
468823360
14352600
484530982
276701761
451126644
384564836
26672880
113101599
439605908
355471653
355931103
20994664
214968389
133367504
456031746
436576766
480628694
169813345
362079203
23964498
445217027
85377282
65290069
14062221
16733690
291875085
264108521
232477528
296998885
177073609
44389983
471565583
52592400
425070477
16400481
118435253
18760460
263402244
376997398
335537750
112895659
15639082
436940503
383031800
35799291
15631938
448517816
429314936
293587436
446737549
191596401
14120538
462220514
44130344
429123557
180160760
11351922
456507520
460008624
216130843
454688280
453827222
361768573
75261439
244769784
449940592
168418144
437585144
139953354
58229033
58450913
296960601
430201626
419135338
42923372
450220157
135205343
372928816
164556401
315521504
9493542
378333131
305824050
75567037
436191855
376422939
324564992
126164930
226681937
422224714
37394371
199911960
441085250
417480206
436922149
42803177
376148702
16697018
429440301
398107314
433526545
432654963
371385715
90486871
82316132
426490543
432038546
386805049
37831315
403873731
390236358
399832346
374272671
417952939
202283280
386726594
9345172
32882710
26801689
323457049
196353518
421287525
393134557
376291600
355520163
275157036
36545227
81537889
396828817
271865741
46280610
236586645
371449036
266612252
227802169
145039026
81849763
412689181
403800757
353529688
408148014
417541980
91040837
411155416
360218012
390890822
389202894
15245176
373301607
229888557
277017672
267348952
386899737
336739980
127602636
279849637
388892606
396027683
252794509
223646391
388472236
376555250
19748393
168783827
71626061
38722208
262135344
410230308
243055786
285375786
35579540
368585867
409994391
405652531
169542801
362605926
353628622
385130426
70415000
401902840
347395616
379192167
69868412
302250391
32578174
111060290
39839978
403531071
48819973
129649245
321410063
173703849
363462760
392908643
164006248
67333334
39288604
259301697
385902937
301660248
142123438
389115090
24929739
394837603
17984721
381918197
216090780
367397544
220077979
381833019
381832481
381831631
381832024
381830701
381829823
165622748
381827097
381821665
281874553
352763884
386915801
381831063
381828691
381814901
392333417
392235438
250624569
126427293
315120472
373154979
390239855
90972579
112567411
150850773
356909505
361360945
324244248
371524634
169858863
224634239
15927998
208350394
38703581
304375712
376936165
156749882
125475934
17030933
49925929
187718121
375383020
95971065
382176790
341077290
382525051
382521202
382517775
382514389
382512960
382497125
250669896
361238217
313556062
97334092
23063223
254133268
253203183
14613859
356713658
352743925
250714231
197481942
279877801
369971794
369672230
325644574
377630182
264296086
69149255
373171812
158042890
379782254
250969736
81433083
366520205
23977107
40758481
372341276
89601383
307657409
346616479
372392953
172457982
377399440
22569533
121853082
304219487
213083248
146529614
297041579
203716523
19788151
375085236
143102412
226676557
336494661
293583655
20530951
179543144
54649894
19272692
349467268
320831959
1763801
352754538
345545979
242313773
372053735
352758997
219013522
299189436
250308651
233361523
352128986
241255491
212506972
197404994
368312327
352748497
357146719
22290216
168622657
352751790
271078627
352760139
16677077
228850459
330487235
15068399
52770751
352751080
137602868
334539503
371406317
46203059
38895286
288303744
369635655
311502411
193149048
191538760
300673865
148821110
72651247
284590387
16194172
328577213
359438108
287126104
72421465
263654661
187698725
312774836
60042833
356843010
248818240
16794731
318636886
213944631
18518051
147500823
352751826
352760715
360265216
178514119
321608986
265583329
159855463
121750453
118257751
302782995
363608881
362355574
361963717
36471368
282006955
244640893
87039307
82391040
344396584
1303381
284862903
335453644
17461349
37587142
167617096
103821657
61561721
305634171
73284188
337952753
329078019
278122993
166576030
277088785
276841928
249276159
46022240
51915849
17642448
113059984
359585860
360024842
348559019
69850956
128966591
289523668
11930482
360649787
206360524
219721286
13253992
166560970
311643029
346836896
173963713
42650489
22431584
360029569
36695510
207422237
189583179
210897438
305196931
40350866
229375644
161553309
64948776
325932937
37679109
97488508
22777567
358044391
95489137
241236624
354917851
292946919
188960947
252300731
18189723
56483317
312029599
217447691
243795079
288967078
175647314
14318471
325727041
250320964
73846260
11349102
346632383
320915090
18723114
347960223
21463519
273605086
48971936
344003267
214629618
51828369
292904216
210947884
321444143
270821888
116933604
259121429
25287077
71508775
88581667
36087646
345634983
311596236
162748126
111339876
67578950
340173423
108475858
305455467
185251171
304596386
315570227
196169877
22268449
349292364
243766736
85403212
18411867
267912387
216703536
216702797
216703253
216702835
216703671
216702698
216702850
216702750
216703760
216702767
125477492
26810542
342326019
172830352
210936947
199568587
243830996
29002255
343525903
29821924
333595451
106392715
303874746
288375000
22028227
269447378
283659206
323275453
166562796
302130295
344288847
274896002
305776055
26020357
13746792
16079276
252482627
278480532
18045120
298522985
9548232
216702858
216702806
216702538
216702764
277674585
216702882
216702828
216702889
312836556
158477852
89011431
322762356
344744081
311271073
37956905
335710808
274491097
216702624
216702672
283464096
14083276
334690120
70178888
270913633
120867396
313888580
113442418
333556704
285852327
128193202
16955091
296643235
191940941
302001135
314128311
135691326
248546221
127563286
267763532
16833036
197475713
72861568
320574836
116374882
326078048
216411358
303473294
276799949
183074646
70143420
122788638
337473153
111384082
319493549
211638918
220416871
27744803
21692610
240546929
299588153
227431793
331197710
328785777
41746414
38958010
216702810
76959901
136322338
310317355
250203117
273567366
146836376
70765264
221904457
221874391
18736610
57060381
15023657
309364291
334700730
9921932
238239357
21517816
144891125
301882895
19804550
186554345
272044734
277493780
253071861
155639637
277657660
219114339
107785529
249497049
15312039
321152869
238784741
292464644
68907228
212637923
302220616
83674395
273454988
297390716
260638996
308341247
125435394
326539601
177955696
174499184
270465684
16788288
258691195
24756908
295275468
312711576
323639753
260414915
305668057
199552100
235670349
94177018
76402862
17316427
150800311
198577796
251900963
21065812
310388284
310374186
82296803
213172552
28153206
323359540
177986639
284990149
302231053
24993156
316971626
288998203
55628431
115166502
17649730
110523550
162886404
202609710
322012171
312049563
276700761
236318007
16330235
296072112
94856925
18858890
219124867
202459127
15864282
35034070
237937667
205532275
320063738
319818551
293135541
319670272
319632803
246753825
301494636
91198297
277519926
318782734
179778795
218628161
232666911
100379109
273138524
19596592
84138309
45155884
43600056
249604018
299366877
303852696
222706908
126411846
224919158
183812223
100257486
261605356
22772972
191831122
167597663
236933196
317690953
117901473
239951476
202355701
222359499
315079514
197109958
201639470
201625146
201623989
283837880
203061249
310148323
90212445
201622807
200868975
99547279
121143965
277156849
19053921
199661084
32885714
270250018
218907958
18342649
186076997
312812144
220195443
109620391
302046464
78217849
29186784
27006048
263618293
258822710
267171658
172511169
36672058
117762416
215932755
24810649
249425118
22536356
306305137
292498885
240443958
36376149
242561284
36880462
138530516
312622541
204446456
297272256
137381099
38372614
87357522
172623790
190122660
175160823
242849304
232296848
156294758
200871867
290046449
199674281
199668397
280093502
199665210
198607967
198605264
238620986
198218847
198217773
197346596
274688673
268430504
197346066
305804868
308506503
193262329
159817180
193255130
193253502
193211120
193210400
193209691
193203550
254202841
100000760
248492744
294007228
185741201
234521889
26390783
193200112
288830072
192843131
290853234
192839389
243041430
228957152
290851906
19460869
46303852
299913604
196121911
228876157
89771727
231948280
273967942
17190660
256850312
197343694
197108751
196596564
55289954
282848943
278378875
195277915
276828725
180896948
195277243
195275941
278127377
263585375
277373439
195254009
195253079
55679124
275294824
195067866
55922466
14126678
278531432
195066642
67791660
193586394
13514692
193585864
193585333
114132021
237194249
193584823
154579943
193584098
193412987
214884153
294041335
263713454
59121207
305583533
242969850
304506828
278085958
25644333
15235948
255417942
184505163
66154766
15304443
283396911
278117437
68650016
288232267
54134969
17790343
270480862
23121787
267812692
132655812
142813732
186483080
228487860
282702590
239568573
279916828
146354105
36649466
134770249
37377091
304607065
29835296
260341945
27185272
264180341
263726348
293514566
161128169
257090056
207055092
139769681
303836937
180727764
112588866
134930804
250873863
34301129
37586406
256149525
26042726
20390139
137402259
131061244
303886233
222613560
128947465
230192201
179807216
17052048
100854371
277944673
43237308
132499663
284870032
271264167
262872708
85413745
47518468
283467876
284609413
278134070
35298642
143212521
277690682
297146322
145378129
250840968
274173038
62034832
89913448
240983399
300942994
277716841
72819428
203118101
190893666
290852409
290852148
283459669
267816299
26407514
35013562
248269035
290851865
290852071
290851362
287211483
290851050
15519900
106831572
290850884
290850817
290850548
290850954
290850856
226128717
298906047
28340290
275704309
296245148
295675302
263416478
183686085
290850138
275707024
279542182
274637650
185531266
271761017
54965921
263740149
263739901
263739147
263736861
263736710
263737621
290850158
23271666
111893445
18383195
252136180
277042333
236466933
284228746
76022477
265062616
158591897
293967742
283864095
108704898
249158996
37230804
295582480
289424561
296054053
121249092
111326418
98200833
59196444
51239329
164495960
30615272
295693606
229428802
263737423
296097353
263737047
263736626
176935280
280689149
45178666
236035201
213741690
116381330
163747426
203143613
295210266
278262089
253218062
243541569
241207209
295526195
101775695
278273825
295203567
282411147
251501273
46308074
179228146
80935604
43378234
95556708
27790493
22640378
282527122
180325495
128303060
293976148
25325355
275166415
14051178
145002933
33119427
232795201
283306717
260929432
232496003
14181215
238521132
205015643
96601503
158275079
252074140
90979061
98506560
49404066
279916051
122238821
280139762
16481404
111089296
37353865
280075527
205514475
294313772
281588024
58277233
87848783
102324348
294578674
271982325
111097207
291275055
184861637
269138043
13340992
254200338
280127989
111080048
229844272
275076056
237228265
240279517
163092376
258912514
111388917
293450164
269870855
292202451
292770470
293019612
40276615
27678181
178089094
56926566
286798428
274162649
274159397
34247842
199608905
291586049
182499996
277214791
235321793
109345774
75353483
24343083
138133990
155170361
273642135
279918006
38895013
284560652
39006262
98463534
256526699
74724111
268549675
290942782
263219191
27036843
16127979
207643083
77210288
283876368
50460873
26964538
130905540
187994297
199339174
286474933
59722579
148865347
246284741
273619556
266511581
272693889
67336572
267982057
46664359
216813845
251016001
273372184
220054400
52498333
221340814
260224616
278728461
267715624
33494472
14279799
161025692
105901255
17220233
179676324
39362623
176615246
169828389
73930140
193584993
279819783
79009768
284057391
192730412
237071924
280594661
35447872
194198640
40110661
125378400
277478169
24753806
230787827
252300256
140209894
283021489
29217189
260155928
226950857
274230540
281225698
281431270
280426547
78322246
224413965
224413887
224413729
224413947
224413571
281330915
115837506
18250164
18250300
273635289
31419286
93084896
231120710
33358465
30193809
95590606
80401052
280369996
282317819
263761730
241480483
258720431
22341950
253116381
153136930
23663116
249451990
279130857
191590478
193090910
17013973
21435715
259615130
162950109
245609505
32300434
220024113
229608654
258862392
278624830
273398323
231962977
34212917
74153376
66388975
14275501
15728028
267930324
18200695
76047531
20804924
175325108
9699192
61236247
199513296
279130937
50744598
114420052
84673826
266256168
119296057
242537482
15230646
41643844
275094049
233683592
277184040
236474280
181804160
40283180
185311215
154152436
258839722
17358314
199317074
23102106
38388028
203467967
21760055
128940381
15170795
242883375
272307414
211030486
222209771
184042290
256193192
259861493
131072114
33877370
274236029
32786851
214662570
94904647
19752092
108391366
18932935
15406351
237018916
253657461
256149900
272681951
253290079
137018176
266078924
273382463
251818925
256135946
82960113
49128015
35570167
256645553
239185887
142533079
17763583
50321602
158872325
119438275
119390792
97050504
272163632
31575289
251563591
265052463
38986882
110804645
201154546
259366282
146064333
226603597
195346044
111514607
211717944
36965013
18906599
121089646
117394332
43230251
19270988
149673826
257545596
35038857
125331429
66354293
243801701
18628808
260444754
118698484
260444781
260444772
260444634
260444677
167221801
242448190
178365199
260821357
213824949
263268204
47877097
127511072
262726877
260148042
24916455
97546960
91288637
42576790
254066206
63458937
32458410
17387554
144692356
17386718
213277302
269413957
268312339
222189963
267002310
227958794
231535622
211338480
261127718
29946402
251814601
200111867
131152876
118840585
221735745
264005815
223217753
74566615
89540471
256922513
15571195
16899970
228113466
164875441
176125445
204686855
168978653
201641504
21227559
265618204
119636562
208153889
14070672
45676150
30629754
237777017
152694790
45960162
233358828
38668210
252641946
22638297
149728124
259960365
259683849
70995959
157461461
72400832
197452376
242585668
258448392
109003244
5693062
36476664
83429920
261750312
18830590
218896879
16518494
74335722
69070863
140798169
249327947
119702807
261722168
132547388
121551106
22987468
199405672
218495582
248839069
261692530
40243267
25358664
260319741
200697025
195632403
241687038
36933826
19724350
250017197
202441453
258036356
155989714
54620808
117277584
43199529
139614457
255227135
117222889
255299770
235268099
180978977
213646365
258831946
108761676
210702190
250643464
167348734
188093906
210157281
18713075
41757910
166306550
238275972
21667813
256013620
123968484
44362897
112129077
212395491
254172173
210778303
22270451
194142174
28353811
19310155
180462072
233652510
200153573
241991735
201519212
115124945
160561994
195703995
254432349
177462136
40184307
184423814
158586780
95300430
23225587
175168312
199023337
223515146
102265442
244164530
36499125
232379929
36137793
252984685
252931166
252902879
215979348
252883001
171999437
245601922
60420382
250254704
45412612
21540353
20653637
17974442
254452074
164451709
254454603
141924203
152503104
220496699
23994540
233132562
253049928
148734025
213498633
253780527
77281504
14442889
251758437
50036579
134457542
207652345
164798447
70268717
74537529
195857126
123580006
234647544
73442267
48530939
132774833
20439263
19747522
52757856
40778603
252836233
27254739
250195233
14262217
233641396
18219682
249376804
120832803
152916840
228533986
234024187
115993201
91418281
176377736
116948070
194624921
248792807
42952347
249949169
90755681
231192080
183122633
99988846
85483755
246425161
109968302
207597568
206757162
181088486
195811198
28715008
18365938
107757640
234271715
15911591
235088320
97086584
234960361
20805381
244304890
38186171
231455480
80370068
238270074
108240062
50215217
19792450
167225699
48103726
213533215
43468590
244407885
122248779
244651013
244653328
244433963
244297292
243841047
217640692
13306282
151967173
245897519
37199631
244333305
119710421
14054469
226207535
11763132
66960457
216127294
117317083
122716376
211063105
220338728
20340755
15014405
183292659
224087236
202348109
94380299
14953544
36666496
156145013
238280031
238214848
226790728
236204117
106830368
27939202
36612159
44155448
235659548
242003459
14297693
162146576
83867118
106407158
125407470
114467024
229188413
19402102
241700915
98257775
230864090
160916202
16307975
238320488
16081286
14339843
67747939
65486901
191132075
16926069
49992096
201050362
21023334
20083639
237322243
29903007
20193452
88057520
33581535
68515006
228799664
80263650
221155499
235052585
176328257
209751651
229910557
179484014
78275869
231897328
52557748
239839468
61611346
26428897
20739503
199826236
215235391
37198127
81132258
234996949
234999872
12188422
91405696
168488514
234832501
131994608
223841500
22774342
224353426
207937497
15517990
41872498
237612716
205594515
46038391
119450282
5676952
30178173
62941867
111373315
151035246
224313397
236562886
203633946
109342185
205596589
112598736
26310882
154823814
17971996
55308453
21667135
233806481
34819187
186206767
60171996
199854499
135796331
97266123
67776621
20706664
20166590
234859138
175532474
57434442
100838924
35830238
156145610
60686482
170082693
160932452
58415569
61736609
102459623
188782461
52237969
151157698
35829928
31619861
38109868
228442651
114936966
234026660
224358584
19298156
193023274
200002253
94454144
221167318
82749796
18317022
120569055
16099189
38907678
16971295
14086168
179063585
221392482
158452328
226117396
196219154
233086449
16149397
56475516
18248029
199399658
186884225
210425998
119857848
118892111
210774231
108081601
226686703
45214439
196663173
162379954
126382656
29979745
19110217
21259003
56409070
106179511
144093861
227028538
205594718
154437008
126695246
47235556
37764764
231295112
224750290
31450189
165169451
231526873
15485304
106210287
15914058
143579429
27700636
140228770
214299951
162772570
117518679
46203666
28384829
96967460
76037654
112274991
79344520
75622347
69102823
18102838
171209793
222327868
47036196
226722367
26185824
18478452
97048543
154800013
142379564
17542265
72883569
205734810
84430599
16630266
218396065
158414469
54442785
53634846
121631353
171128383
58228464
20489393
32504886
36631460
88414939
27661280
26875973
86364947
171389460
191489835
19695231
99646641
220886396
30712840
218606377
46548823
199372835
219646675
211055622
210768048
29127164
86818387
23148563
15554725
15879286
212344856
210754356
209887362
220859890
73019512
19797778
21672457
215570590
19973476
36064768
222515229
74484430
194291863
28768910
47505302
92073417
107863669
120745073
14855250
156756206
72534705
81110888
78031447
201398603
209228497
155229955
220622760
213499962
57374064
33016017
14084723
222940597
20554042
22616950
25258065
204570916
148479765
209694424
80819923
68660842
14446439
210528402
200226529
17154954
207618909
207553661
41404738
16164520
17155995
94426841
165561822
75094908
22671830
16497754
30735466
216786880
180811200
173882613
188573195
206257166
104236860
25172478
181338551
220749686
134126595
16953480
215825404
14675205
164832803
54052039
217325618
24914600
204271334
59135745
95122406
212706275
93083315
212714274
37876152
217361439
44599351
39693681
214857646
197238808
94184860
113582399
83160317
121159668
218229974
212067803
122721292
59013408
218852093
21631487
179779384
208167307
14152427
32470113
96644687
29772826
16617895
26355211
18533317
18586925
216504974
159609715
15971817
175338469
49668772
186007913
123449340
119466953
16991326
15272346
169579942
160233617
50522431
21800402
15839938
121697669
109181734
170131641
196977999
21820657
202505703
35849263
173848098
153053178
129903689
214637921
97394102
138803623
101386174
161023021
167378097
198796711
69586607
211979716
18536530
188510581
141362393
211497916
15568884
21117572
103682644
16809682
19462237
31585123
164819754
158742164
95274587
70979536
65420523
106531005
210518330
200116744
47497885
100808825
54998393
59954834
24628664
28487033
18868901
18452605
171542216
58948367
136045868
214717382
61477868
29089641
212329477
56081354
214485275
204554964
52911827
196240798
87250631
166478098
203582746
17376698
99005818
214622107
153340153
210160875
164345288
115851459
171084149
174318090
15864679
204894436
138878275
49993725
61497222
213222905
186119623
133549021
20986258
89799464
173952721
18292479
17909053
33006313
158207102
10748252
168270927
18343779
71634746
118842942
11579212
18483313
44148901
117536511
202432806
22654404
139745259
199741841
17008328
119179702
186661417
17885796
34959449
119598412
84615557
151576164
119852601
46321233
33500146
17279526
151058435
43221627
209595822
177650579
128890330
169222119
53685519
206400616
211392349
45800691
38924975
102790644
205013790
148039905
26557369
61008852
177185201
207462916
20031434
16248319
27899571
17226172
25718274
210975600
20312043
31273438
65589378
90733366
192791452
23135992
200633488
197761292
143401987
31331628
40017555
209172063
31891798
19859768
75300453
206333008
127161948
190700666
176928849
16273144
21854233
37187461
14813535
40782124
151574328
57377821
193766413
29952341
106643986
22560438
29787193
81718017
206923768
154067340
150049940
90148711
19085281
156495213
22296740
194722641
36149833
178038872
19995306
19342363
195136627
17505541
21156916
18026772
14130405
21967643
36346372
205691966
191959526
14281179
63439599
16586694
11779392
14835807
17989953
199620413
183048286
56844604
197901148
85182329
91181386
113052624
46006269
45877750
179938406
190684722
197861445
90546205
37036394
88988822
25728193
19791948
89876570
71268084
9749282
182994241
64638270
192450717
113114433
57424910
21596811
10351332
36791276
175294379
158845465
23037650
23461763
143135457
49814519
177214572
186466171
63851179
104347736
20939563
169099117
17194090
43888471
179218030
64029632
17174357
21964130
23543925
20644708
177062071
45842017
15063495
80028915
54666173
47586808
36361956
166653118
19632039
185771831
185776017
17513981
177523476
14467408
145087987
24991636
54344219
34136248
15084173
73310442
153247568
143989778
40889752
25885519
176045338
128227716
142596382
103749191
173678905
30116565
180829234
161007666
174854672
40970256
18690831
25911044
48110818
23248130
160651427
42210315
145430634
95849233
179672361
116173949
75728926
11420922
23964682
179689074
163885610
171819353
179954960
165642817
20865979
83893974
82687384
15307937
32283017
27136797
171562931
19714293
169192262
135352406
178038144
116976518
88912509
132982293
151089798
76402442
176610526
163176150
32379757
74709617
25510555
159674471
23862487
23798980
14248898
121868420
173419757
19016840
66364816
130392416
174327311
31522489
55703572
17997888
52106931
103013627
29987819
111308295
18151975
50306155
163283674
87032706
33721799
110629790
27633606
17135457
59574994
103881403
167451834
166191690
94212593
38421367
14620497
92083155
16069194
170772211
153241735
104327195
141645561
167226369
15850295
59815021
166290799
60098410
49404200
168410510
164246156
149730739
19347202
17104641
19351157
111996100
32146628
14821347
33655468
99167027
30292024
51167293
51172197
97172912
98591693
87418793
63392987
13396002
109095982
120913831
23717397
165565035
129926371
155379460
11949302
153596547
40315612
27868406
16624180
103655153
138248051
113739957
157240029
109670412
138593020
151183467
167266025
120304270
102456700
14218390
130218393
57215933
89898365
21618344
121902672
161758765
45316922
88876942
69239994
166167755
41589713
35425275
153621839
128790010
160147074
143109933
84135139
91831724
85517845
68141374
22132732
19969100
18456034
62442271
157656006
23258531
60171643
159287917
18809912
16434378
120796407
15267256
16957615
165039037
101590818
127141832
149890547
163435666
164027333
148491483
51678920
111707229
130500436
16451635
80940423
17636547
17583639
129928884
146590429
123865715
44417219
21906739
121235275
45606379
127738131
150862349
17709126
115290475
100211631
22276232
14922932
25356215
19976462
16487712
154023925
145039730
153675533
19299416
152223521
118133541
19651951
16905483
55678018
74767428
24800281
112771996
24158983
25569671
20084777
86692803
39856917
143660602
129726747
47708315
112507731
106554657
20175019
145888967
124220894
37557785
106128931
38126110
50677534
18708014
14378790
70615008
28980210
44292587
97532591
155958539
148268206
151591316
148392647
66434973
157557121
151610488
45764940
54278625
19055552
17527642
93919015
130037948
148418872
62259622
28447359
138531824
151050021
148189058
147992694
48085489
125850674
18640123
50493829
38901393
55684698
16129667
118743671
144208223
151052946
143103044
31234376
52519401
149925748
146575880
27303482
146269562
151206656
147206578
19927492
97541260
149445545
51224766
140038540
143086336
36519219
102144112
121454707
113642165
135840168
150226824
150560541
116092279
53489326
19696413
14282672
34993850
