14430086
503041420
2285365934
2884965406
2178445214
60153731
3270310380
1548846398
5548212
1246287937
2768557979
1852923116
408883934
50700125
3377756367
2193397491
16205713
2259141228
122239433
542990906
326414846
1306011289
37086572
117902076
53684420
3107727684
18730862
2234220367
2200594586
485844581
3271924356
114014366
1542227814
1007642868
622812262
3272650400
1154125250
3171575082
62951942
62891189
28479408
755230794
18620816
2861630241
550496312
159558906
733672170
2943273840
19353946
114518329
510931552
1646058528
199233549
269868722
368695434
3028136306
2600362692
1255328862
217594629
1726582998
38215965
460619921
24381508
2379518905
228260879
599609124
459592575
382241279
82608854
1409402682
326219171
27056371
3301417803
3277952005
168984460
2195123516
90551463
289354540
2288540620
3260547037
154206110
281316546
392078743
995315702
2851276398
30307752
940195230
315403330
3273394436
44654134
3354607366
3098561263
3363510971
2329215777
494994506
24317544
3371281660
65418218
495567242
3268902847
2996433979
34894952
2422333501
3057766038
3367968903
774150128
206560842
1020891828
305973600
17937385
94594667
3295282054
494321927
365253282
511223459
1315669686
17291031
42905499
28567994
2318435540
3239378906
68912699
3365010639
2589349215
634787200
343660937
114871543
606729540
414804616
2726809602
314556705
2518795140
2493356923
21712111
2386215540
3365157177
17458269
208028297
979191336
33000094
720740185
16933677
3012852067
1872549816
912965286
16067440
58121012
1686963692
1230915733
2917866046
2277116593
1957231376
1594599570
113727244
3195663984
1851713323
833498286
16266955
3236954922
27664379
48995949
3259192788
2536280959
3349975367
117507774
3272255126
18932520
38488159
1709061751
703743289
807337182
30444633
1573873243
269833129
355677187
927719113
2709908311
3008731435
361421545
3257024479
775339873
239968047
387172260
241987960
2759042931
260296808
1723579344
105870291
92788256
109058044
2718415592
588610058
253334448
20572507
67973977
77296878
571372922
30363594
3259332114
2876965372
60497233
36600793
1592198922
2800292047
95676498
439753073
19514809
38262220
16196431
170370291
956429635
33684719
3098248696
3178042675
518601549
2299063891
422766774
154238974
2207818136
15533279
1705847743
249787076
461301890
1738537706
86555050
180433202
2590743145
347388688
44240009
3193720326
89837816
887144083
1345270765
2361713761
17484131
3354174387
15448543
49486039
178516765
2834796991
86895829
1610580192
1489116066
869219060
409755591
452401946
520655139
2407041486
1066498782
898799460
1013666894
856319179
276340646
176274540
2903277759
346870811
2319184503
3223502654
88878840
3248180005
589450411
87891363
26577467
1905401605
3241985564
31288536
57980370
2382356370
3266555174
21817099
611761542
38711082
1432028250
435541241
245984590
606934878
3011755525
404198311
1014352772
15318821
1066131462
1002332377
254642832
3354424461
315184421
2409846358
375454432
439048998
485079302
36443283
38045954
16372730
3297516089
19608979
380833748
1282012380
3267310172
45145185
634822122
930674293
247004733
1973964613
843860204
41080966
71816982
3003959344
47684659
19890300
1554514555
626031085
333495548
22332312
127060224
2337698798
189501428
2198738549
92549398
92196099
1342901958
82407453
1264606524
2846714757
3266199276
2450134681
443103895
256565335
493574036
112925043
3261631981
3068733330
1506133160
372369851
291867219
297069229
2652099087
886032552
594800877
20644174
371867510
1214179634
33162477
965471515
48769346
2837417081
58643087
1377313314
57438280
26129480
15933241
1936064630
99556274
1507421371
1515579319
2179221157
2967120425
1128590202
248030806
46914293
50850777
31259091
3351445707
2963327769
1198195099
72969088
319860291
2252347992
16018516
191876274
146877469
183197525
14622223
321403889
38232102
82509878
14835427
1053825037
1335073280
17480782
2746048621
198603315
136401228
1360299343
2393354456
22317030
16288379
414731855
3339937439
16461373
928613088
20878335
96104097
1353398378
2339281890
2468000550
616294364
189222778
82694637
323218407
3318237478
2798868938
571867273
366139887
92108089
1029295602
46760769
1891049311
25578932
351322077
371771009
429215784
3110061566
764683848
1430576060
3066056891
266045006
801507714
2366154302
1904093329
629692355
115596087
581337754
2741100791
848670726
198313787
25744782
226435688
249493357
312428384
796485055
7855342
961627291
35101788
860696028
2942513569
1646504010
3342301065
3017728208
2990997959
405094407
1908051618
2803969044
924274214
482615234
3184183961
111466858
3344711733
3351971812
247111793
2182818888
103159868
182088675
1042775797
2308853124
596975542
3087637463
24444973
17737281
3342220259
299692505
71335852
1480487160
471724461
1489457220
307458902
542824643
577451683
2889362708
3141557236
3196891044
610095717
125322205
35937338
3315551788
2853906195
3352664169
3344265029
48031883
498362736
3345144550
255800553
32726697
3235285063
318549049
2919013333
2924854058
1389583297
2587940700
19453842
1520149700
31456767
39783463
1858997966
2860417205
3341508545
518338993
16231168
3258301404
158426226
153194388
1372564934
122766431
3341613376
28343947
15444103
16930823
246596171
26152681
343507896
3344823767
470301084
2388869246
367943857
2239275217
221902605
2575409264
81279781
17163492
1389051037
77092265
2230383397
42568036
508892206
3344777627
605840823
3254786798
43404234
2574611904
78458189
1893484364
2461918014
3319922301
3343124926
3249997484
75398781
476547383
2394810998
2723085173
2163894378
2713763455
34408828
3188910950
162063713
3252691062
3144970103
222493165
62409185
17847939
258071446
240858368
371636207
37836873
3302195393
118933961
3241686102
3250330574
2432783228
3336030100
292095951
2151479860
208138875
2980240334
344613163
3247835129
3065840104
2771239567
2347658570
33791604
2168707986
1895357180
3103882111
2342187582
3318065087
43667771
234089451
268957395
95942833
97251156
23258531
3141635853
35926387
541770999
1429486429
2286757334
105861639
138886082
3119219705
126357096
1077637363
2323092409
201830397
1256159886
570227105
519712673
572795345
17102526
1723493144
2393504568
447567553
2910641389
2432816700
3069165891
1248081
95343908
94069386
882911708
365951405
3320210921
1281896346
3131106081
184867377
2985540939
274438440
65538762
2402971256
622723662
930636098
3236016926
20965875
104854818
3166069337
1020710803
394345130
30773949
2363162802
3018207483
75969126
1377352896
3145126022
604057947
1465276021
32197412
357222049
19902510
2399986434
3308297176
1271206884
3293631935
115180963
3215042527
58769870
45842939
3086172016
2165526844
3059332383
2711787618
3308860984
3164460312
2375561670
1091285791
2823167774
3232999866
39815924
3291626049
1087061514
2203224929
2469903954
2194449660
3122172294
2734734452
1620465324
95676289
301660248
898848492
27697136
264608088
52841824
3050611403
424500465
3298260682
16942907
3022723609
3234095798
2840569335
59623957
3193243118
7304322
3291461487
2755065638
70272073
849043386
53464910
897509594
133111712
2895766926
24537541
2803790652
616979845
1112562614
297959334
17970466
227698136
33343184
65008726
3302583292
738533796
3052308871
2390057120
2980630240
3042464472
15190669
380915970
3015750359
67449442
138159237
2987599687
1877033490
3104276916
1055348318
1122918312
214625158
541678153
28066140
2423289337
722577349
33470575
822954362
32437911
316788176
162110415
1271338237
25946171
2576250249
112481144
45841093
3225122240
81714813
2176862035
1666526137
3192603187
27569558
3072777287
37288362
325994665
21822975
2257885674
62304590
902246268
1196702316
25723686
1609110702
22321784
2926082772
23789628
16044407
3167427879
3047119580
14413283
920471820
600730403
24040328
17814322
2390089470
50817794
2761434608
544224779
605096442
2258232518
2436171979
457500254
1327501423
14645160
370732083
3288844876
406105668
3254249981
906277644
462920824
412521596
231897009
3197145206
950519258
334559258
1584729498
3230283975
3198091308
2612933256
279116445
293445416
2990240570
2850142653
2859944013
3196875343
3191041013
26718022
3193657226
335555455
3071378431
1532269687
361262530
23801638
17978327
2839192926
1050887371
30007022
348737479
1324857907
392696574
170400197
19863861
2836765340
482503981
2841876835
535233625
959560764
2213645858
253673085
279067574
3105099973
3244579383
2398346766
57558952
1172559151
465588484
612922732
2511561638
549734768
418437725
37418509
424257377
592769976
2199961591
23652137
329455238
16246632
46669002
2422744760
2984975069
2734502581
39253101
21594379
1671096974
2957945833
566719559
3147317474
44961868
2277104976
1102566408
3187915326
17643577
1247549077
2955186975
2536270588
475186271
252794509
3179529367
194214787
28741333
3055962946
1611976316
14762639
3186601560
2925195528
3069886005
2727537999
3179955780
885885054
2359028480
2836259731
569086323
16901007
60603815
1352495617
352414533
1239017718
579616788
258546506
2991043751
3221879247
3229940717
3157854655
2341366524
1205417100
15412727
2902190218
980897803
2828650364
27232052
3182036412
358131135
3202323274
3181551205
2901117741
3188753223
15871636
2883650391
2366340589
584146054
1872245198
3214601771
132549491
379193770
72257267
1011681050
15949242
23142220
2602154571
3185170851
33768134
36708585
2534063924
578434006
3018360190
3181140999
57115943
755844781
267679970
36162301
21628880
221921413
491711430
37924913
13512452
16854311
85978587
312284144
16925937
2835965059
2871390926
2291308506
3143365976
3075748711
194308336
99228272
1317287058
1361141816
46982612
168507975
26791781
3207002410
3119390803
1350069967
466491185
3202580693
1160694824
163086733
402665509
587388779
35785550
3172423950
156408729
432638533
15807389
3145666401
90241889
1398260053
2283692126
324567307
48580612
158851340
90033713
389019717
3014726375
3008714098
253823729
271502121
320553874
191641095
892160300
3108029623
3168027954
2346289261
3196485130
291969302
278164044
3157050373
2674472421
55660054
1505355709
2893924846
19020754
178097698
2471358253
2477601199
3131267981
718882734
1094173208
168784481
80692867
185422194
14635110
55029357
476149149
2905850416
38666878
242288671
1289687162
2774754690
18481228
2829899283
176318157
1920286634
1004688906
213423408
3163743438
1878092551
14058176
23390304
3079858769
157666746
3031368441
2412621937
52212223
2795112008
222350451
2869762685
2162034889
20778570
2396733420
270443325
2553050540
61380690
1658136433
2369756161
71702948
1413820310
94387388
19875777
145674556
16854190
66714733
23109678
1246952203
57106936
809996473
15950185
14972828
36816333
901204166
2275283995
405989193
18903272
813200252
20572355
525511266
2974000126
15657263
270366115
563854310
820791625
15220124
60788608
17861812
176418075
227697413
227693052
781163
1564031654
291650495
3121504186
2718287539
2374036538
3075553700
18277340
1933042237
24715517
138133115
1461973147
434197046
3161986479
966408950
2396557568
723015242
44422763
18605704
98243400
17828855
3165679672
851859320
3079165247
99030255
2186536461
1701688736
3116072605
35376380
3081334896
139108958
1849359722
106767527
1962860515
17067011
3123954939
1202214979
229486338
3086814071
778740193
2458541456
1723648435
30090523
526688154
358950584
27335966
200943182
122476623
3130859545
244458485
3152952521
2571446661
37532864
389270601
16999556
3146073924
25757385
1547074399
3148077371
3142068071
1428681308
2956938097
13796922
457310025
164095465
482051004
3069173221
138630226
546247936
1602367254
59732468
722516732
3137731332
911510731
3142021774
1881802532
523026004
3139528148
2434538449
471557978
2704136006
69362221
338880580
358985543
2851725279
400300042
388244313
2169016992
615658093
144968184
15976915
589378535
1001810041
179230286
746295271
519095502
33497588
1395150032
3087709393
1116761352
1390045394
560886987
480252737
2847760034
92921229
2679927312
1254098796
92054803
2774125968
113223259
16462161
740972419
2503983315
2371193431
3128394960
542792728
808120016
3008537716
3123217094
39206264
18660910
2869805686
1456518156
2970274305
52055131
23409436
2876020049
391403694
961137679
2778248270
2183908754
3110713954
919473896
39769243
1358222372
337177184
2424932089
14687985
304717704
2911129591
2952113776
347878395
69464860
2291670331
2572226562
9196392
3117588885
608777388
2851916727
23911666
2454715070
234735838
40940453
604376593
114276157
86991704
3086783734
382276077
377538207
540146316
1418426252
2790516840
2687280997
2595104036
3105120222
1895793475
1332710534
1154232481
95504566
1255298917
65491331
286562518
80273033
156424593
27608584
252833279
74480227
281279447
119266267
614381471
305915417
19470391
767860230
260085399
334984638
267959369
3099463617
102899664
22445637
2573087762
1022688986
3016886338
2997999234
433954350
90018007
19571528
2868090746
443996790
3044650185
2840738831
3045094192
3095057309
2654606641
16411994
431700834
2385987007
2970550661
2891208768
3017858835
14415069
1170728804
190711932
24927958
1177106882
70110045
2926111236
496633126
871054094
2828527069
1164403153
627590540
2587218506
2442817441
3061614599
3079416343
24289425
2694693391
1101252860
16437127
3080388491
2181555031
2427458814
14104635
1246604360
194661915
627503112
1459593025
470138492
309089058
206462364
36712513
26541509
145289882
1909633428
284882098
110555435
1636729746
783398730
854159894
461975407
2884051665
2696274374
87961044
1869370004
106812353
165464362
705287821
3081510886
146499370
1680074058
1954425152
620612266
325137045
23357282
2649209024
632311069
171469259
48823624
321454781
2849507484
2254029386
31895805
2967928463
16109595
186845341
937805755
2726522779
2542749390
2240480408
2847248968
2468638388
54425201
325342969
367376768
733607888
1674188378
128686443
2218860499
1599844730
100750363
564225194
1642651998
3076184537
2311271123
19779715
2742323508
28875820
506087555
540547701
19127726
761606089
258835826
2717607301
2279893327
2171659013
2427830731
1525681687
2416288758
270332703
3021695368
271486502
21230785
61051992
51675904
98204480
3061698074
85294175
3027354813
2541970651
2923744202
3015025870
28531091
450951085
2234936604
496456956
1859171893
213158593
48094000
556523458
2829987785
2980036511
3068101019
3028487625
22281137
3054727588
28708637
603219453
40883198
3038903811
172038381
2430027652
47233705
49261933
3054234259
2169239028
486724783
388458081
388669830
216645373
480664508
2225549702
3038812477
2617520019
255303172
2796531138
1400139733
253184910
1378169359
397781229
132346357
610536401
223171914
3053301451
20093944
71726836
102109370
2367333406
1323352304
2249836370
174348487
2607611073
235144638
38674670
2929545289
319327166
190248555
2810153814
2540000984
2541477445
345809828
2374374995
601451754
313587842
84610879
1053267834
34490795
28706561
44177474
17304507
24906299
348260783
514796927
281325883
88982409
288998203
115460586
1499746002
1137354289
217523838
3049945429
161948071
2973119075
2445492623
33531082
2308830766
3064560531
247480944
32405321
1065949345
176569877
499184061
3044723941
447004608
3017018259
25793179
3045407863
3063974411
29157235
2730954136
1855398307
3030048093
498956248
2916726845
1245053346
37008978
5874652
16080645
1886244794
246611091
2897875669
2861758869
390474334
2947109958
3060921304
155369617
816506318
2988612454
453953416
3038650730
2197062012
35761214
348471949
17120168
2965214525
46492154
2449463599
1277964385
10086382
2861459979
114533051
259678740
486267929
990694586
49994991
223639304
9307382
568095538
594281480
74945697
361603136
201931813
982897488
1482225289
2259681266
480132324
3057945982
17029915
3031480587
3044941259
2181238561
227406408
2991479194
56722320
1104714961
2868318830
22930236
2963401804
2993677200
627814055
270589448
2260150651
60046597
2803838168
32451730
21676073
2872767856
214168983
1338169117
341287006
2611322988
56714646
2826273321
3031741616
1323073813
105550360
619517620
172143795
19571307
185335604
580680271
195466397
1101227352
70407971
189191713
20836552
831835794
2624198054
522292950
105571581
186232054
43627208
121258449
253024749
44321561
24869576
20382024
258710292
15282524
592955120
2964415659
85495992
277642466
1206544291
918081511
105669931
769415508
145268804
32514619
2837329015
1880199901
2903875307
2457861294
1424621288
21468167
617550791
2428246807
2966600723
55047435
21284782
2280910921
2428097185
138862015
19293011
18431445
21615277
208192108
1512072138
3035303215
2158965392
885282319
22752594
1693819716
148064306
18182881
1096955779
248269646
324780470
25929262
595085706
296315267
2283673003
68432529
304582073
1576524960
560357204
15824139
593962638
2314373300
398520702
232037354
346708931
2221388615
118207230
601407626
2983038093
492491106
290847197
425321984
18147516
2568006946
22655220
226739510
87965763
14121478
914466936
2784481787
35898034
30210326
781749925
2337964908
2344489538
371814203
2944260221
1644559896
633917797
26419656
772094905
141431697
2996250444
21803752
148122322
32575348
334636135
2194823360
1102319802
199870637
2248645982
175437846
24037407
384532105
2416301446
2147802504
113997844
18854505
2910136190
2360302200
980626650
52317626
14278778
36182325
97262677
22872076
50485215
343583683
2434664996
2217871722
18072124
2875985751
179512185
886919076
556070870
587846370
621432015
26550016
1273127132
42942016
1705100221
1208803136
492240463
3047057758
103729903
482095157
248022960
25787758
65078003
90910706
2994108816
1126551367
95288208
416702869
2370710330
2227118972
19012099
73610213
42649070
607169858
703646581
245786025
125403342
45729664
68132757
22751462
365014022
611036532
2904855359
153861488
2230840844
330183871
243624882
289995500
2647648861
18949560
2888103863
1467146450
25152124
13823282
1425834854
2817204916
2584046463
132214889
569323622
155908569
37211352
2821763324
1780735466
95883635
109893609
147156224
33156192
20905495
132655044
498136538
2362109658
1037497650
68598657
42307073
47942464
492120967
846805567
2912337209
3033147682
538139451
304146797
2318245962
260726987
356127477
150243995
93045285
111046465
2738770450
274593540
2881482330
14069507
1717432339
2475108746
267863774
54882986
1416109765
196745488
87655097
275039891
2940890623
49357492
2537651390
223566744
413184504
2415663213
28669758
14313672
374482740
17741982
137003117
17018193
41863848
261220437
277541490
2724430176
228886390
206293243
22356971
1202386735
436130775
225042482
211845419
26081565
256195292
92409694
25967776
74458816
573024756
2936680617
991805790
572906291
203958386
21586259
2986446424
1477095403
21558531
17141152
1675283178
2197480340
1463011615
182782572
27530237
2276942538
130973363
2891860585
507590474
169560484
1050108870
979517990
1638698264
1525858904
2735565576
14106999
59411622
879253196
138853701
882476779
574705269
866037487
573591451
5396782
190550528
769540764
17422783
2296508360
42040425
2830090473
28871490
320206633
45107178
33997617
17009263
731195792
2692859988
54757153
171753696
491916781
2391772380
279295826
562395435
510803125
2876536841
38202080
1410503586
30407326
427056575
2248588621
486021855
1236956466
28653731
902616002
560322034
3020090186
2994714693
12284112
1208577175
480862981
1668411103
2894195711
2452957749
167242996
3018960367
3009714607
2994773339
2388123529
3035643173
2521991122
2815637570
2289808482
856681160
219163562
3023187513
34000664
569493025
3005403508
101675668
394895720
827966233
587601141
2998818915
1511022055
1138634292
349199853
3032905252
363877947
3025829464
2941161301
2586529692
2366193422
2771152899
24119393
954597842
389189728
19175142
334889971
2499714128
30197540
2357654790
177197662
292547396
85227160
1365144540
591892648
291482613
23722655
18296570
17478619
362788773
2921509321
2933824417
21165933
94136000
211405898
310482244
764100907
37184694
598886026
189098506
231147585
2928010605
3015601835
214665704
2796370400
22512551
2226240698
2337223328
1092920539
18541756
89124259
26133584
309566805
20782394
499551147
394859520
1533803204
88987445
375878727
56788628
22800490
936672128
9613522
2763621379
3015160431
2830197583
174640307
1965129776
249516474
191573388
54653876
2996101536
37550861
228216576
813437790
2542296980
260781065
120459094
27657823
3016397241
459451786
2765649497
3016379117
47975262
354372847
282400363
262406959
2725490445
3003334298
1609553634
707465630
1115106398
20822567
16667367
167180768
44887628
267684421
1607345299
2876893596
75710350
2999682018
2385508652
2432815981
2767852037
49497068
1284661346
2885984891
2992489883
2978884039
262862414
2357604386
1452034232
282175280
2932930864
2802896872
87735969
532585577
18962567
2242718510
2996353156
2897765652
16912124
2598504601
2312419820
720017173
2395265079
2991845549
246474301
191522212
2211171451
1389723648
291774066
2985893002
1005482611
3001060330
813555583
330129729
2419145094
1406348154
873033788
2996192394
2956897786
2190906684
21364238
15066272
36402257
589462009
2348913997
1665185978
2201431412
47779525
2936560402
54924749
2994863958
1869381612
12199702
200717322
50210778
390603110
103499537
621734284
385699179
398577489
382976938
2936346636
247996870
876892868
2744415112
927604238
25996655
2562173562
371485096
207280128
27167298
2977527423
227188090
502859236
346750681
878978954
878476304
2991260866
46434006
147759695
2936024752
2751330932
356276052
107163055
285758795
473179284
319658940
2418825499
1480901354
16931273
2599664016
594898373
2990564304
2871716328
2349176627
29837963
2492971348
2763349029
882605455
5326982
484080238
260837514
761559571
22442788
109050596
14551642
262369172
24062467
441857409
432136174
240921331
2986065444
319397765
1359547818
2893779754
2525518378
584248940
25865029
96185989
340602773
635617330
2910903152
2234873370
24652909
266436019
63613966
60233718
2962115372
452613083
2744360507
2546318557
1670145804
289556371
848515880
2848236259
2167279538
368963894
2589060349
1932550464
86572222
2975399625
2940720859
2974646884
100853035
249971609
2880355603
21241095
22764878
2926175761
47572415
1235832841
20024668
1335350972
2941260876
578312401
25407858
2375574151
2889081924
318138412
250237975
18870949
2449922165
322329851
2213273447
28811054
173988640
2416410760
122649538
484081432
155397992
58055775
719973785
14939152
2398517048
28246171
112891671
42988035
868523785
2930303963
591475932
2837602659
519235457
198254747
92689246
2902137798
2905337260
83419919
2960917366
183823879
365809640
200772207
180203361
28104952
35651617
2571435244
2505559038
168800046
1347410666
65814364
33062052
189937460
510447558
2240069564
1735653872
17772738
2956173776
2831821578
2938885942
19614290
2954298279
2612656178
861001886
2816252218
48528363
2581091725
2886429891
16955091
173871117
36046986
2786883490
11773442
282081300
2946823850
1053793693
931006321
2944273877
1281809724
15496546
17385965
14399177
48297526
37674084
2897945609
316570102
118669450
271604818
2583926086
71727450
42201769
2518420597
76067432
316834467
18933911
1086784692
195517735
150317810
402630155
623058831
2151706636
26772877
79275961
14261352
2774094430
2803705222
21280209
259109933
2915051557
273358083
387945734
346740355
2824906520
2930758181
15770750
108553818
1065145502
120206023
68151046
518634298
2520625497
1604605411
2922474867
36057428
2880403502
1473895728
2924840240
2739288098
461112527
1386850573
108455487
2923086779
2826572684
2831737343
2266876387
281297845
2192677886
2929988922
18447692
70296317
77774618
57063292
2711521408
2896621617
391889202
23161991
348611560
2916696717
17153421
2470019136
250152423
20327119
209831593
196778759
2563661870
26272349
2908725945
2772225575
449664697
2884831648
97973704
16737624
2910054399
2889388984
245662519
313392050
2902397511
14052200
24803095
365664616
26560567
187512804
14925532
276124919
2879978594
546374357
703809090
2742275664
105450534
241328455
2514401721
2414111983
2353355461
358693066
591695621
215780352
2906290504
603724114
2227964798
1374027848
548543096
212730216
1679406108
224787651
197576971
2480136290
2469344053
637056646
50263207
264357683
521109239
2205795832
21879752
2790986564
19166644
2307389144
2898807936
2473215125
425944657
37899134
83467126
17075827
2477065812
526880504
2885640655
67767772
2861764878
81108258
1549074691
369706667
912722904
115472116
2853519903
7018942
232930740
114575276
2555530207
554472080
217180245
478454279
21187896
24999606
2462298987
2363327094
2154179505
65575742
15768289
2273761375
14434353
2610885824
107521742
2904018149
1267922700
917262799
22536315
2844688340
24283044
101148752
2910330308
15103328
1660198482
107260894
1466404531
252258562
115757592
315630461
318152732
2880380741
457361103
57004673
2911322586
200745023
318605500
339455443
1855341534
2809620182
1728654114
609281312
370738849
2874946035
2279730932
455240366
238494975
51028602
2584697930
2230340050
45443361
18641907
2567744407
2675324940
2794602816
233750049
20435591
198460054
14669362
826225358
18801778
9790142
1213649958
22431584
2191338108
2176369800
2883351831
1921537410
542872177
2693608123
275081341
2374616215
2399849958
2478804961
318620152
820026859
25758441
167900897
17889656
20669811
333680837
105242077
2269280251
1505609347
481614611
2901522115
2546146101
2860586784
542044922
331187431
188162034
573796934
2429039022
23365314
252196363
2856840935
804633890
140535143
570527551
139908900
2875100110
222812107
184063011
750598760
325783309
289033254
2310435659
1230404604
76737672
762365052
409642947
9940162
1307003276
2576715026
541338391
302763118
77112312
98078133
1625944465
129594200
2866971893
726805646
888179006
17901931
242554416
2323366622
705752012
906135973
2572631789
2509203240
1463855875
2873656329
921411320
1326849824
2873053901
707874240
15804871
280279661
24033894
2550462679
27676468
20164446
119297816
2411100410
2248684283
16889950
2184543787
89300686
259938890
255844573
289727547
1467644707
76433401
126842522
148114869
2164881390
49539742
18435372
25553306
22981868
812269908
244669735
1474043486
315657492
564032405
19788704
937196066
476254319
25870622
968749080
173243161
1478136896
2869769440
24903940
14512855
177407257
1055968280
2830166599
476800324
862506870
16536624
15589737
2758827466
2560346818
2596164398
49339906
2199902928
2824262108
2598367849
2895195457
2310321860
447794254
395447939
385778482
2838554510
2869897997
483928137
2869885048
2818645530
2868046769
145294106
254801500
1891400479
1609262071
18729349
29910621
2433021090
455279443
16817905
2590361267
394163252
225902930
321178324
1631227032
18839970
2821285097
625845531
2827084372
7516602
915012800
1129828106
281154324
1574215038
1711679210
983088672
702902789
41202431
280531513
495365336
2833161161
797326238
36252003
151252075
2784114201
26211641
2883714804
2562096336
987345344
2857160776
2578849308
1669322916
204088635
238808162
1038604946
102075012
54620305
2862947403
35728687
21301939
440512338
2863472722
39484216
2470444634
290365164
28987957
2862806495
75054944
2886309565
41897775
2526146333
944652092
2841746832
2845398364
15177871
373942774
43730427
2844021635
2762033667
2477377152
380523905
16697037
1424752820
2437397166
38787844
2826536306
2533422487
2809701008
621198631
2561905504
155251581
290903309
2877617960
2888055764
19531448
2216281867
20729667
2195965334
2887862706
293776910
374048289
8820652
17997649
163373082
2613120300
14890702
17830958
25919777
1363492321
241272963
2267863112
183523849
436362431
2444560831
50236489
2851599730
37818729
16195554
99114544
1606846226
630803746
2885597575
36440684
2426446729
24124293
69821125
2675531485
2810470092
2214406417
142149536
152732743
1731401322
527147446
208229106
93461099
126757269
48622928
2863948122
2881253852
26731182
45398253
2849295653
2616769411
16676101
2567992351
2413049802
490960592
18446394
392532535
318313438
377145149
334503569
2880329726
25766195
299929232
129493188
294350986
286429241
469508609
38118208
208550539
30616018
424321583
779746502
173415920
47868093
881448264
1631952546
271643262
43358732
45826690
486975041
1071510889
619556317
31300125
2490480457
2866774045
2876160032
2559941174
2730337686
2306442428
63103308
2547795570
27487070
1376750311
67689927
45202170
17415236
413606121
1878447200
14222973
60393667
36045950
1483316480
142393556
794971310
14912281
129248690
1056612198
1319370050
30529598
497592464
1898872286
16548564
259773485
2296681321
14892264
383366233
2739768745
921680064
286032571
455215178
7409032
2870003174
2575652138
234910750
2292298959
2865246464
72718764
231507028
323494714
27853152
274031852
216420806
2872638062
21332398
2207724571
1413869083
2561365494
2155805138
19027533
2157906093
787494948
481575316
151404728
2813393958
2604353948
564099543
340363576
2367492977
373263508
31579815
121860899
1726400467
606802981
1537137726
2799061809
16096533
2799126086
78889274
26937049
862642093
216575247
22544369
131248009
14827344
65386642
2560084826
1407512083
1732317606
266295823
532602845
40757337
2833634110
164539117
558001719
318075714
226424280
1316992033
2194889729
169305690
1059408968
28743024
1055593891
57584382
2358487890
1105181023
2303874558
2430976122
43968045
362180040
919499689
16603360
555357838
921607898
23338070
15780070
314498013
2459879664
175711277
1359508135
81401777
25724916
2783566570
22645950
2147902224
1403527058
72983593
2419503667
426926769
79249916
184859832
1923375980
2849473656
1152964676
105167775
202250384
66822445
2743201882
1398422088
27308539
205766455
101110835
364544768
2344416948
708919459
2844416346
84764350
2844571992
1184195082
103870354
282849393
2536128778
2289827431
296012243
45252838
1119975396
1526441084
1000570926
41951568
2826619362
1636704824
2419973893
1601526061
271774239
17837285
2802509117
2803390367
23497848
2269481849
1531259185
501768236
2838417847
1625972028
263199398
739792086
2817911106
319976791
2306932950
1550637024
277124478
2504274036
15480820
268893565
2784657331
35603357
1180495022
186515561
1075575836
35380933
799134397
260072572
2540551976
551483989
51154904
2418383227
392384924
1114668440
2205217605
359620033
102581684
2471169492
17124026
389604704
2836030850
279113724
17967178
2835970338
56638638
23836043
274343718
2800894668
2458389901
34444137
186322413
275796311
2743537602
130616107
72733734
2542453782
432122716
2568077010
2835557498
358915122
814480566
830381444
2396464423
2578242186
2282579598
310779352
2535034942
2313370548
2721306512
2566187953
1894303080
17014498
580200678
323063449
253810773
579361223
196443665
2741311477
557103971
806575532
2588745481
312297756
2785934146
2833048052
2655323046
477214642
188961589
411113536
2174888832
2744059336
1380397286
2247774054
104352745
2687601408
62398646
36903591
247255349
445597330
2187984385
14759273
1593107239
20382900
2690505564
2746163783
357502560
2419555736
22960882
1672904587
1056563545
82368677
2761159953
2826732386
185916203
422116952
93037597
2788976936
2799333908
2828566040
2575281056
34797721
24264759
21273264
46330078
1729009214
2762411574
49428315
149888851
30085669
2813282730
2820657188
128231212
1881556758
203936910
10057582
2608872222
68411562
2823319866
12511062
50717212
64824473
2769714862
2392723730
286846976
5884612
16743395
251804421
2596711628
2272186986
2790750932
53072856
2817361824
2740808615
2773631428
2383766982
905174888
2208608346
221974467
2812067509
372646149
1315272842
706162076
213708433
459565990
224071039
178470513
2809884098
561460765
2687787158
849421
2807771114
114918884
1976517732
151965668
2154321700
293826481
407431888
14163914
2661691323
2757118360
777400166
33223529
49639001
15154811
23646321
25617177
503115383
224417699
527993796
2529732836
31270836
80687324
2800950356
312830384
1949816328
113593801
35867001
14718315
1369471340
34336858
293194030
1468534668
16447708
18000114
585122923
2530808568
2798077992
1061220782
14212033
504121140
294648655
272141779
164969860
21826764
2792678744
12244912
1109855982
182536674
1437176024
81132251
380037907
605995376
2738916260
1589395507
2778768931
34367219
2294901848
2780628998
145318322
16553366
266220378
34695028
1374748334
1084103533
2367496933
2650814664
54054327
2782657807
2756357182
9614922
2780697752
109694368
335893078
432616318
147676292
258709345
537124061
2737999874
23782565
2352250320
793839163
2385133370
2775699571
246292457
2752919458
2764887854
428256674
2434188948
2736200424
354125170
355419753
45668578
2667475328
15166364
2385820088
2763060494
92308073
384786297
330743859
2369333821
2712803588
2157977193
2573460254
19979844
2757092185
34063938
770200
2745781220
2292753209
1635984264
256156519
96495126
403076692
2339433666
396167073
2369609418
2743292714
113270433
2249087384
2708327442
591951620
33581535
2327678233
193149980
2746969252
244005701
2741078581
571055988
37338773
22302160
239113228
2741177176
100325037
5707682
1443565116
496090993
2355862788
2158639547
2739017463
2535708884
2588803806
2170424371
1942309886
2738846082
603205396
81657956
20104092
1219120388
40398434
447375224
215704992
1941314394
322997160
124023833
15678709
557224795
27555075
2486509460
559838710
787737762
69406740
352548230
256487479
195964920
25166196
1049740386
15222023
302836230
22531481
458817315
197454125
2701184774
126430870
915960216
107470267
195900371
143215148
285163965
2722528260
380142908
2728568329
59833435
1477377692
2564413674
2328163087
2718801595
209864622
432207037
296893138
109451542
365503168
368469093
2725320062
2560235563
2405336498
31473964
260799081
47513401
2701139568
1593946645
89557210
21422320
2481209276
873900000
2345433937
2172595272
2709084300
467061356
624976086
311497771
2648251104
861518736
2684928816
240433369
1608447913
263988438
2628853186
751039273
219374840
254089173
28618231
264356595
1281036126
58693498
2470545755
95593041
19147176
8555232
172889061
1583712134
14819714
2568766476
23387368
249979364
23012205
11718082
2614430694
1423225123
484483784
234523393
12242222
12772482
768033
32549410
40109930
1266212977
1965962768
363078771
422933381
89320209
130553771
31649628
74345909
1836241248
397311851
1360393884
40640335
2696210377
1972646971
208147891
2675075635
1357699016
2692505330
302618317
398947985
1198492915
2492103482
28241043
292038282
559196204
51346072
2726303499
383225023
2463966114
168136031
165622748
2361336530
2680854528
367824794
1307174832
209222618
2677839588
1630387776
781780813
2674254410
788150142
1267335924
2722183289
619548875
2721879400
2674101271
14477090
2665373694
91273130
56467444
2236923956
124221826
14124808
2292990992
47798697
2350680152
17929284
2645945647
2330904739
2679932452
55075992
36948837
30878482
119984437
60787746
2649726534
806731591
67682235
556455060
15980583
2543181314
2654511037
2508491340
2648300766
494453252
1691099977
18420769
2581096165
1849687843
117244732
723090685
1620951618
2581661624
106256816
630718168
2361006011
2332158432
2605285447
2416325299
278375079
19796978
67133642
368936230
2610059570
1866290101
2235679993
2648354564
330526592
2581553437
2444362050
144590147
2618900569
15757826
1197691424
251266081
28633567
523885950
16145206
14479618
2324495613
2626351105
2625898370
883337562
96675328
2376334477
18725824
2217291482
1400131278
389230537
38484486
1409102652
126998331
87347072
1631580564
384030394
842763218
905097451
497992643
2235370500
2606857356
2561767530
337758211
43650352
1421181115
1543138543
532550978
460762987
194337998
15873664
521420451
48831366
1479808418
482480824
14192567
313435489
30049142
17218135
219299862
2584954591
1972871712
2600574144
935107614
357272496
1676035681
170841836
20439263
48110818
10891462
63575795
2236602162
2515714776
2570499229
21117450
32220669
2652844251
15056465
2302563212
15607043
2645519811
27505400
2475475722
20703914
96366316
461434530
1705913724
241191600
24757781
277180972
1624428936
395540708
2331994035
2590085126
214051428
21814175
2513102648
2533636962
1611076340
2641020861
109400683
1390958978
1046772000
2296092289
1924891897
2412260047
2637122825
21909421
1700429070
314472120
2253110982
5676202
1390201051
1090070120
477704692
15793031
2329536080
1665857581
2355559652
2577125221
860609534
11167522
2415652722
1514951738
2519561158
31240296
19934866
312422490
31929718
2516694278
47177618
16526877
35498699
1395803407
14163745
1304322631
21837967
63626312
43337227
418830106
17803556
2499639942
9648652
464956854
206126665
2421361124
190810789
27129857
20228941
12738632
174101753
118135664
718452762
18039567
21607394
2336277474
14690982
26130034
2326188343
2253811964
524040756
436748991
16733030
18781258
2559894331
35890731
35239480
2455731134
1684651922
1496251074
111239787
24664870
2566253162
1480500560
273605086
2547474949
68484733
15880107
531199963
14476196
48830755
2458402688
20752053
1134955094
32669089
31522489
359149725
2184525088
16527947
151894618
2468830482
25779765
44659042
281644475
55326476
1457705785
352026241
2469722048
2345377554
159468539
38955805
34509667
2518275870
51506256
23805981
217550158
2561251272
239565358
22450134
110491053
1433693911
253787528
191510522
1470723085
2377450349
6516392
262334152
187245132
43951225
242626912
2398550917
2556883238
1886789450
2493580970
581641416
1583664367
2376485054
201386960
2514287846
578735702
486702993
560286282
376837398
2257960597
20799626
881052187
1594111578
329764421
286185758
1337453150
258675973
96704053
23546138
2421159554
87495080
749401663
86993672
2239199660
26568333
272519374
201495830
248056874
2455910326
2550993025
1557202562
574779360
26712288
48823609
174953745
91156451
188748146
27873907
120228163
26999434
14438167
2575277565
196148806
1482201595
57948087
17900248
2313861079
2341368018
2334191327
247835421
14891716
293347517
2469903056
744188334
79577165
287705318
202172269
2337649741
272085993
1629095611
2345007917
2444501352
228777083
77480657
385156162
2302474362
273227020
2445336109
1160413512
2384741281
37219294
74195689
505977295
370183798
15859033
1035403884
17347815
492566590
535884200
91370281
2176224866
1020453110
1126184100
132449197
211957547
271119373
188531871
405929222
193530075
15219830
58513540
1971988614
825601896
35062418
63254927
978760207
98244299
330765028
606864005
2351975904
55065321
2476719283
303521421
920957642
21444752
2538328038
1311351074
1469553374
17402867
81098902
2502805440
529020074
1106706373
2527321424
2573175767
106793317
355170056
143298536
215469018
2484100933
248570879
2450381384
47018037
377671948
17522891
302739109
1360320733
47206073
198361053
23798980
49462929
1164040386
311694988
538523114
28378001
264550449
80845534
632257874
1885094101
262792547
1522181906
314515684
352059889
66918237
49506479
1466397877
103608839
110739746
102206444
81507699
358258930
1447041607
40111868
1894045885
33076161
339629766
567311728
27967155
2507333568
83337444
2408360934
435283611
534795883
336007282
26243104
1523572009
726368071
323499470
1411623368
95821953
123926189
808284230
53101920
36126602
1247579257
445595230
1323379315
232696664
575976709
60039112
180436316
17750988
632703855
228338035
1360413692
264521143
21460496
23124765
120223989
525984544
72523448
597579379
16817753
1708241858
121875440
395336469
283247473
233788247
2197425053
195503811
37366095
171174408
1177718582
87802181
410907643
1334161688
527071055
1349173915
714761113
414264241
534393377
489371892
1429018898
23739089
1976356393
26839628
1387143612
970076714
180074863
2423563303
59007070
29513077
23160128
1247298085
1193343517
1217007344
2517095059
2508850208
40346740
16280566
418273869
35585032
2497405897
262137657
27324884
2516196613
233564789
1217339424
59143817
2460662251
307921926
2432538421
2514079381
112321155
2512558782
153099588
404104450
2511327084
57487827
2412265538
2328668054
51511207
148082972
71191039
163619622
16179676
363458328
934773506
36421828
181012139
17363477
2505079087
1129331450
50045306
6758222
37113628
318314945
23119671
1611801242
829474675
34325728
463040342
79972137
54549742
2439552734
2498106686
21347098
1686991357
1328272640
210213309
2193255853
2491746607
244688904
15864679
333473560
91052694
1266889316
261991689
29641126
2402138110
14946005
121840202
260887905
83450844
572099932
1621370192
239712224
1183956740
247540654
274331232
2421112488
2470247336
2180614339
480888098
2367429840
1206509774
14532198
1348378069
2469721357
40261485
2537250807
567819293
2214202627
2488419642
706307815
303422958
835038944
489507027
252965726
16965547
33175391
21224005
122770149
1932040806
45677630
211985056
30985500
755401458
2475181568
264910346
44314742
787739502
16675692
135904100
302784503
2476268389
2482590534
20101824
1169687305
31575232
2285554992
366482455
32363890
1452631488
2478730058
2341939186
392099546
210610701
15557211
2238408902
233221980
38931262
438791877
63736058
1239421128
34420856
1708613070
1917746988
1500540252
20353477
2155220057
804976026
254805173
2236041020
2473991287
570526421
298127180
277545901
557189707
334985132
306308342
26770710
921432523
2210001836
261961516
497044245
963519025
285787003
2318956158
114149672
2198639802
1472643715
1747262966
18490055
1964921256
79896978
192072963
2155984136
16587570
42578413
586182499
628347900
830388361
2471627550
614453254
47530614
2381151769
879191
212065625
15993217
2310749799
383385331
14484805
2422167319
51897680
1965550140
1116016896
2464099099
15385063
1965603685
482796475
1965178260
2319185120
813839965
1291041361
33519312
194311613
20928541
2275363728
188169746
2471386518
15867452
32807532
2402821197
16553312
17402202
2400335936
519626254
61242633
58006725
1195832317
249190397
1100098585
1220314843
92075820
309054903
237094006
151639222
99732493
1389393451
28028273
120815398
1497010340
69012419
2401714386
241136232
18319630
244364403
497005469
95207700
1322701514
263907044
1655661403
29610225
17020841
1680860310
534131546
1945690914
473023348
970169474
285225869
1621273135
20560575
2465472121
2440232485
83875037
28728197
536725407
149076053
17470431
333720206
440018233
160889138
2350451402
559779749
2464720388
1853730078
145789149
1689619621
70976782
2424915890
150540819
226404700
400163254
884686082
503913775
21092244
1202932688
520623941
206526955
2373343099
40103980
2457992886
1948020342
944622912
743074070
57759467
310287545
1004756784
566700411
1710005630
1117987849
16229299
2429097374
15279465
605153786
383054428
894775045
215505560
20865979
14393330
17183587
2371178089
322589928
431344413
59528923
1098636805
497470377
24976874
1876942668
622078674
45606805
249282603
414751406
2457273813
394694320
1609392846
1236449419
465334000
1128357733
819984026
29097034
2316051960
1473591811
1685580685
948507032
251967200
1385160200
2443647193
2429958265
2455968932
173944475
10305322
2182507159
853735376
363202420
15963551
2300410052
161879648
31247878
134460192
14267832
981267132
2392102465
1167910921
452164465
11897552
876560760
53301112
905315936
366081654
2454117403
1477921363
16641993
249312444
424708525
232846225
2370775194
5751162
18339292
16715966
30806426
269805989
1228543105
2453590993
14993145
316825369
1640608412
1037594557
166985027
797366774
241116080
65139395
14238762
15578229
19270988
2336083147
270020761
19194450
513673295
54523265
485051625
2178833980
241669849
143543242
199458560
420468043
102986195
19734931
245098244
100325238
426026647
44773967
631594179
555334504
261038719
26311890
2431984033
2253777847
501047720
2377674362
39753761
2151763796
2340874159
1172429268
1550808516
15792155
1426054256
416026631
2303206172
2420850182
121794348
1918012254
17912662
1631390623
2452419736
263834001
19214257
53206785
2238210620
980360316
2307503028
1648074625
1600006573
2444443320
177484964
82227778
17213859
23796693
2207386586
338301059
372931716
18370060
29927948
241676831
611372519
341625418
26693108
2419080222
1231968096
14218537
271109829
426894616
780926112
2307317191
2236675194
16271902
564255787
35619398
196889003
1262469127
1852632721
1322507280
946990729
33357781
2442536492
152413707
33176197
284394741
109385627
147053465
2423140950
298299421
1100403398
14441126
218693811
2439332556
524536675
829813273
313826970
2437778688
350015475
51127875
2396611916
1930821504
92277964
1395587864
461571157
412690620
2434188037
364019214
58352598
65771828
870786132
129301961
588210014
47503438
59284795
14212360
62932278
2426450688
2431304875
156854233
2370283307
16047567
43705405
20087380
604913810
18607777
1540023846
524963597
2421059402
25695484
431842461
14132655
2377895064
550172805
15118183
541395442
47880695
16727305
282618643
2327752236
12732972
1959098605
358241953
145254109
2357249250
995800938
32438853
397500448
771616190
2421448464
512658309
703561088
4610221
2420666917
56810175
1862811331
38506187
1915568533
18535117
58144476
18433952
2303681166
27920563
118783062
2171089578
2418349544
165465235
272029738
155774223
437831345
30521956
294899034
784205053
942113612
42774876
2415511172
35129382
1343323562
385564896
2416828214
2439805311
2314162632
196130975
857851831
561573041
2386558190
22018155
343058711
2359087994
69711802
202994068
154378809
322404879
1222664497
28715007
2355442386
2387727884
15866165
33389781
29332883
2413245145
18248796
134929830
406758925
753890868
15160866
123010710
1884046472
15381627
31557043
2384176734
362658182
2413309730
140924372
1428740281
1604733026
23660660
1284006366
1339357320
2164291043
57704214
20335149
745645578
112084702
1419031129
476156319
92394895
244526924
934806205
17655175
47441832
24360546
2360732342
310298957
218549925
727770421
1482777032
16394939
2315426269
37600410
1449364213
135114371
719233466
218755165
2282694937
2273792234
44553737
313051951
43435712
2393848146
25820388
1726142558
1566923432
2321082246
2185430304
608491797
2398613540
45818188
1231688760
2423703767
2283857430
1372802420
160964797
1934319367
2394916014
2157099955
2398085906
123302932
833938458
2422574699
26079019
887032482
69473120
18339188
373384967
15247731
2393052181
18485637
264639965
634563565
56750237
1158702786
2395651640
148873448
2395093742
472426407
2393012281
2373806455
1558942885
16160527
142937787
257010511
612325698
590548191
15662389
38059284
2300000678
105229942
1411823569
1711832334
133399826
2161044343
349978587
585413236
2348517158
431127146
324919630
2341988512
2387943732
1007427954
2293681226
431744926
2370248400
1226681844
2378098729
2385789954
2365379986
162973821
726238326
265235296
65262147
2363150594
2383827169
2197902036
901953781
2343973687
2359177596
1291285609
902186978
18326854
2264511848
227251714
2346921974
261079829
1053549888
2384977080
2382069133
2381349516
1068396768
73309353
17812157
1016030118
1629354894
2182363465
1038049212
1526065332
23085502
2242331269
320819052
272022725
179862646
2301533754
86607959
206226881
2384890273
1686805897
2358472302
362689228
535999164
1857009588
461143086
1104261972
2400560133
1414731349
1632135847
22434177
2381588330
19495630
1170208933
1899078396
2226201
15534412
16959107
2169234671
168572343
323325582
275543656
2376057842
1226565463
233655753
370461175
2374094396
2382138736
742499515
58788614
416666517
69658921
133239513
115963709
2283629906
41537504
33279328
276769468
316027771
843790794
1050749700
391305732
97532053
2370730794
173173792
18532644
263637116
1576749181
25743783
1096512024
237409428
20348946
185402175
28714954
2139671
46145761
2378836222
378489946
587949108
2297931254
278399131
2339828077
29037457
1149351966
290167806
32559781
2267280329
19118873
86560045
2387065697
1069409282
326545899
232562093
21627580
150648973
504546442
32849680
416381631
883967485
16370021
302289441
97113460
73803601
2206599591
216744015
2360357539
95996628
1599862160
2370903854
27733204
299492425
370202370
1890231498
174856139
269681528
44294531
147259487
189220479
10841502
81819196
11605382
62144730
1704337892
112712564
15243636
47183646
65149124
15993070
1321194170
83395967
143635321
2373243791
2373235840
2360419214
1300932829
25686853
504886809
630456186
96600755
612345833
186527252
378415022
22149124
1459870735
722584752
524380157
2361581239
402758979
437033944
88141777
406567339
1687599781
493058818
500461831
427773214
2370369460
91441988
735621643
18389626
1149267444
1909075148
2349768200
613849832
388493603
23973149
1418736494
298927631
212420328
425668417
60659530
2286920017
21029189
34049129
2354331362
542810792
40539232
442664931
23367312
1083900488
533462148
150760111
1681809120
1226900185
43111065
2246965993
49555067
2319239050
2350696873
478216489
478526445
292970304
23800448
2289259177
333488604
597118197
21232712
2344011428
83606974
616763337
714685754
2230373010
400186238
542036357
1604908225
1973581982
213110639
30794750
2343349299
2343044564
2253273551
2325394728
56663752
170925099
427068593
142938751
22878840
2224121028
2342245650
23947248
1936283666
15022365
1305388500
14791475
17155650
20956188
2229919291
70937888
1852144670
1067435629
1681193274
2313340636
2294554974
70570639
1039914446
20815628
2156831306
190237925
2335549381
19836094
392159708
1154904457
425327058
2331526256
2183046668
860104560
229444053
2288545694
448884198
1716670897
2240253156
284633793
2333243491
342386255
1669305704
1904748218
2317075768
29924012
1295660450
43881756
1915880766
2240179998
2190294157
318921137
2334357878
144548362
1568344147
2325901452
2329214604
1572587028
1307340301
2279545656
2298675338
1378910143
615282039
2331998774
1098636192
538836925
2177527021
306369476
887435172
2296832293
1471581908
1903896054
96726320
2329987068
2323560524
115953111
2319279168
537076132
335140750
457364105
2333835030
224480353
350087191
462891429
1015605276
1511007348
898114112
103041995
2324228969
1270261734
2334331639
1957942370
27252608
630091599
529563741
179858878
2241563634
26688109
884950795
562346664
813299623
276701820
799616082
1466189622
1524774330
185849795
1415474779
1921559178
142911654
2233122444
77308668
127122971
2316695724
1095335653
2264971061
1693703154
2327248680
548226859
2326739396
2331557648
173724945
132133971
1422311808
608287322
561568705
2320727336
436278288
25752997
2327307045
2325817502
442457821
2330376726
2327174683
456836567
866693719
2294626676
2284998714
191702601
54601432
1976399497
885190436
613713582
623254731
518902746
607747853
1944255517
373776125
116219633
621601647
34283063
1488869616
65509568
72404269
317501231
796013011
1250320188
19346141
68552069
112507731
441389311
50219059
14885252
18695670
65067492
69743691
83860757
119952695
2316968050
49344832
431672521
17739271
1308954630
89985473
224873610
1616544354
32662077
887531082
274597790
508126888
2314547198
2314478191
346586015
83316130
148849631
14148180
442730889
2243429071
1662485388
58680483
344399523
26586256
391066769
2307911971
2294372734
259181299
16335052
15752354
15661156
41411228
278890834
587245758
204183944
525080753
2288310060
1352511439
91486270
497248416
144655065
97814532
71548007
915644496
198189044
39918744
34025903
2287860956
71554911
2270929826
1436005598
57729090
243453939
2303242176
1511905597
43608222
2290429026
86597528
2257332060
9028902
2274758133
15921173
446904302
617658501
101650645
71691476
99095391
40834465
16910093
33004461
290884091
2253680880
2201464242
125826759
1603975105
410848753
2233409581
15245266
2287667755
443207021
977013770
701425207
2285128404
73683022
1953496675
877039129
87403396
34827666
735506059
874601900
47377075
500577001
5024061
1971866688
181193802
270666804
2265022818
1518928922
501346603
15531316
2229267124
578436893
387412598
1702171772
167993328
37599351
104081193
2195856377
17881816
20609078
182167473
2260244477
47318884
708049567
51466343
2236712566
280649280
2270482304
717564742
36382322
2264213088
1387081806
379535472
36600057
14634498
1244577362
1362580998
332535952
37246932
997807518
2226317648
1636920349
1931860111
214707976
16738787
6855472
901719186
41686321
452839306
2257959259
484357537
225886023
1950212095
281711455
2183541121
53275601
404252514
1411947078
1976200879
893527098
404231863
1526635440
1641269844
2202176677
219973580
447466955
2196351322
1313958438
42049761
395070381
323300679
2251468693
979872380
174982958
1069198051
46241448
1426645525
1273519902
15083078
14824276
1042368384
769694
279783610
63958748
482362856
48560899
39609528
144218876
2246519527
1120255177
200352194
754080188
2244171998
15593696
2243403926
715405515
61495326
553075430
374140949
2241390258
26346041
28147277
17044026
196181373
76123365
17593700
18654217
15905608
1693586292
210292611
123974072
435563850
324589087
2210979132
386859683
2239677476
607489428
218085555
2235356647
66260209
56376670
431313899
163798583
609557524
2233107937
45497240
2187505560
1190233902
71616383
602865358
1146058842
369263590
2227454136
337487298
216868570
47940221
376577162
2230277305
2229165776
340559197
435348756
1074014604
11206812
272581159
80030752
521509490
2224329722
190337035
935946775
525578409
53999687
358395838
2198610077
549533368
206898984
1035800598
16330235
870644162
377584206
130325746
1540881996
2151912312
2195754256
125211795
330810591
1961404164
1123616850
831981997
320489628
1349925992
167949143
343064111
1098690145
1679514248
38238704
2191658713
415167983
2162966232
260943842
2205510702
308245526
2205418567
2205324229
1887606948
563691118
68764289
149769830
1942001659
154466468
154650116
21465212
1849548510
2196419774
1927527138
175195803
2182678541
14266546
386291352
361745309
49675670
44837946
385092575
154252293
14643617
105507225
311103831
2191029211
266164971
338203703
864528990
17407148
536778691
27155319
78208414
10862732
454916342
16866569
2184710520
2178141074
13394752
502340334
431058485
80117089
196322654
20869972
250361053
459037077
703173647
25127449
1281298082
2171603284
952503012
1324464770
423902200
298116725
1261609147
112633816
21273897
248474391
67329789
1278723324
19913504
1149505093
1963398632
562941503
14661832
723411194
48833989
2174748098
16207459
575775664
1434260065
42743142
489388190
15945254
232855803
411703839
570278376
49415767
1219499762
50792938
14767113
1660511348
23033270
1216743044
292187017
813119742
31761253
434473332
17212343
15898119
595027899
401049654
19367131
1701288378
375834751
1932874003
30116468
1267809806
335949036
18495854
158746084
274422511
50514127
576282653
1525342994
24311739
331244103
953869482
68083448
1577882024
2151927275
1870489428
1965183481
1262498653
1413216619
334236662
2163255205
1467843992
320434896
1915441320
389243415
373680258
88771130
18221346
49074941
21966220
1977336121
1138405094
497440756
156681303
165530748
138166015
1025617471
2154592411
1452725665
1617854341
516004283
17315376
316877364
828059977
182746498
1967181420
1851795972
1720760162
709444265
9286242
949774842
73051645
466375859
1848892236
219829671
990107677
1191437300
86044071
1977527130
1427467734
1851340345
1560726876
965284369
1691098309
16002166
16854164
43918432
1018172689
13757702
46307662
751960086
15482431
563295042
423800397
1534983000
614486233
152454337
392770463
22724038
575230896
155961541
51344925
326403842
427797615
14096225
1240173133
404144021
65054304
863497189
987920022
264596543
1286099604
65905165
1967533741
602578877
20192882
206077141
116573487
1928692562
387508262
171109567
1963293043
484876686
298619241
1841022133
573757898
324912759
606020736
14070542
703354054
1692682164
712630161
27479571
17428319
536905167
22210993
1849913900
1959491522
71230399
127638034
1957821326
261373642
24350405
746229529
1563426637
10989152
50200233
1129200013
14755273
631085006
1166965303
837848671
1305391332
531869198
1606869090
16356955
112920291
80085521
1429004474
87358914
481483116
339119094
111353626
128620654
19838498
11579212
296463568
1862637404
1672838046
1616561065
15186239
1951941726
20052728
1583420419
1924162590
1951191919
1231875049
430845314
142676517
30015321
343597168
237559291
847501500
614290208
1947905738
492511140
757845756
590143555
20524823
500370398
44308869
1942823438
239587248
1939271046
1940596394
1697666204
1880087654
250702362
1179907008
1716708385
159697655
399605650
1933028941
227429355
95971065
1893516338
356906328
28268435
1901284532
99136717
36659415
131232859
1180739869
1915137498
56585034
1662930883
1537334461
1917927787
489862035
1706647615
348110095
896196481
905095266
306951803
124338467
1910706666
33699981
1892905027
189259248
317040942
1052895980
1904319638
169371755
1223463505
1891476156
1622233952
1613941476
30859805
568972372
220129510
1729523856
1437171457
605748822
133022743
1162169018
161743404
1854883128
211893526
304131436
432611394
750496740
1337025038
1708590804
1243992169
361462128
78060290
1879548266
1472419472
125502731
1413012392
1129099819
601288494
921130416
79541668
553810197
1862148271
1234852831
490486660
1859304553
15882988
1862984966
1663411262
428280023
485184617
54886540
1255149864
272636059
1429180099
38489678
51016750
1467907237
1856212628
1530914372
243665374
1855099051
1663791218
976742563
1827959881
16942269
1287647264
27489744
29906189
230243509
75176411
1508542070
1624019659
64048161
1733680009
39857801
33734643
579696870
1711981201
135381040
993976087
17929529
36915271
1428870378
114301559
1709369904
371420432
62414443
881304566
16177301
1691913194
868378092
246339903
1475322488
315245338
1563455238
29324084
1669856070
22139510
17383566
1716901898
105417422
371105149
211951436
320523507
1520248442
1084897584
1440525086
254719698
785938381
820287145
96040027
1679604685
90242051
1940141
78092059
22391868
149118400
13566312
1525250940
716672100
1334346121
114632950
21613900
139847331
347458337
1147761320
245154233
884448043
102654265
109262271
1690268492
1472388614
309197418
208769462
1699334606
1533646242
1657821480
24539231
359909399
18266121
561450007
1241811451
1427945419
175708688
621489173
15388480
1688772590
522748439
300259815
1433098765
1687828842
89814436
78862271
558015404
1621362439
18809912
16476995
379485280
1567005006
346624255
110701745
88489463
1689191066
858772136
23469820
1665293383
488550176
345517547
865709150
46273302
58795534
14561782
332014232
102568549
391207884
484879602
63589275
17181891
754457065
1450133432
82534397
397666841
15389249
30853206
535107069
404342491
19970374
15263989
46294860
174244816
1350394242
23538355
334024780
123474596
454484243
421117160
1684929109
36861466
238073366
118843161
343492196
588797548
1255164134
998017350
17240190
21421552
1675882561
117189330
222930690
1073356747
318672156
302210638
290212319
1498525730
26472667
1554417326
1655684432
237837607
1487054076
48304908
981934860
542796255
612691627
372916912
1667582294
18699304
284093185
514784187
989277853
1447254140
40746203
25558855
1617629586
197704932
1630961239
140607971
25222859
26423690
86692803
52426212
625240876
1406320308
1544789480
335948860
1400686297
422250552
452721884
574777171
291757399
29336879
285116500
578491631
36457851
49979511
217317551
224702664
83447116
19215387
294735032
1650460316
1650950707
378921358
80903606
1468215866
67972546
243246150
227545550
12811322
15037852
582861388
1197744582
36871668
25522261
18656604
289530282
243782308
352117074
243237533
1648176446
540848073
33071831
199832439
302714146
364632423
411484407
375117182
581556661
109478672
842231640
15068399
629633635
246658109
1574743824
140430062
81720258
57142731
1636850790
17905922
19000736
45640478
1463621576
1549052653
87107913
539677493
964653284
1499355500
25572750
798618504
117116416
1209370459
52504468
136192411
183117429
247160185
248462402
91499010
322835404
143152557
40040646
1639183513
15205341
1615920338
1550583240
1638120920
16777706
54354251
298696304
20770238
1635341281
1632762181
253269583
19653229
485758031
1072939567
1632670380
1005326856
182171667
167140897
405057301
977363473
17626199
288249986
130526329
44959560
1548882516
1190279958
27036843
359406096
609574911
291403792
1613418354
20661208
1494924926
317602274
1604569351
414806195
628771630
4108831
1618740026
37208947
866950368
183732366
234198960
485533140
869066233
477145380
34539373
1613070631
6616262
1134674713
1602440522
1454768616
1611860341
308641876
103644215
1594805006
1357780830
602331817
124276755
25113724
1554281028
20159047
35483805
23881778
553078388
1597330524
1526458003
824109306
1605276072
59612634
192179332
12916102
16984963
397224511
264439598
176896548
260382558
1553104580
188941422
1286372438
1477519190
305997908
1470014431
275829228
1583410080
17278818
703365805
1173292770
808118028
1323902544
636746629
1441966874
1574589636
289542462
1596120332
378218239
778341439
47602750
177368968
10904832
1226648138
1173352790
173431024
20111268
18248403
51617690
204863753
762106754
955676364
1062382710
1077116203
218315645
48091672
1571154715
31192814
252744614
1239733873
350653
83227767
1060689372
1333102561
521465521
497364961
33759515
1170550722
18372335
1086971402
36167622
449853788
76529780
754080764
855903716
16825012
877776324
1364201978
17611959
831817183
389812714
1561507530
204843562
180044100
1508482260
507316994
201416251
1576871947
1549357273
47964602
24111331
574640264
89669061
408234639
34907381
47419325
1566642710
981086245
76195210
233774965
254147170
1460931553
108691936
1566900488
464395343
528892090
1564011859
123170660
862361370
67343394
1029121778
1143797580
57149811
75771375
77006682
1447001018
1447556196
1321016070
987229466
555339015
21444375
17201569
15081182
1191732368
54464932
143812059
404664318
445775398
16572282
1279346252
36562820
874655742
54225401
384166544
343359838
40637664
5820642
900252517
581322079
1463457306
886750718
275297204
591002329
1544715486
39302842
25152524
1486575841
70143420
516643086
717932004
284372496
21623464
1535743152
1278877272
25428892
76242992
14601487
24797766
354635175
45299219
1400068698
35857230
132618629
178839128
403813887
22965958
27711798
101093722
56991286
284694610
22942953
1371044154
73678961
28591568
1436239172
602195221
106775940
1447285225
1345386187
40979259
1458648812
274303884
39424994
1168332332
862590529
223602857
1144660910
141104421
83676464
1131775488
50110793
1545250632
25323549
236682383
211943585
105282998
1388669665
602923097
834004363
868931444
1520679841
16801928
56001635
239636478
146894062
411484034
77518230
73380878
43347341
272006130
260125881
20290668
1504191660
1532206693
1385732532
110337247
1395498950
1165233396
1339580558
588856492
1323466939
1496419321
424962611
1522917830
724631353
19488823
613102629
54350989
1425863353
896562511
1374811453
341324391
132284262
11152562
554162384
166027015
15386408
592835163
21148156
87762137
17786854
1510397064
53292974
159096936
910414776
1474949299
172706407
18285573
1392031482
1464954817
305270587
906729931
14614615
49644345
1504352167
82389944
346757476
27683585
284709501
27413572
497406301
47193250
417336873
718884666
371895528
117853883
138726463
16221395
201844970
76011278
184225093
1472420125
29003881
79275123
106681538
18244332
130504967
60443074
279872803
1277025524
59983235
280132980
256238884
1442682270
175274155
1353931386
405859418
65822490
53836563
59267723
18601045
363228176
393911799
39737789
21192993
1494735816
120315160
1451388289
1485776898
1242286416
709081682
505146922
1306194474
1241952122
23677612
465833766
550228577
274983792
344173601
906422624
1477432568
277078157
575367424
295849129
275727434
377037698
127753730
45089324
1368096241
1486419739
1486378994
1480074667
136637907
407387986
421136660
1330092500
1482947851
276527449
512771017
141924030
1444191678
895830492
435555940
746299142
1348205154
1474604790
501567614
1213874558
577084804
228072247
241835838
71280745
69705829
1398478862
14342634
1467523710
28648617
974816995
336389236
38672574
1355792856
21862546
18332836
11039282
29382047
14466333
860736829
153551571
629559306
1449960744
407237480
1392528709
1462292450
1463253344
373876019
957315469
16960521
249497049
15149425
894280928
1458684109
16163247
1420057994
79474250
96064653
22897452
26522268
14420911
529664035
15085150
12693172
343072227
604601629
1059400123
1020265032
19913108
1227766765
523626839
14484418
1442025378
183392753
14687098
445853132
938358253
1378359535
389096962
1414750387
218325912
534692416
1385459971
28315433
820333808
90747326
35260982
1145524188
22869060
14731250
486008829
1441111680
738571944
1439425806
1439546383
971302722
1250215140
39040181
389304037
1088063131
212446519
1435587126
821725704
1376026800
428690385
375308967
258400451
66108919
1129914096
1422739128
900942314
33947922
15792969
587523104
1422537865
518011441
216418794
207403127
56275678
184583019
1018479625
18772094
1295530051
30879010
357647590
974754584
445828956
127706996
34316941
855643855
1421330742
1017772284
582350458
1356834428
13742032
16374774
18867053
207555402
480812609
216615193
1413840703
261539254
1414193359
67021400
21892769
46991706
618354884
973000963
1259607091
488275972
1081707841
42473863
344874114
14971572
155882909
733280370
218498507
125136899
145904838
202619082
487645475
1404874236
1404197714
1403580110
1288697196
28621968
1400365046
338146408
115373020
338614402
48496742
80075490
978421
18478452
799159220
935877042
512728614
40095551
1394738066
884043211
595779902
1379561214
291536693
1393634335
257823757
1357901635
1335310674
58591071
61785757
1249645549
145188248
216360992
853411141
278217777
1372734504
1392865476
26353370
43755965
62715766
1090052972
29837168
545270182
52684549
1390770416
122825156
563560047
1356727568
618514806
71860932
1361514450
1390192254
1355077423
21798897
1285069170
293528222
430199741
14877425
371550536
589496054
169363309
396011364
46277727
21508660
21871772
574189026
24960673
81105542
162176372
606627424
21062250
611858651
243279998
98927466
80857700
17302642
16620168
240854263
15484752
921330608
548987026
796840123
398416585
323414364
14220730
98809068
1109325920
17997493
35055966
338549440
770602758
156765110
36316102
14614196
1384442245
880920739
512154465
1368342378
389853306
806070181
15789512
291688389
1381624909
962133284
1226332484
1113444030
243110768
137848615
1380376364
84516597
1340408221
66749385
93413974
297467177
86102190
1244853630
992171570
535536942
329106229
75719288
233255678
350542447
289781256
381971674
27346205
365228296
277634831
16926069
1202725248
23306364
398133471
1247869477
115208481
15554666
18966843
270367394
1086495242
78047787
568550309
582335220
551550042
174297407
138510614
1220088920
20464545
36431184
256970045
756340561
844522267
139676743
1370777712
207124348
271007338
1367911248
16049840
25894044
434362616
580279552
33226757
233314456
231267486
24396784
105604788
586586348
397693397
268260046
75268293
23188850
109234720
224499234
508956593
255096112
15414807
36311756
30337286
5810222
23277469
38459380
906331975
290563894
363402514
1175869758
1346694972
577552703
408996474
710009923
1367845910
21272941
16227188
12808192
127305923
98142987
23322694
282800782
1240335464
200972713
31116819
54185553
32542150
349347318
225653344
1363278804
616742188
17981537
504798891
388536072
11164392
39374153
321066390
912706447
16567428
20241479
966247332
531670974
20504695
300692433
70843950
18107109
102754776
44568213
33376659
232633093
330572555
23642710
597582492
1272641539
37324854
545564881
495917187
37860664
7446242
23077222
295302403
201569377
95593387
102103816
1078401632
7493042
17132716
16971517
29350935
21405964
229997956
67839021
21676011
1225461324
277721985
48399267
18729359
1230616502
92166599
19675665
389466979
121458303
155578283
121514096
252940705
1006862749
76506727
17477189
73458808
355800268
35616990
99130856
623968320
14212110
15970392
1338183866
282349967
60226752
482175176
23423053
1046942965
16404520
298144122
314289991
1198140439
1220328050
733784527
342528775
14614694
42258923
25825702
42803177
18627623
1347868897
303625906
17733356
733688348
935728471
262854364
268089645
608456386
24197048
1358621239
190929768
117431580
843143712
14573591
246410645
277728004
182858967
17627893
183889572
1284212232
14860787
38511185
15704204
179317230
36726258
195322883
834683984
18498981
101970219
580453937
443774518
34409743
14762495
45922619
61373630
16895862
14817335
44438256
18670319
44361743
20637195
14747183
36642974
1255284360
635694268
1081775166
520926087
1128621338
192228731
75405901
15860016
1308231031
142379558
195865203
198728096
271054441
89041976
217532546
295793917
109650984
444213629
15123270
553085228
151115195
229406371
36169613
924037363
242961973
633765574
18810419
815745625
888914635
103438283
63552780
223582311
190752794
917505348
1332840182
111203949
15257684
829551043
33896079
81391087
165537211
52130060
393526054
384680939
4893501
538458753
92347966
16632227
142286274
42825369
22773470
69588731
23523793
285622842
14975010
180306138
16482210
76250709
14098215
92088511
39739825
1193868642
1134880476
44725618
1356459877
31285251
260582890
808104572
190776664
14248582
355017580
1250420137
1351452564
1076362110
7749102
17305631
12960232
69064550
51762952
893506662
151424188
1346369024
561042522
17553320
633887997
1278218868
1328477251
20737615
1172369742
15964047
1273316725
1212254407
98763307
384102938
1329150313
202745455
43806066
917249532
1341019124
20486950
544304475
21247149
1334305567
90069072
465393960
209220358
1264660440
317390617
735554305
16801721
474432749
318167192
1228613498
37168842
17505872
520787051
1332929221
1331528412
1321915585
527080281
1326750122
1326755940
1329466952
1329326934
13126542
1291987165
1328816942
1328611770
1326633552
1328579178
1323628568
619927320
1328474497
1315873520
1328479904
575694710
568667308
1325946338
338809110
323010850
1268330443
6344482
248215830
252516641
711638856
245376380
64710520
37956905
275331561
19747448
71903
2787551
851435358
327029670
526001751
903240396
935851962
344050262
536427789
29825317
748666453
1282242853
1315653583
1176728882
27585206
361492931
44542232
21808733
283922045
621195822
19711691
429364503
873555822
1289949409
46350245
1304428754
19033974
187082372
102646123
1000835335
531331173
367322221
451673584
1120671962
126778915
374734734
1295526259
494793364
1152302712
871577654
560620043
1078402566
19563300
317890838
470654928
294095678
295888623
398338250
1290180835
14435376
17997888
1154812746
352607074
219563635
1286601806
1285996598
16949344
331948748
1666701
1256475374
1283315502
43294959
501039679
891821234
543034263
259337816
494343056
1280501323
61381475
1125737988
617687289
1278736494
87340865
94009909
280116281
44647247
17757711
1275180625
1274496007
177451241
417079089
255632307
1262092100
190711430
836833110
300890205
239210681
19715037
1266108751
704735371
792268441
362451076
223675862
873791731
1086952596
42583707
277671608
863983334
57486667
144053522
530919823
578792020
96231472
22367832
801740030
971919816
1141356954
1258895358
587719621
1258803378
898807952
26470229
938657858
14515923
1254602856
34859051
340160415
96234661
37364692
358218949
29398300
586583114
75305832
18515031
612146746
16787615
28840663
1244614244
848059550
7826842
237830144
26378766
18653454
15092247
1124805542
533374497
921883710
1195823640
1142712872
745706652
911420786
63058314
1240685960
92362336
1031079841
619657581
111441344
371503121
25433148
18285151
15649609
1216411688
386770336
1014630090
1231818032
25911044
313375223
75106208
190430808
267749298
809221705
959621803
1087115754
700000040
1226554934
700265605
1006616258
1199020093
35968037
64497286
395884678
15454659
1210511898
1220085259
248743834
23185202
1114228422
1105414482
1213408394
20854735
1216578822
58645405
290048579
1214516862
292085464
771736105
20564079
477354514
1197989545
1084642940
1152645259
1198420908
963298374
16595608
932367882
284661454
1133526914
514538296
122467660
849807032
19103296
1198549225
1199619877
1199541284
605166136
398722476
1099569116
39690724
107173519
1173507066
8746882
1140407371
93736249
1193776044
1192582122
1124055438
1173757519
20143774
85577397
158554205
509202852
798675668
65594160
78812832
522882820
243732725
18051112
1187088127
68512330
148225331
611944973
1185707545
471943652
17817025
1184207443
309064441
169286313
1158953928
17580353
1181084606
24824320
15090913
822166272
506853193
1140585812
27165244
1176441492
405086605
28763962
1170150914
308690368
407043981
185957767
25876339
968549131
478936349
1166532144
1122054594
74533094
1144111585
1131608719
369220039
1163185664
208369770
365137167
296529265
27185641
330109242
863038158
97913995
332877704
137410733
22934517
1160129485
429926670
1159476661
561634172
89816033
1158392424
1146435871
637184071
1074046771
602063677
482583540
900780955
146915350
1154933072
345695280
615416410
1133378629
110331181
398594697
17824718
1112066270
30254586
313297581
103715370
23771696
57775790
333196713
1008990751
226602611
358085025
249710733
168533028
1146934148
296135466
1111997924
1036611948
393342224
33433257
509429535
1145481290
369808903
213292690
941194272
29214602
469830052
158414469
75633116
576774374
112585553
403016538
591079800
950192455
1072794810
305006239
109321596
744925574
1133331204
747768266
219714556
732734898
21395205
771031506
1039197020
1086108306
431391193
123965046
17375946
1128449774
17834813
18299937
415962181
269393794
290114440
460387612
594351197
34923877
60816224
245141374
10748252
30442306
182386473
1092875946
55132218
46110041
164355174
15687210
749113
260584127
452766702
338543184
434631842
631552617
207491310
121601973
583020141
21521012
245082482
11142492
547791922
16115811
150086894
285872172
113770635
20775310
275350076
318174752
180927471
974249622
1079050382
1086304375
1120078452
351413790
18634465
1118751048
18164837
17367187
556438779
249381398
22656007
16846221
18120273
25085277
1054028995
372033587
6563452
19433729
19031236
845385775
36382119
1109178072
200059686
351659348
41819538
103356334
633255857
847268796
24929739
885288919
47683473
291395296
487554930
1086700950
32972784
823316917
201598943
302968790
840970903
1108342964
56730238
456677750
1094688404
1105366632
266416317
18883699
861761018
256603562
1096058137
1095727520
410875456
16174081
237410399
116241582
515163628
149383451
387257586
953246570
756214939
880883612
964394743
212444736
1075429538
19800806
35088177
135616092
34779489
42782011
170918000
36565338
1084328010
427186242
18741297
200888719
27188681
345459346
312732705
232144009
612876906
381326977
126509833
68458815
30045985
383463669
1069126374
34710922
819284
409196135
879447331
32596572
1067323782
56850205
1071423948
1071393853
1070325812
197434219
224867068
1053351512
1069300730
27286633
6976062
228241061
43717795
25081299
1021073113
230645838
966880874
99331781
309124612
467786902
30925396
19293874
947894131
477863321
396926790
420744990
22994470
374742630
28676469
126879750
28938783
858442303
14807541
875126480
13581742
212418959
64207926
390460596
211928456
15047168
975011730
1053948918
71326712
13325062
71785045
467966736
6168892
31670205
985792340
1046757259
392997197
511295226
23214448
461362679
865685706
17660209
134805685
118828764
516867082
231199001
863847312
23948355
25375670
624639197
340034540
110271565
110124777
839747383
476240365
201076421
986816005
113077235
25883677
1032666000
296859623
1031873910
10259382
566656784
15461198
752515926
246623645
18123868
1028591137
832304016
390735384
995139954
10313752
24048695
61635227
108931568
23766624
79738889
15374528
583408217
1021088970
92427869
789393667
312281266
903557233
314200150
964719324
515081899
361452538
1016481228
636523179
1016322079
27447458
427714311
968719112
14685878
1012642471
38136214
983611009
1002801206
434054395
31025857
738768492
962418439
908737668
1004927923
79611771
377497721
962849708
16745935
274577807
164244249
945386886
614572577
568976435
291698254
19485686
23207700
32302122
747466706
495034609
586347611
139914655
993930175
52571138
121892427
255099080
992400386
7722352
315324959
992145276
855658507
931107493
18003971
393087582
94141066
251426560
315108139
271019680
387283411
17331154
980098682
971754559
896635322
216608407
923211204
268029673
276972958
102483725
978862238
932471972
280606793
457256756
20362770
345124974
750323185
574288926
970077162
506918642
746264294
473852533
969780157
961370287
631176178
49146295
61713109
477446063
29092681
20001735
963045342
772960392
36040477
131656601
959910732
26559342
59948770
818468132
215459997
40656927
25678753
959605003
399804561
263493614
370723431
480087480
429273657
917128614
956452573
155340326
25415553
959186246
29733083
958197878
29047275
76240730
266078818
318103025
265076691
428642526
951037902
946133328
360221643
420380456
944853494
16172327
561782306
498964077
603188611
179937224
115768911
282166021
937968133
34769067
86677066
946674228
388474798
627792618
882485737
355474795
18251316
771862471
943709144
717509738
619645329
261901327
895965211
942493040
596652206
18173267
1393551
497468544
98789431
117317083
287341687
471847070
14346304
392620653
19390373
270336706
394475046
19066787
513199346
90757896
18057077
25781068
934584228
311190853
234509770
474245721
436484109
127132490
836601973
192609140
292338593
548726239
315466226
932604805
364973965
97554022
889929277
274184015
49647997
254279076
170636364
15682147
301344713
391570586
67315820
56597972
596922922
175228441
18684200
91375542
255622323
280914737
814566498
71820047
273966487
910286389
421021830
311990480
635741001
574748825
274736588
331157627
19393735
399648687
493238115
522221321
289072765
199143804
70774512
883632319
101556548
558375561
321975582
403634814
562787769
873909325
95359676
582391162
869061943
874723332
455246536
894407251
148979921
36666496
231120710
876059748
873793729
291849321
28254798
209754256
24921688
163816306
32268015
883917632
16473460
32011415
62998891
104857114
504238608
12521552
811893678
100886226
700178538
264346508
516775259
23002858
872500400
255744626
873052969
872593604
777097682
869662848
92673237
868890049
268869596
20411582
771236426
16139129
23174443
177082839
365570769
21728913
851453066
97372362
33007627
627148234
564291613
6670332
243959750
81286756
290463873
67470411
428069680
16203586
41265626
280833349
718716710
828080887
852538081
13189172
522606789
25726199
22931893
607984091
252267383
128798943
16713068
465060640
753472315
21906739
22782196
21774246
253462942
505888450
8071902
825940004
68394961
396666092
58222697
57827221
99410920
44540782
847462850
17823633
846946314
845650651
388958038
74197148
382816844
17864051
199082624
530841803
393546999
18513101
539612711
407118644
108230479
142045746
35315865
837670154
425196476
710642640
836973608
29861250
275891503
50429080
604970874
23840248
606950166
834904922
15726812
461304133
829241352
152138582
66730333
28366753
571388093
94808219
781794439
816252061
174843499
825279426
802017392
312966457
18621777
17027184
627037415
15299042
813582284
563214834
549645611
145771805
10284472
17218406
433832794
24363434
16674189
16400481
801875634
281180759
417539538
807841369
500161994
18930764
339969541
337275728
104761533
17542265
82800154
306226353
28515506
21248528
446714589
390054751
714767360
766235419
491829192
419669492
749525383
106043017
3924841
793865832
411243415
71858540
790583972
136344551
11670272
295480096
309902921
18692665
125022059
633712097
25915690
16343608
765070776
49265298
14584738
757216316
769069362
592503271
550730445
301851944
716907416
705371137
267425196
569614542
35328942
562479996
730958460
147422946
23327578
624778615
609974202
32559983
42809133
735366445
771996408
270723196
19731058
408522952
771161238
574991566
745913856
17534526
17304614
106227084
83839208
102603177
730039081
18584531
760345584
593652585
590388179
140883357
142786182
19251967
626785067
1458461
445788977
62955350
278925816
292147892
25937045
75730393
263516548
87732724
1983001
130593087
745020908
21514700
47587977
252455802
308775675
631143612
706550400
28865782
15946307
290046756
148125988
734105972
40528090
115085266
17121344
19363570
22808957
610047345
225084690
603759829
22187406
21455524
221892345
270452107
588749451
552314049
724179672
346436156
724006476
14563449
134591973
619861460
493488658
271174295
66119059
272802770
635575091
381356409
403771971
68620552
587925048
451517196
23717397
713078376
153998882
326316940
227284739
89051071
546518751
16933716
25145892
442915627
300076221
158995045
569485964
547032225
629557258
185328104
38339429
30394024
708631926
22847003
625997797
76349025
232954097
537740215
607219050
17469469
635845996
820828
16813717
18783056
449246103
81132807
632995522
395545765
528066450
139829751
61381815
251891979
619839488
544405302
435615116
296091800
15839749
576470042
573849422
226798221
624120139
255404649
18251376
352993975
334849558
501755840
106855113
594177030
237433015
108336111
624231609
14465204
113697077
629588617
212323439
36770107
17041157
111420106
6493442
14579415
231151789
628200618
122259166
12966632
117194114
46985511
15397465
17516144
625237592
56800902
479250415
266871899
27538444
182840025
622676749
106828812
594447840
275870003
12055942
570157683
514941114
17925842
226405883
601969492
616458632
17500180
233328945
534125583
615866863
614022327
18680346
229346198
614270744
32741597
147295958
578224153
586772560
603766881
514905307
198965254
20770149
611358528
17528377
36752496
490760221
28824136
22081565
181710643
599113166
306907719
14557481
21241213
544656523
198271011
81086690
101423922
47586808
608516632
606863978
428016360
464517922
127455458
253891579
607790636
370429783
32353164
47467193
37988004
219522817
470142204
17291463
109272744
476107442
14517908
25987770
305409531
606511245
493462794
9714202
293098225
29136510
403435008
284839333
501322336
161876451
603698235
458755320
382064891
273645412
246752986
36385431
487955154
122844823
21367388
451710035
586883140
407223721
710013
35869721
569250780
40133165
211870898
263609133
308995701
596248475
17504675
496367959
593273380
105057731
568815613
75928603
6141862
210195560
103805042
76877758
14972479
13155622
22447747
37064174
432166690
329348209
218479146
82284332
38719152
573283827
14650067
275517659
40416778
18451184
536474261
23412097
544634711
18031967
30565134
80868229
210493035
576822416
275853551
347846712
32230197
207736371
14551068
582666042
14459683
264975513
529206748
35938094
51920328
14792673
53473640
285170855
277855154
15089643
45753683
50436138
35409083
313764045
151322521
428547599
398341971
15363855
217853667
370294951
577426099
39298267
210810305
12986172
50707683
521384582
286253036
430976274
577510071
537309350
54707899
19638010
50320600
425360139
25393674
524997168
165919072
492365196
37949410
553508798
574538075
560247219
46768946
460324963
362156415
14220692
569302640
32191065
537993480
555620393
102430983
571688411
307610221
17100644
113130513
390309275
414041530
456985229
286004189
364640428
568559336
543784650
28187171
38372614
341003493
448603938
477865769
16543550
159908535
25549050
363402909
34666688
366438179
275886280
16394061
340545195
330709684
196388874
187751905
551465778
324034792
546127092
562352177
22836842
423950548
562489722
450930042
322111124
247995877
549274157
561668792
9701092
216593056
32896787
459558201
17790726
24552031
24436853
434933046
31187338
315434765
18519919
434577201
255703292
385604802
555629858
219958213
72127679
24691161
17307660
267956676
117178370
54264281
49115368
23259586
186729147
536812119
16514518
19479200
83054263
18348866
30511563
72025856
446737549
546533263
533105181
42916712
188915153
235235081
388630534
544855993
20258917
542867126
14125938
63014293
42474065
17566022
472438809
39964480
29087465
537760950
14579850
338880142
72585401
524993580
25547265
408994237
65665687
319308389
343150136
29462511
515826653
15458277
23853878
37111526
28371492
13284722
87344613
19246321
194695902
28257129
114425583
19302974
230885211
144967978
353023761
532290001
366155902
422920738
243979919
20635115
528722632
495252439
5669182
218949930
20834507
468133585
513897657
30818383
316357556
98539269
483969135
524364916
29778934
525494185
308793925
26752936
37041379
64570571
73579582
523297927
41392335
35350086
449451142
323284201
454350648
21732027
16281874
489966001
96659542
27264769
248506816
266623161
507773228
16519491
20120895
48606951
14511197
65570828
263457349
435236875
240419956
147816621
388316015
441129989
508219152
18007370
449980694
509171329
19031473
311994538
466856651
34598365
507749328
53681649
480358188
506020144
506057212
183844340
497828761
504444228
345548617
419097533
388328034
484311507
498515681
415170246
491831596
16697018
480887236
275665495
489188730
183227314
312348343
123689096
485998491
452484544
131045949
21798145
490968947
51305926
86860912
74741590
57893412
218317912
491648635
486394280
46581007
456152934
18041388
312437876
36361864
345735642
303944421
86973043
296169643
76637804
280960215
469415873
414472486
25981856
262005037
476178538
335884911
474526416
16372225
485099483
252820645
55629146
77240262
465556859
17204550
462945391
394371963
448090688
312477208
468424138
384332912
116779101
56114628
21385627
435368535
161077914
477614529
472136131
76881118
421275603
431686334
471622656
159671942
168469139
16120808
26897228
150800311
136002245
16367812
77903206
305989230
296890153
210226021
26186626
199911960
18724232
166512519
435850938
466926088
390120626
36103046
20919453
419710142
15697648
128040157
71457959
447442475
460617401
436792015
170016558
26965342
465402607
354658399
27723006
268835186
38841434
455116038
60841008
228181772
294253229
428186156
451912893
151515662
196685253
372393605
412906781
65075577
461823288
365112212
26992475
110472019
363387669
423995169
388892606
42923372
19632887
322979811
385847905
21452428
170075982
7130672
68515006
18533403
22898202
247225042
45341284
18730238
234824054
124173057
435484599
288408661
285337602
45326916
132982293
401853643
8765762
18834912
453957341
293845921
453091932
384904654
175165646
447501525
399628240
16486819
50034358
59955239
364346479
314114721
137402449
71158131
153968130
417752400
445805723
381465127
21667813
28017930
438318363
52860032
364938826
433705173
54589363
139744512
326569138
370623591
62094446
14652402
32627423
110961866
440096922
429957697
23451357
66881839
16657994
116540437
58229033
306533671
246961419
152860860
437591524
400621738
423287286
16429082
414823944
53974480
29065366
379329397
113874610
355216777
147451304
70887902
131938901
330562292
109376039
233077764
330354472
198400004
60792156
431045355
420063048
11361512
165995266
326350934
17639064
20345315
108217419
21478564
394295416
62384481
104284330
428728828
241208166
18790746
27400783
202283280
428330920
14685989
399304798
386723480
24794873
386719522
96994334
158041798
46358722
128392347
14169523
424229266
40279041
22341209
180160760
424458285
283098408
257427812
138223132
364011209
20670859
26077983
18000480
71286234
396828817
330511282
362285341
367539954
248918969
37786188
50522431
56502076
345077992
12782162
25122363
37332725
392242651
417509882
407131634
385738350
385146547
28810160
382871551
7812882
325086754
413149122
41348303
174340450
385971556
200897198
363082707
34985470
412563970
139776692
252027675
14953532
61573493
353656571
25958242
410572471
15013891
384610271
19124428
18412034
410225885
161121948
24628664
277112433
26237396
170336709
409524969
260627541
409783335
143886265
53484557
207547467
175949731
21634948
16045811
142660570
335762454
10351332
29337775
89463784
127330021
14452049
409629230
170687205
409586579
198985701
94137961
15895251
301818786
409125412
405428595
385130426
261507979
384725512
23018172
28731819
220265877
16446807
392512609
370114129
193515866
406136615
21369815
167235003
402269313
123791518
14920304
380691077
171735092
2898611
48819973
15640859
189320783
396678393
394837603
371807218
381653682
98188248
389712664
143073258
99857856
400745732
304449752
27765372
99394141
389085306
20123405
398980823
27693320
284252724
37724054
72239171
306604274
157373937
14967945
144692356
331434716
74078614
248022226
217319143
357146719
38703581
37319481
179627941
20951961
330103092
18892748
113114433
12705672
51957857
164573855
14948710
379958877
25861507
391653186
91198292
28204682
280963103
137382418
351489560
153453961
356925112
288496491
331734253
182999888
358741333
282707844
223218892
22275789
93954787
301062410
17328097
347851821
295573344
289385640
213735307
174454158
162311169
114936966
87779569
14260418
24951859
80521212
84617554
1644991
21596811
361238217
214675085
35144110
106539595
377257201
296609350
40803157
384361242
27217672
383660846
365278405
233997777
262610728
149497843
379475928
148174004
325644574
378749877
24322876
17386718
23396879
20334515
381530452
99587022
362769749
338611053
109164425
21310682
158042890
237374453
20843523
241008993
27627299
103821657
195858236
20880897
14343727
49809439
379170998
16752169
376338236
43570313
174688615
340552341
358850870
354630015
351109021
16608508
27555581
131476994
350688242
358354163
365346812
19345488
353147576
297106007
71508775
20659126
350718556
372282739
346151348
288303744
186338394
18583059
352226884
363361487
259787543
299297268
324090597
367513082
276187281
266663992
366631406
366716989
17974442
366085168
40912424
171227835
359928415
268286083
13267622
364250713
116308379
10268842
14465456
312029599
354632335
54998393
295278883
19347347
292946919
87268782
48229652
289885628
23367181
361589707
252379105
28360280
289461869
298809687
277493780
40350866
132677116
36061306
70762056
3043371
52220602
234057180
123098079
299005483
17623296
46678970
96018008
16173914
304457365
39179240
18202628
155558014
25964315
23845320
321436678
26810542
355388107
243156977
14464957
127054665
78979787
264665952
338795497
339801692
113755562
270913633
353098052
213754594
158942601
95273513
351745358
112755221
31325104
135916126
112034865
321152869
116842809
17427991
184284712
232952721
348804619
20653637
19107940
73829977
260284470
45913726
7639302
17181265
84832316
310400632
285670262
61202597
46139692
138366190
247027057
36303719
334660728
339714888
19396145
97736173
18411867
67777021
16002374
9369992
55236926
256240923
22248690
55703572
30776279
15103554
328022075
44093781
64266590
11162812
93251961
295467603
144339538
19327875
257361754
321873702
142726465
151574328
267612402
32316055
172683813
134672328
106905391
72461382
15911591
315080026
19613406
35022109
16629655
268815203
341418108
337029758
340527160
73160669
290380079
120207040
340473916
129740442
14457223
49205975
28565102
27633606
17123836
286376494
252725390
159886470
277534792
288647962
288648159
288648033
288648148
288650702
288647953
288648892
288647982
288647519
288648555
288648042
288647780
288648057
288648766
288649967
188437749
288650262
288647760
288649514
288647809
23138885
330547133
54779022
95740797
36986200
258605206
14338059
96284632
320305276
334731322
301572092
333084133
44175636
15191834
269553150
38549111
37036394
20786273
306618630
335018588
32062804
17257233
13024262
243658875
46664359
22866395
24306534
46306528
52770751
334146585
66928428
168458031
14787019
36584032
33804612
323339126
265749239
68313
15816423
35084541
85343098
121264682
307104312
189659678
16318754
19252822
15940539
329092176
271934407
188999701
81356434
326304373
291903122
196647588
17747566
330147129
330107228
278033183
19838237
328971713
9432632
17501419
297776021
191639123
304201812
48435442
322689511
286322043
101597945
324151957
290298483
22536356
273024048
47311925
16342328
270465684
7403442
89094143
15047937
322012171
37090006
41428341
169268247
5972762
312497685
46037936
260341945
324101886
40454605
59370946
21611495
159887927
221598905
320643340
12548882
34090086
73080614
110523550
23811205
88947185
245290283
321690911
321582366
283817784
304510616
111273599
52567604
221529403
24813707
21123103
67044683
234026102
287872459
175550343
250308651
17428471
130909959
21042002
15063495
17427979
306388787
232956694
48499442
14639368
289790029
32885714
259915368
246753825
277135559
249488263
111670354
218610297
235197627
80189753
129024290
179228146
15484063
41820678
144891125
17972520
311750730
286099914
22914240
220135875
65120256
311032515
235343585
310981408
11149582
309809572
298839580
40340919
65230559
293378830
28507954
302794411
309015620
11077672
56473163
260168348
224609845
219526775
151989264
305252105
16983361
17701508
247977797
277220254
206011112
71643360
175384362
223680582
19456741
95531683
150726823
17385685
16107495
14125515
154590333
188075531
17523938
304788526
47633582
27680898
239248363
18290031
174099976
286219068
305922768
294070019
36131454
296619467
305262886
183782814
303205443
296869900
21624665
17001026
61941813
29903007
29904885
20193452
19347202
26715555
293212924
27359972
302827924
269018182
302799417
50738044
258912514
56003581
18342649
26544099
21925660
18124859
158100219
39288604
52957148
196964690
32603674
252888587
35256671
282974058
300189157
287192551
32556356
88844216
159013410
279162744
293164692
17027836
261794301
27592155
27818124
20894144
77042895
289711813
19015834
98200833
113458113
277330989
86127181
173340973
16498219
145062902
293169758
295980833
159099962
17468316
202064018
294790184
28704177
46418882
287627990
28440647
196896189
7746282
253221193
17437735
95296214
282717311
36658966
289926754
148865347
15873722
283225481
113874950
17397768
57078676
18609162
20853531
25521491
217583784
203938295
14080525
22745342
209277307
254662213
281622878
271604751
280120234
19726161
58638919
231614907
5848362
28168177
27800786
16084468
276580136
49003891
52106931
172789877
54705063
29270273
254190033
278786722
45604304
130559501
19761773
42306855
16440698
188782461
93730971
34553080
20652660
20862734
20804924
34866981
276976114
262975636
238203003
19477339
163456116
50520435
28276790
271747993
275094049
19201772
219181216
275524790
41031035
45921041
36536085
18140760
15488026
5137311
29787193
22638297
19712706
267843860
97069450
27381221
116833234
72042658
271436295
210561182
263456968
172579380
3176501
43230251
268945629
135522601
32986887
262279140
202754575
72508175
267002310
134254147
269088568
39928379
12014132
27818395
28487033
12831902
28647246
179023938
157898303
228176840
40128307
42151509
148332654
197033866
220912885
214662570
26572646
180168038
233358828
171934520
247945550
205670342
22091213
261722168
5774442
261640758
166210390
52187741
82259563
255338239
159401360
207298882
17108182
57360443
40282219
103067027
248818240
194624921
89412690
77092819
253065892
224938022
186070436
253182097
205152128
4947261
88865710
30008134
238522611
24287708
35038857
45755946
234651761
10873902
133710837
151083417
6769472
135937381
25778271
73026239
35080292
109003244
241726958
18262104
76821419
16472379
146699312
120849333
14738295
207660820
244184972
250499424
44130344
25193106
119043314
27146010
252951399
51581950
36890792
36308294
197491022
235431227
33241028
207340513
175775749
99932184
251314906
248598036
18501320
15248550
15189059
18138820
240421202
33479806
19134671
246965328
151790402
218957230
24857277
246027039
6146682
120569055
159923091
14073828
66495060
29813886
18151975
19574012
14473086
8233172
234598460
243939195
27082307
243905668
169801288
240730794
35928104
24341561
222363211
23029642
191132075
231622059
20518747
16359612
17376698
34136248
22247075
238533701
181356159
214754889
79102836
237236433
14524244
208166401
160932452
31125903
192606971
51502583
170772419
18294973
16250087
83432228
210765204
48647111
17478356
233148640
17513981
233017992
208270848
26743512
215730596
19432097
224074946
650903
19052570
57528569
18277219
141829991
125821971
91656434
51717761
97279706
91386654
230606700
185639249
16518494
30508974
16674445
67164452
112355543
15638758
106835155
18507199
58809331
35646567
174389438
214172784
218593761
185684268
21517816
212759279
54253318
91761481
70792934
31136821
16428182
212686583
41362304
124618497
21817757
114102708
22729482
22654404
223101523
208793701
18453541
77142216
93677719
122716308
14062221
14792991
22709100
18980388
32657885
73310442
14536743
14989355
17194090
35830238
17862067
81138450
119758454
17429797
15423048
47994320
4937061
117791931
125752939
15516004
17122755
201600964
182620506
23615900
18341086
9727442
217710737
22518425
20642817
88961864
61118465
16953480
25728193
193573806
38753459
174138344
211066009
16066339
171885824
121346870
51923305
164643843
14965939
103013627
15551812
49940466
15166808
203711245
209287672
17573247
198986402
18690831
16720810
134950878
17885796
213146400
68023261
36361956
163283674
193584993
168760571
18592458
185245706
21466801
52121568
15062981
125457542
73148019
48196521
25718274
14401286
14083864
17993791
33095147
17271100
120091587
151322318
19859768
34001731
27107310
17912968
11420922
88581667
177971892
133474481
203152124
9277002
98593629
52851035
21144136
170039453
27985573
197901148
59722579
131298195
23862487
65419850
9548232
166653118
26385846
1940581
104046002
187814909
182361521
14134073
192312935
18347010
27821983
60484136
47043101
19036428
38895286
16816510
168679723
40052418
1317
28728839
27136797
59200277
89486580
113859863
178257646
175294379
139173680
13418552
12043722
94485569
54291397
18084746
17340238
16562005
101591941
114947292
11274452
14227472
15693370
51870407
16058986
21480354
25198480
24563272
68293745
97334092
97285186
15863849
1058571
146701728
79141195
78420987
46968838
35422146
35294927
26061767
17415547
7040932
