188437749
3305008277
2603359631
1656710258
3288844876
3254756427
3218117039
3219822311
2768267739
2767006909
3131269095
3167132871
3128142654
3106216672
3090419415
2427458814
3069374775
37899134
3018581583
402630155
2382853022
746991386
1311180739
314011033
189243153
1923375980
2799333908
2817911106
2472672241
14342634
610557381
257538872
377735901
1136290014
1510469096
70976782
965204671
278399131
20938469
19457251
22271541
374857181
1244577362
487170303
27654269
1322929812
33794384
1906993128
71785045
597315381
1709823150
1250389656
1168389169
14557525
414247932
627420433
49331995
483414152
391393228
431443210
467257986
1547004775
504934059
1511329976
15260532
205353146
313527895
1374104948
315914263
237940525
22770019
1325946338
419716097
1085480209
1269473726
405570656
114559945
33376659
1332388356
19091530
932233490
152617020
119083950
1141356954
1323072727
19063928
1272641539
1287607800
505888450
142143902
625689011
704735371
52106931
34666688
40504972
1086700950
1238912946
148393590
134941285
228701385
30668930
44725618
407043981
1151201480
431391193
148225331
771031506
1002872852
121601973
88154218
907468058
36381235
326569138
46051059
1069126374
330925442
106578402
265076691
142978786
468239434
1013251016
38826770
956697313
212418959
709981813
391542588
107826306
438702058
361452538
861090636
906496130
626094055
13119282
50950065
480050626
547136148
326144014
307676654
274736588
904324459
753342692
304160949
14212033
28334094
753472315
893347578
148979921
890897556
115984753
15607632
135937381
66287279
403771971
280833349
842240233
102629073
15726812
15458277
45326916
106918783
27415841
627037415
811989044
807841369
182386473
117744907
135057733
184063011
20915974
578792020
336100767
493009826
96131225
395545765
80636639
603698235
197901148
294745440
176616870
611411742
741184826
15068399
413365802
46756669
80610132
19363570
14456932
17123836
720028045
22002363
227284739
604727780
346513260
625997797
635845996
22273724
253800348
408994237
427797615
312437876
332741630
32353164
492075540
393101179
392384924
251235728
33462522
539500914
31466326
563901058
449430489
431645544
158731877
196718550
174089136
218479146
556033156
581986284
255441621
582391162
373728571
522578647
101024529
454035053
589156426
21480561
112633816
436606716
46364181
479899121
14650067
433665374
524997168
390309275
569302640
30428076
167293449
31162677
560713993
73459486
430296613
414041530
474432749
246429518
247995877
559223740
312348343
102010685
238389917
553022586
236074733
70226817
49115368
347936817
191706396
284225391
435224772
316357556
317818716
62615968
338880142
237859983
19613406
519567700
18930764
531306962
529166245
270457773
399309607
256092411
501151510
26404914
22185968
323284201
79573141
508219152
101102068
32894846
24019397
9916032
192348958
498515681
459558201
435368535
227188351
270150709
18764613
20671866
311750730
170666347
336007282
185676394
415739557
225578334
336722711
188196962
424191456
381406661
430056458
430858464
484858718
291312422
348972559
19992829
248645458
382871551
95271454
87804321
447442475
103398868
224609845
40132018
18730238
296890153
57421330
389002155
362332590
232952721
370623591
28680278
42489308
263007107
446905250
25887797
408501292
61965854
9493542
125752939
437825822
332189106
241236624
305296124
357146719
89304300
202283280
19345488
231939823
14049011
60589577
387758269
156785569
63816745
15703946
406356323
396828817
22281137
108330063
410680201
14991329
106819267
58121012
361238217
245162052
388212031
36072334
33154454
94485569
124296656
394837603
381653682
121216063
315955228
82936271
46775489
289285590
173286713
6440642
361246335
20775310
157813580
364785885
97334092
79859676
394891249
106539595
292400876
14254670
16096533
170205588
324733857
255338239
385717574
358741333
160929070
387447185
187013493
21817757
320217111
206042464
64078066
350718556
19176070
300646579
46664359
143126098
177694069
17428471
381749261
16173914
70794234
158042890
20290668
296609350
184898278
233997777
334407673
15584776
110717122
137072052
376023499
245958763
290717474
274046562
29851029
309907311
362476990
126636661
149076053
365251315
152683712
84617554
15211300
34907381
312029599
353957708
40462902
147958471
24927116
252379105
292946919
176129315
197308408
26965342
36087646
352226884
222609911
251758714
40350866
135970595
29002806
355391607
36303719
152369572
67578950
54898363
28218360
352387281
71508775
340762664
191831122
224071039
149068955
121147831
235343585
336877249
256271629
57877111
79009768
291451211
223101523
133710837
319988571
159099962
18039567
100469158
45053322
14083276
249511522
80653185
211448083
1317
289461869
4937061
295412320
325574340
21927801
168727163
32749221
21629250
330562292
189659678
13691112
215375901
75928603
18583890
327998804
16172327
223377547
12043722
203938295
18811024
22341209
266764385
322689511
142062277
270983099
76976877
312877772
271845039
323339126
302784503
305004186
199143804
201600964
101283878
257566497
283706793
241191600
650903
15551812
25937045
229136074
25549050
36073910
24570198
14073828
17996426
95273513
19325534
16562663
281426356
246753825
111273599
18506826
100000760
229316635
65120256
71539010
160932452
304457365
279945385
151553126
35642608
243156977
300005350
68135928
178082240
311032515
279249022
82259563
32166428
45193580
310889711
94029486
67284252
21131436
81467648
20832563
214172784
134930804
179023938
299924179
98539269
113874950
28704177
95531683
174771500
39377814
46418882
278757881
11645742
222572888
26186626
24226046
27374813
91923415
20100548
38977230
14873405
214754889
38718038
45842017
242587798
233358828
197835426
175235937
235252583
15863849
137411019
211589627
211534915
215022574
27359972
33175391
16058986
152910377
206631082
141829991
62220844
110157181
88961864
216707460
35616990
11077672
17122755
35830238
25728193
14779958
22518425
23615900
20642817
190684722
171562931
24481864
132861264
120569055
18294973
11779392
119294700
96680845
71691476
75354349
75362308
24229625
51028602
20865979
68313
52770751
103013627
14227279
14282672
19052570
17194090
55648286
3215517431
48831366
1433803981
3167485093
3177405943
2768267739
2694693391
879161563
81740440
2756359941
22271541
3003030695
559820057
2883690405
76067432
538058003
2430976122
2865514925
314011033
1604193464
387789666
541765579
2815252457
2818996007
381547116
2799333908
2817911106
16579658
2746506742
43337227
2423563303
38616705
2457999918
2485343574
1526458003
2466323527
17532662
23017020
152127256
1660697544
2415511172
1511329976
278399131
634574603
1589395507
334570403
677703
1563400362
136710525
314093207
36258291
2307423534
31132826
630393932
106898364
1544055638
877912231
2225449470
1525342994
202726901
452537023
1284950995
46127159
2266575378
29608897
50253322
369769383
205670342
1964863136
2227527408
2158032458
2163353473
14226984
1920310844
98502839
30786508
2174078544
15679573
94524376
2165163158
1068186608
1612104259
140398529
14212033
171109567
1961651022
16745935
1925260819
17495827
754457065
1904319638
398351602
1603379995
97676557
97213844
1242238332
1861017932
213780199
1220040949
333162338
238718627
559502438
13746792
261388607
264142985
82800154
314498013
1639826306
15234480
254147170
573370445
200548514
92290164
1238031920
20679504
388737925
27523651
162583613
574189026
70785539
404446588
464681646
137916356
359651113
290960319
123406917
1628434796
434577201
70648316
913945088
27346205
20659068
1319606844
1464954817
63180138
66947891
204559543
971302722
419248068
1033838696
38592062
1485580345
700157534
560335230
1272641539
1175278794
311092133
341324391
1505940678
1496007919
1352749586
271206758
184265024
1482947851
19486809
441260506
1213874558
22252924
14290318
1470251168
1468706269
1296278832
34907381
153551571
1449960744
1121187511
465235670
41256849
445353003
108395836
520138835
84690057
259135164
493462794
389304037
606758924
828059977
366337041
1433702456
20681975
239656769
100364431
46450334
272636059
80030752
355366330
62531483
489582714
22756908
1252855080
30668930
358914353
140570071
1302601393
249516474
85118388
1332298142
19866056
35420573
350542447
97601198
17500180
1141356954
813811723
1107888008
1278218868
1036030825
560690672
1343437280
260361653
123959163
1162633598
214832826
24550788
22638297
273777535
1270333147
17693363
183827565
288408105
62220844
26738727
713680226
560501342
350149080
141385589
127054665
21332398
512185692
393450245
891821234
200504290
87340865
269450429
1086700950
614595679
1265387768
558171579
1191200610
516867082
1134955094
310611830
185915067
40640335
431391193
18541756
304196625
73788867
228701385
1167690020
1231818032
248743834
409524019
1200231968
546518751
1142712872
255404649
312859166
250801034
338407997
1175225911
614063361
1112712504
412592242
76414863
203568690
151771888
932646565
148225331
975478604
595989218
1160129485
792268441
860660234
34710922
1124303112
46687291
928958232
1140123308
23394691
539537906
741916591
42149034
71555676
19031236
1077810782
1129578415
384030394
168992548
40787261
37136944
73260497
907468058
1107900198
412739701
16987914
463381718
1103542712
154419133
372033383
994095722
560138205
330925442
16396106
573167410
20530364
88428125
85163613
18423756
36943962
98201595
409586579
17083479
67152837
60443074
900942314
931113445
283237220
16192692
139202745
17690747
729363248
1069126374
518622879
705944989
793006399
320139357
104976338
182386473
993642775
1018440986
518049596
264180341
5834942
1009963801
343492196
411356040
1054661022
933311810
273421972
1042728943
790478394
352476785
361452538
587496883
498552248
25375670
795493128
398439840
522820694
212444736
891737371
315324959
23662500
496295320
143171429
30478074
44489522
270890547
947894131
997629511
1013251016
1012642471
859173864
404774269
994410619
994410710
15047937
14188504
19603179
215317036
978862238
155340326
403771971
952645921
942128454
19052329
948702949
256164185
25876339
344048783
326158694
22402935
582391162
89304300
637043912
37386524
119775003
919316557
704761976
15174760
312348343
481321854
537309350
559011661
478748354
440622422
895290366
606863978
24570198
106647604
102754776
17999772
18692665
780822188
47443313
608525749
75772201
831668185
817943730
753472315
40929812
445546528
432902635
310856302
18364944
292400876
18120273
51506256
129594200
116596438
428280023
12916102
311129072
267994036
16410316
43663026
564044321
20938079
84057428
334750350
25519537
613713582
14346304
766235419
90255338
771862471
311750730
115596087
364534650
717932004
621302176
578792020
705739513
493009826
131045949
77353529
33462522
76625702
217301632
363404962
36303719
303078215
88181693
564978691
121906429
14640368
570480560
138701796
102287984
635845996
626094055
481369158
571198789
197704932
253800348
18547130
245065421
132976045
425497458
411178789
161876451
11635932
171218085
565084700
259868133
19953824
359988794
50950065
601969492
16872189
613207851
15449372
374337511
390112116
207634164
392379811
119033661
131153067
603749011
257566497
86372970
73263838
111918258
585745299
575219087
407714277
27838919
301433293
27454895
320169065
439436840
265050412
236041388
503726346
427809292
573021768
562850836
36095616
588872722
33593882
447442475
361238217
121242484
137902474
430976274
254719698
21107471
491648635
5763532
197958900
224993456
192708166
14245695
414041530
465015556
22442373
106781738
538570335
425219309
27877295
100978355
377631270
11649802
71820047
466856651
333732915
59370946
559223740
312383840
51826686
529166245
115813132
493719103
346561219
20097064
91162108
20659126
555364090
508219152
546050178
15633333
191706396
384545974
544855993
128516874
198747796
32268015
316357556
338880142
155623176
232292789
533730519
135857451
261529576
291433763
174480177
183422843
20487912
104429832
21110413
14948710
21290240
521745123
323284201
309797636
196777778
358141264
32972784
336267605
24857277
252339025
43223631
219799764
343150136
229175996
102075012
363824299
501935731
71258249
494516393
57961882
492641200
36952656
459558201
126636661
383565829
496103815
301939564
8714132
374082977
428685076
420744990
20421350
404746409
204524232
154282687
458573855
395507402
30595402
251872684
480628694
480891975
473543648
63736058
426348417
165527608
216794200
48971936
276639151
154647635
24552031
178972503
463839616
418587896
265052462
16367812
468484889
142807602
461823288
256512583
116928096
163552448
458805469
33871936
20292967
422914527
462476562
146787604
459773184
22873164
138593020
298337904
306951803
17257233
455157809
239980000
125534477
454436804
442350572
144664204
390325155
33222120
108330063
137402449
421562974
234598460
84747556
103653633
18633097
440876110
44450386
330354472
30960065
432403230
62384481
429991247
104352745
156785569
202283280
408994237
96131225
151553126
17972520
423583317
387739930
35616990
48606951
292098928
21310682
11320572
297623093
111273599
342421047
405428595
408184735
406643498
22220610
43212934
398216609
289385640
360002625
48819973
336341053
139017643
51891770
21061509
381653682
399486093
394837603
296899747
361246335
210195560
37724054
28360280
389313457
232210121
389268043
386435568
104857114
165111866
72239171
32353164
358741333
230895900
102476242
214675085
97334092
21326579
381374911
22978448
14409483
209220358
98057821
57522466
362769749
76000868
158042890
41679913
14047045
312951343
378263478
330095999
378644318
356028911
375838229
376196918
20190009
377117060
24428635
376338236
38511419
174688615
357146719
376140670
288303744
19216117
137072052
243658875
253221193
106374631
152683712
110739746
121147831
26568333
324090597
272802770
324945780
18835856
366085168
23806679
252379105
51586992
29837168
18747903
360738490
360979490
15211300
91741310
176129315
195182375
301176468
34554713
40350866
340552341
246570518
251951660
186620356
16630083
200261988
67578950
25521491
352387281
23032599
17571135
71508775
334254427
16989098
340096868
135916126
232952721
309967102
242331665
17328536
84617554
73459486
306388787
250702362
170715683
133710837
65230559
37843288
159099962
43868871
13691112
32626001
5137311
22248690
44387989
15191834
340527160
217319143
83674395
340248082
335891723
293091446
250320964
312437876
269192795
322689511
24863531
122788638
135352406
201912811
297333428
315797609
323339126
326144014
325932937
147795343
18583890
33494058
289461869
252571641
224071039
326304373
197308408
217531561
223377547
18342649
312249884
17181265
304510616
92535063
321331049
325734253
230237317
320305276
234403967
44484303
146171579
320640454
23327578
302784503
110523550
322247812
322012171
308195346
49865123
21028172
20735548
167951580
305702724
246753825
257275606
258605206
63552808
102143400
27688785
67044683
292755490
264627468
65120256
70173310
14885252
113874950
312768732
46664359
819590
278306314
263450091
134148342
33174401
257181731
286099914
25323974
304191836
19613406
16306374
98200833
304457365
184763298
39087360
67254200
22718407
22390552
290544144
224609845
206430939
27680898
207124348
20942187
203938295
176648829
184127362
115907498
18811024
158100219
151041862
39288604
22994470
203223519
54468160
296609350
297797966
145062902
36522958
46418882
36658966
28440647
236409722
28704177
16486819
26381340
257176630
277898533
35428066
21525846
285391850
115743037
60682338
263693586
281780765
18196307
256626238
35116635
256644856
85556750
79589280
272234793
19345488
279458236
20804924
158202884
103790861
45921041
96284632
32958164
38668210
55532513
38895013
210855402
20100548
13155622
199863146
236941754
72886657
274250015
29906189
196742839
143675801
25937045
15916757
63577504
22367832
14694902
18291291
142533079
172444261
269665987
48723840
211717944
11979692
234846632
24226046
214754889
30901865
248665998
109003244
21899725
236336514
158499506
235343585
26093
21967643
20025850
42585405
33292043
88728605
39558905
193573806
258831946
26875973
194624921
84672459
38136214
256161202
211589627
148621712
6198862
16273144
163456116
207660820
18466925
240952266
47005529
25309882
22076596
17482050
158413413
26091030
133474481
33723380
105472293
215022574
19043540
190627699
29087465
239141900
29866925
149076053
29065366
107310217
121446073
135958192
95296214
10822452
144873332
231701545
177694069
18809912
18845123
60437651
238767183
230856540
128608167
16138931
160932452
169222119
198936895
21790910
15729760
32166428
125752939
42489308
63513866
206631082
18084746
131250021
177684752
22341209
125707992
18333506
125821971
16518494
17735510
152789381
216707460
227385500
108207292
14552809
20644708
16728409
218593761
17123861
14497005
185684268
166584208
57374064
14536743
191596401
6013442
40742225
39775436
17315235
210416207
17885796
69886772
36890388
25718274
196633158
64257770
17513981
26385846
139773056
197901148
68293745
145378129
34136248
190684722
197923680
42604113
132861264
17070787
188437749
33174178
19356390
18214064
99889851
19486209
159793782
97285186
152369572
33658318
90033713
183048286
857141
166653118
15062981
59103901
45764940
161007666
179527039
60296325
68313
179539912
11274452
18888431
27136797
176055702
15550573
157813580
18041388
15037390
16586644
16811820
28621968
159674471
46521556
17997888
16907198
173659212
72594166
68751257
50306155
26184639
35213966
10351332
163283674
87625312
107939119
135267556
15335778
45842017
21502380
22518425
17206739
145937790
166191690
37036394
728893
164628624
27532792
138655539
20369825
30329476
34553080
37723843
37613811
39377814
21533234
135904100
28443212
127257775
121853082
60935270
13306282
24481864
46873464
55156056
21885413
115984753
117317083
87670509
23615900
68224573
98059328
23862487
125221808
36131454
25454528
25393674
33682944
25728193
114483078
14322728
28185145
20290668
94987293
95531683
117791931
68135928
112775879
15829687
18501320
16068416
21042002
152910377
73310442
17194090
91923415
11077672
15863849
20479372
17614763
121279927
14339843
122825471
103988048
120754570
99993303
86610556
22671716
92532532
18647254
96885229
65007640
93690815
18504867
84126330
3819821
35849263
27680392
18294973
15341735
15009001
76613786
5758642
77187321
74724111
18151975
18904967
15882988
19377578
59075987
66700885
19625727
47402150
52106931
54291397
52734361
33549725
57429034
62404284
20654705
53084114
34687432
18690831
57028131
51158951
27035373
58247381
30088191
47141256
24232840
32538235
48026592
17549003
18478452
40634852
18369646
20208506
15944916
15050972
28487033
17630993
65471510
3212142993
2587292450
326404379
3365309571
1168728642
3063013810
3305946963
3062359948
2469476059
2841404733
3329547424
3031927615
3192556496
1850202151
2936308326
38725883
3307944803
3301824089
66790664
432071889
3214808140
926949392
31296867
2824930123
3183431335
3078249960
3168525258
270114813
55377688
3098539854
3159888978
2330616566
3149955256
3149017031
564948119
3146184683
2511725437
3128133751
3114413047
3122012966
3109224878
2450091194
2904335546
3110059048
3105120222
2580805664
296653503
3087253320
3003706152
2856505151
2662434589
3083870736
75552647
149241183
5412992
2269406252
2796584907
158461054
18543878
3065024602
2396188592
3015788627
824708382
1582255794
23652129
3015947032
3015804263
1225604096
289177672
190954333
3005347572
2997770528
2890305040
2942120527
60173902
2941161301
2399853500
2933784517
2925259029
2382853022
296042634
325535384
2784318804
95931212
2915360286
2802068405
2898680251
2867030729
2586066690
18270604
2886894710
36357026
2693555784
102832447
18494053
384778858
2329424348
1263507036
2813453001
2813530336
215482178
2813446343
2803114438
2813396026
2813373730
2792429672
2788114046
2203395182
280958545
2409626258
2799333908
47048827
2775736811
2770880505
2545391114
2162670752
50518556
2741170826
2696939035
33018875
179240718
2773262306
564625855
2756043500
17024744
2733487050
2729991949
92635895
44145969
2635754010
1182530118
594923847
2219870081
2669442446
2651432634
2171837138
1577669803
371743778
2187761317
478170268
1890998010
1883067037
183760769
1525342994
2436463080
2649005210
2646170240
905485687
2610530143
122179577
2608138219
757825796
2592011766
2590597789
2587185282
2280986220
138517594
2453224796
2489562708
76828125
96156263
2542781700
2288927591
22841706
2540812027
27741658
2535502122
2351507652
44725242
1270335283
2523822344
2460662251
2510198456
518716362
29623145
23619829
1553635435
52411859
2350339068
1897660974
2436542095
1303632264
2432488063
2461578562
2227341254
147067341
2420784330
2418096308
26381237
1168403958
430477803
184255619
2400255043
171991128
2397345804
251745200
2396671794
2396027918
1901718086
2386823418
2382764977
2383960238
2329591730
754157640
339066970
278399131
1934976127
2332297627
2237941074
1327001611
2328910046
33760415
2355381044
2357175789
2353755998
2329612830
52450033
39766580
17780326
2341785288
2339881184
42336734
2337576817
21981538
2331597435
16609683
2148169530
2325406958
33609201
2239789812
16350376
2316609708
935350274
1525822309
2314953426
264498678
34843982
464147516
2225449470
1465716870
2303767501
337995070
74809414
213308646
2290733443
1066878138
18293302
24979417
41183243
26857071
2285483556
27820841
1117065828
1974668030
1272161209
59609457
29621415
2255392820
491854278
2247468800
50484032
2232231366
135188957
481513571
1548574454
2211663467
2231171480
588556598
2227518962
165446338
1569226819
2203926456
94626301
2182692372
217172124
1950189974
123639454
800204197
1205421842
214528796
2174695393
322229512
2164551810
576336644
2164843615
24000487
517168380
437056978
1896456536
38926101
384155598
1399977541
1736573947
34447050
1957572553
24209250
1954588975
20750968
1611119233
44670993
1616386796
422708673
1851143114
213780199
549476819
794279250
1625730025
851566579
1691599638
139392587
579170976
1584400225
1596325764
176346566
1480188348
1582998289
1566562008
30853206
1548484752
1485580345
1541665742
1538859481
1523050394
1517310373
989128921
844135526
1488329076
1137243498
161591158
1483018621
1482947851
901348998
1452837595
1447877791
1406363328
1419804104
407146880
1302601393
1367487163
1364031188
1002474271
1107888008
456088212
44675469
260361653
1328232452
462597847
323010850
747873030
141209597
1312461186
1287668858
469687047
82093321
43591869
1096112060
61645504
1262619786
1253384946
1252874942
1250420137
1247441004
1222982246
302253100
1207787660
471943652
166709478
22411554
1109369286
38314574
17660819
16300183
995515568
1072253581
981076369
528162148
44907775
38952946
991169209
21978626
951645169
490113884
18411696
806818530
326158694
597643256
136347784
15353425
46204677
333493040
21944520
703880610
709613180
63831300
572704249
108720377
153863145
731976223
25723229
631245322
35372478
517246966
635845996
602531907
42677522
255111200
594693578
16961373
40912103
317211870
603698235
601217951
279510151
308995701
392837181
291816926
553137176
408746274
36703486
299722738
338880142
160584420
523720192
239842919
25403052
402881950
253642230
117799245
62980623
33170435
490416130
453529953
19081604
478611317
94368489
375146374
440480805
403235044
383812235
22261247
202283280
218331825
94364887
145678838
207330024
349425216
398875985
394837603
321304602
213839655
381508697
43135968
52649364
36082232
20189472
267789967
28360280
119782904
50263274
32463202
328619407
63158289
64462208
224341942
336734230
43631725
322012171
20213146
26917787
315348820
136370240
25089417
40288023
245548051
14371188
304611383
19037551
209716520
38895013
278593365
237478049
98506942
237381325
30894498
207695652
268635484
80931384
17771344
264164282
242587798
250889211
262269643
261566813
260838803
79240135
79199237
35707118
258915162
258551428
253135921
247497905
249728673
249220140
245926582
224094061
27761503
241292238
245796494
245576424
244835168
243809717
185330691
227536515
236686902
236300615
196222204
85680818
232058577
94370316
60693335
22813904
29448800
114399420
229339187
228460703
41843696
225127330
224789829
224014517
193522221
224359946
222797756
194624921
107222688
28279022
22907208
218534204
210405931
134799704
151211487
151212611
100292926
15184019
54579941
215614606
215609258
177929444
87296127
215306097
215279504
205770625
213857913
213722449
146191274
211761100
30948732
206339998
209193160
89636179
142710597
151219129
206188060
205361917
197420198
205608554
204110766
202238002
23071977
162040349
173286713
201112613
54968480
190497614
57374767
155926173
41206808
17822556
169391049
98418595
154593193
86611074
26687165
191357395
144997826
136438691
190321127
174052625
189127384
185748415
187487399
186583265
171347761
86615684
185401690
27225582
35220638
169374171
161007666
152984599
176981095
92045009
32523956
169432688
36927039
53146543
171106003
164228311
170461186
170086950
31591901
167493417
43178869
22729482
163206685
165939522
166459997
64614882
166883026
56743913
166435387
157887519
23760525
163651516
164696460
153998402
112547337
144941819
162785341
154404679
158190963
33874348
160754262
132828591
156646451
98674769
158856436
150118568
40972408
120078278
156906764
50521994
142767834
78456556
148268620
56358152
92301000
43082844
94697558
127023752
97399348
151326968
151148412
151137524
32870581
143492105
148860129
55553895
139781294
74780450
104887399
111235514
145699321
67704044
105404028
16689603
20225271
125414326
143886265
143332132
22390529
142439139
92206597
58779417
140896817
57140977
51941539
137258601
134848185
121305137
109862823
122021973
34904414
135841998
135524236
62487390
133713940
133790979
32443289
133406582
25150645
129964546
130017763
62195424
27432194
14885252
124232889
129748717
129419502
16759011
129124925
26794182
119116841
117973218
121444711
125798180
125646436
117661743
62434733
35788224
123583134
120495060
123928333
121589296
14921620
115689376
121679608
120857421
71220469
94431881
104674956
113714610
88018204
110423583
111481473
85585794
57368537
116627472
62518934
114796039
116536873
84389391
42439446
27760510
95478036
17543363
22952405
16668399
45427469
90758629
21028056
27176997
28027255
27456756
105153825
98146615
91707893
66864514
33943843
83018369
17239372
45010310
68379685
97056181
63508857
97230392
80886034
95987059
30785914
26819876
40669970
34743834
90489295
18251827
86870835
74224371
23094340
64754881
88049628
91257021
17551510
77103833
46745460
17313681
18079794
26328315
78104907
81699873
23090203
46995792
55422657
22805394
39318067
36532101
82637706
42675995
81415637
34841294
72205252
56821334
39843237
65440336
81957725
52077594
45746600
79737383
74877055
46232530
78269468
74560293
19539602
63027654
48239363
15577094
29477193
75382909
77012623
27922157
37484254
73552835
46645906
21436572
31198051
14341567
38403774
40894606
34101180
74437728
40261417
59659618
25013671
32720636
71315984
15660624
25310451
30921522
72396478
14867567
46877746
18050059
39213313
25560175
32938085
37820393
69616775
44672132
56411229
58335321
68109894
46619857
55465112
8772552
25372138
34943200
55747118
45893381
22419416
14452622
47289031
68904419
31313987
15852106
46190313
17791807
25458574
17198404
37003452
25097920
15894329
41236916
40330035
31068091
36533945
31726704
36983551
19894531
46415094
31475974
20417336
51597489
14529995
30103067
23279415
56557025
35356151
52300234
16984081
22377188
67481616
20826783
47807687
33014807
19455291
45416196
40952436
52773909
34954160
36141681
19714467
20372005
26744660
27191974
50646397
23546436
64229112
15836048
56644633
17198766
33968403
65171657
27181915
52762698
64503387
23112347
29984371
14976892
38682752
22524265
52634554
22109679
15843016
17257390
16387482
14461795
24747737
20650741
14320097
6183452
46962283
50918998
14793937
22515362
27973919
14888639
15987175
58149611
15063305
25160970
18126527
55032712
14254512
21211558
52119669
23997952
16274833
18570322
24290206
52257229
36647877
1013461
38576395
19163684
20325672
29751494
25080455
13306282
47037951
11274452
16407433
18480567
65185769
65293990
14814946
3274551038
3167793580
3215769909
65353100
3241778553
381344162
3245399551
2515551180
3341508545
710278115
2434619406
971679452
959688355
2886938764
198778630
3237514622
2311089013
7433632
60153731
2444089207
762321763
155482300
85091908
3196179254
285177964
43202799
259445143
22709487
2325075734
34587435
2831903540
142894193
2804320508
16814035
536252354
1872731876
3144497429
285344995
3139434814
2672210359
1878987517
3065495845
3091782632
3017775095
3016886338
32219625
2431398284
2317665337
42191071
3008145365
853617092
3068721895
19875899
1599303528
3063716804
549708946
163878122
345632533
2329063958
291490752
3049644658
38202080
3015012413
2885260649
78587537
18909248
121214970
475927697
2542085569
3002379017
134760752
113946795
539335310
2979928625
979745641
38724671
2974662089
1309235756
137444229
95676498
2264046091
26643689
283366166
393819367
2956412519
2953498657
2950342042
131627904
2935163784
2933065092
210684204
21078106
2833087549
2813835484
158050504
1080813240
27136797
2314478191
1286372438
2384588586
2873251381
858287442
2908999937
252258562
429068453
372068181
2894753295
2601835236
2889654057
2886656759
15614296
34979114
2787678621
2882025567
2901941102
2750158874
2899161966
554004121
28600361
28102721
451192624
2863751362
388065055
282859174
2398613540
2858789692
2606041753
1576596746
2850840417
532218379
2842996855
340973398
2838330832
2788181832
300871983
2832051645
2152633046
2349771766
116981834
2711752874
337581500
2848588032
2843402083
86377293
2802216515
218421710
1652999412
14192409
270560047
111984649
42368466
18541380
2789013655
42108922
2799333908
229849118
2829785436
2828695218
5418092
914412950
1296929107
2815381434
2812666688
2812355054
1149211056
525450836
2740960412
2809339760
2808746173
2807685008
2806292767
935693360
2766751041
240801472
14056994
2786497860
2782905216
288998203
2715341816
1180495022
2460564014
2601933422
256066423
15864679
607004936
2767427101
272141779
227828555
2769859722
2359655287
2762192120
16705040
1901422848
746050550
19449019
778717357
401552527
2714565728
993976087
286724806
182168252
34628714
16063013
406812943
281211952
50289179
67198690
2677888070
2694064544
304773385
15245288
285603699
2721206549
2474957822
39551911
79260611
2660809381
1709957006
69596054
36162240
2646084602
22707820
29893058
221124587
177655043
426026647
140993698
2695015493
2589388536
25870662
375555826
200976703
2638859440
2597953914
2542097406
2582725362
400223688
17825354
1419634351
1924631875
508891543
1978694449
91336803
335961326
444708910
454266430
2561941472
2312521129
76293931
227360328
2224151434
743074070
845498905
2548695008
889691138
2507993287
16233968
473951597
2361034627
957238867
2549047488
18583732
1226323722
260089830
2515855892
86043895
38445134
2257921993
81657956
838644097
77290949
48687552
2354784167
482913601
24000114
476198815
20002762
275665495
1924891897
161895582
2482552723
1274033587
1328272640
2354481
2479876626
402680235
107436421
137256872
2381151769
2433045372
58006725
16429511
584045963
158129535
18123437
825012553
2161101728
1604908225
357103362
532891425
2434042069
14339280
201950419
2437162778
2429097374
2402178685
1642650648
46046512
2418154519
44773967
14818285
2432504605
261028178
2458185439
424259611
428757877
73731157
350888930
299923952
28508676
1360077600
2242445037
34367219
83383002
2370883398
1020265032
845569580
1431649224
1078401632
616267997
278759258
2425597220
2196546632
2201723515
267909940
554710258
15779070
622078674
232645462
2268404822
2411483826
1702128128
992556038
2200670514
77237160
1965550140
36376149
2370927554
24133371
2395378566
267763532
2360667438
487849778
2355277219
96168463
278399131
71626909
54431335
1525342994
212003865
19715037
188042891
2363235240
19418278
15182648
1262736908
2209406442
99020474
634323
1692083838
5938172
2355269623
44489522
298015177
2350888955
1314055831
223641245
75692835
2345917122
48195350
2343099270
1961261576
1376866646
255252403
2292406195
2339628866
2204274774
2283453218
391382121
57627904
48417819
87002295
18219246
735621643
270336706
1924929776
2329222392
2326166160
2321115953
41618132
2213388708
1250837557
2316658092
2316241982
476471012
2315310313
160023678
200175094
1423071306
28986423
2225449470
53823336
459469699
18030364
1618373418
1712865654
1691248620
2266466125
159892464
2149681478
889723526
109768573
109622497
22786283
632324512
2285198036
599802067
442146243
2283011569
1671120019
269881419
2278267398
47421744
59370946
1147709682
2277231960
14177593
87013658
1636850790
1562050806
1376758675
1277580434
35732726
174013853
632988723
1599348385
933663462
44240009
172551923
750864996
17448463
22211511
1673740034
118719853
2188913150
2193227490
148816052
2202427550
453673480
150769517
1512525397
34346826
31149315
1593946645
209383851
978934616
302714146
193972325
849043386
15110410
41520376
17746732
337654924
1154635878
2207819365
255977704
25086974
1891568058
419510789
1469922997
589687952
1961128880
835803734
239245307
17636749
352463602
25113724
19270988
37280814
42925284
64083835
141405883
563604760
632593257
13186532
1916824896
817920918
32457244
29403379
29417382
567572346
1632630907
778580126
1553188615
15840422
1411879512
1871789076
213780199
1706439110
510414473
797349259
16211017
1671743258
70969643
28516808
611338983
50666947
1623930127
16444233
1329758438
6034642
54517647
266220990
1115373962
398933718
243458674
4064131
436640690
207669506
17669783
1681951764
22442504
153386061
16841429
1693728726
100851123
27111004
245772024
338407997
14579415
17324068
221747161
142432036
1123071426
1671019322
582858291
46721979
161515809
1434795558
1306037324
43012401
20178963
1485580345
52291266
108164959
48955771
227359275
445828956
5621652
551410572
259957719
38720373
1674241
85973789
461273105
919923499
219187566
1513600218
1482947851
1071423948
257108030
86076875
1302601393
96135022
15977699
1107888008
260361653
288764707
141209597
18478452
63736058
418682964
377728969
897636840
14551642
316547360
143543242
159099962
36448609
5838462
799908589
877230583
447442475
714924710
842240233
93061672
38781428
799203068
441958359
635845996
14193229
570234108
430976274
578261508
566053019
559223740
543913577
338880142
504016929
425321960
63270681
486943526
413718365
459043775
76705230
21134127
428305914
202283280
108539113
394837603
154336089
95968602
134293012
31194879
370491003
361963717
13234112
8276112
144199278
314226317
322012171
116241582
302263184
76670977
38895013
277586654
40505675
269940121
234480777
31215652
107112876
194092751
36769670
232934331
130503162
170258518
43113029
17757469
195820880
189049351
161007666
17406113
179863475
150645641
169043599
155602505
70800887
161307290
22824676
155850796
132465658
58141929
132167067
61985998
123187018
107374036
61578624
107139667
86750165
106453956
104401756
17786177
96098447
21097076
87262131
80356272
22781558
16790342
75204367
45640092
68804628
41225264
16329446
25911044
57063292
57823086
53743138
17030897
17680999
30528835
52274919
49858309
16534463
51183184
43896472
36207727
1248081
48905956
47598453
16907717
17739554
44659035
41156169
29688323
38627031
34452096
33442694
32964787
32528101
25664213
15735521
24928093
24476175
23485334
23153393
22578757
14369928
19365140
18831926
17265313
17407941
11306122
16467074
15708900
15637608
5751162
15552773
14506568
12327012
12523972
15013891
254719698
2452455122
240449880
362557179
2306442428
2371193431
2839412666
3177161443
504018069
2982782715
48031883
922861225
3036844179
410194508
822118460
16231168
713078376
16817905
84496715
2493356923
136401228
3342927309
2432783228
3040389381
582387720
208138875
1162482865
616500576
2836259731
412019667
3013674802
3245008879
124891949
93736249
27895922
2759772983
2903955513
746604090
2323092409
920325480
17268463
1129331450
3242502750
1225882843
1309452332
21877383
2402304817
3311297752
438318363
2516824286
2984774277
2707012405
2904513549
258573607
263990653
2292158527
739236499
2610808232
382989700
2929988922
2759549939
2983804529
77590797
3111000859
1609110702
2926082772
371054409
293341448
3221162030
2828821663
3044948384
3239998533
3288844876
42186740
3129676102
363110455
3261385721
3097599117
3251429345
423316344
3188191752
1941553501
3192433794
31163080
2511561638
2744095262
2766716704
3209403281
2499011635
3085548434
3062014406
416605149
883933759
99558011
37011509
3181101404
531321149
82767364
3185170851
305946463
1228067720
1895793475
578434006
2147902224
3214741811
2833053638
3124517619
3207002410
2768267739
892160300
64057879
564288092
2255175889
304561341
789911251
3007928359
47798093
1939935332
2767006909
3094423768
993919033
2766924756
142492471
215505560
3155494518
190941219
3164366861
75049621
32645451
2941277922
2766777689
1362767678
2919736723
467924781
365822798
163595837
3148007435
2767220896
2881253852
31228105
3136503945
127639725
2223468097
2955562239
3118068359
3029557504
3120497804
2385133370
3072289243
2788504450
2987963531
2911129591
50320600
2934979239
3107826002
3112658986
473093652
1154232481
3062833098
157808586
36162240
16352975
14743606
465956032
3052199264
243237533
306180764
55604574
2992489883
1254346699
2427458814
2459831780
2694693391
20518559
23633186
888927566
1195823640
553810197
46684349
328241615
3044723941
3016640004
1667739043
158872911
17580353
33656784
2705583372
2580825992
18561884
19822834
1074580740
66110886
342802864
340160415
2896008289
1878987517
3022907665
441857409
155856706
2994773339
3029062121
2872846498
2986323503
1083376578
924437390
20220261
3029390199
1212305148
211405898
754552130
2809118824
2833604733
459451786
54981221
9548232
458375698
89557210
1406463926
280511600
53367267
965928312
2161115530
568797463
588926361
2992499106
147759695
1413388530
2907468413
2432815981
17630700
2888707187
2432796816
351953408
1462798867
1627852759
21832551
1061157476
2477380079
454436804
337205798
2970046179
2329502095
42988035
179203547
38449898
2831882710
2916696717
2277084192
2960595820
1009369201
878476304
100259333
2954280464
20958023
2741358845
173871117
1563400362
613830883
31579815
82234377
17757005
27597858
76067432
402630155
139806402
550148584
65776249
2804838822
302298948
20659068
2204422464
32126588
391779209
48094000
396628055
384510328
219483
1252427653
388605250
1862121894
1496251074
303506603
2918885481
71626061
114810863
338064068
2735674346
2923213842
2899218419
342209465
2852757704
529363434
59200277
50924117
1088130308
993690080
199736717
2826698512
410611349
216555033
23796946
1442792251
2861834022
500370398
284481272
465334000
2353933843
2476377390
1326849824
2199930441
252791666
99114544
1857009588
196443665
2875100110
930862201
14775669
2878889100
34407233
26965765
2873088292
240810075
2871560218
2598504601
2871787463
241669849
744368112
2865164507
2276943443
74480227
1671305460
495985628
1604174306
590044847
314011033
2888055764
1218075552
2885353278
43435712
282214922
2231298049
782963976
628260422
2845701778
2873622200
238459732
2460640746
2859815304
2365534211
2871064813
847268796
1494412664
2394353328
21585433
382231092
1864449324
2339197550
538558242
1524812599
286846976
2652237318
2818996007
269833129
319308565
2623734513
2383766982
269945580
442697881
280179447
2738007942
548713575
18086875
495281422
344541619
2517063788
305356713
2710161553
397280193
558001719
2266494480
248056874
2407041486
62189005
129181016
753143088
936851132
1976200879
388934617
532549044
823647241
1534662746
846037051
108448775
1352962327
239090118
1426447436
13904682
2566461987
113270433
2849473656
2246215086
2346289261
27308539
1077361609
80925974
2803872529
2842464829
2807304761
830163223
2803390367
2683140942
2423774460
30427613
183076474
1090060831
2753844905
2801252426
2468336666
2799333908
2827271912
35380933
274886872
15443687
69661177
21698681
458990908
421011610
1117661114
2362001431
89816033
2767591990
2800801580
573394869
1369471340
2798077992
298927631
2743904349
41429426
223171914
15896272
1042714818
2517817893
931313778
2334203424
20627355
94240719
346694260
411291490
2519181145
624712647
38989279
2680233564
1413216619
517630986
352059889
629475061
71655258
2753008769
2507073662
73548873
103622890
244005701
466127540
476800324
561648041
503978650
1520342107
1686805897
2518585393
2746506742
5707682
2701184774
2242681608
29842614
267852483
2567776645
46477910
2722739016
24046270
2712803588
2733886894
1335583891
2312416255
216456373
2695421196
191324869
2406096150
386185810
23427125
58010665
423132265
2512746356
89479492
586234086
2722183289
2721879400
336240335
2721868726
743074070
1181541624
624969131
2211370050
43497285
605096442
2655323046
18933911
202044396
15080889
1691638868
2652280099
111756200
67428003
388949394
2650418094
2505445365
32975846
2288809520
153099588
2215499340
2647717915
1428382069
187222964
1408901
94122405
408996474
2646670651
265674925
1593624720
1936283666
404029534
259787543
1965962768
2509254420
281279447
1026544976
22330250
2535034942
2174888832
1429050626
322234943
42366422
2607889441
2679932452
807865098
806731591
42481188
17801624
254763107
2455910326
104352745
2326170426
460762987
1942467218
461228493
2588568048
2645507614
1410933602
2533636962
2584382509
15801295
2475829971
43738542
187245132
828059977
1352533891
2540551976
99732493
121794427
970076714
2275311474
1439057773
711774762
351145655
2479876626
2355340663
2582169165
16596178
21814175
2552668614
2268404822
1093904401
705310914
2301797318
709208252
1615208161
634155436
2571917980
2533374336
175874593
209810561
41392335
1167225835
145789149
1546323750
2423563303
475469170
2355228746
137786365
16322351
1417363310
992094715
26008135
1420178280
49569638
2471622756
302784503
2401714386
1713056694
196360360
15190798
436398785
157912221
539352246
1925106146
121794348
492511140
129574737
16158528
256072048
2327186737
717950564
2383550486
366921301
2293960892
995800938
2453551267
2178833980
2422474159
2418383227
37064174
1243992169
2370883398
269778359
47880695
179368533
2419080222
2427951810
31491349
49520705
479111472
17470431
736131348
69180457
39727653
1344561223
127330021
429048439
992608764
15533279
419305018
2415511172
431842461
78812832
1610208372
53294924
176175231
37600410
2409546092
598471459
1324464770
2400540306
2379146394
421620962
785540185
90568547
27608584
18485637
2187240316
28723710
1025414970
1411823569
1711832334
32053047
155323120
61584704
40053130
400274831
1922840965
68938467
2400560133
2378121066
74500732
366873715
17885796
2240848179
2355277219
59804872
1605631260
278399131
321042095
2368030733
112712564
34283063
1076968543
13796922
2216543537
17511973
1051387242
2354741663
2361465851
1702171772
411678291
48490305
2352431220
878160498
1544095291
1206170575
1486419739
14960112
65813826
60446040
2263758746
20707980
2218755053
2324228969
1640608412
2290429026
523475832
82937333
1265949625
1707838988
1011887011
288376634
2288388653
1394879480
437839098
2309196865
464087183
308319714
24619140
53587647
979950038
14827344
2208988570
2233826203
22436443
2273712940
23284977
22367832
614290208
1282075002
2199984610
2270566463
874601900
1525342994
29359261
21824613
37330756
1462913154
2167437547
34175151
75314905
956112714
387359894
2263501982
561169000
50253322
1337453150
989277853
1553104580
1619793912
493620218
153505306
1388458922
1238031920
2249244258
481195207
382871936
303605779
51466343
854037362
1259083604
37338773
473179284
25006735
2230277305
25558855
259891348
2166359270
72589410
2228847768
294384744
327161673
294457673
1121187511
281711455
50582907
1362580998
787494948
29613513
22383038
1887606948
2205510702
31292139
2204519988
1927527138
14169523
233788247
481483116
517168380
1319816078
37910688
2192527614
80117089
264978731
528075544
631439965
32898717
1468215866
178787292
446904302
2174078544
169632292
316666325
421941680
87596314
1048610173
352263274
101957879
2169410173
1955568308
42891044
2165519136
166834836
1238609792
2154232168
1945383366
568366976
73051645
51276174
140398529
40194804
1366009662
427797615
1654959763
133078440
493489586
48406295
47964602
799159220
16358654
1959996026
292511934
1948895046
1955320675
56730238
405086605
1946039412
1894151676
262792547
1941429673
701764846
448478370
1934013073
1887476808
1927206391
17577429
542239920
1921683632
69705829
152955617
1141228028
36890388
1910706666
16432890
1862528322
1904319638
18385360
1613941476
145965979
517756619
1658685830
750864996
47905612
94921483
1890436046
33255907
1694409738
414520460
211893526
330723465
39292777
1854883128
361462128
1879548266
326621933
33433257
1691001798
204464927
16988783
1873087333
1864789970
1063951578
1530678584
302210638
628628464
160417474
298582666
27921459
184845123
187936647
1429180099
19307042
1633948021
383023414
443121341
245376380
20910101
1647797378
1797760789
1839712644
803650441
24450801
1273529245
101755286
13691112
306569686
16075327
49265298
10021212
1377708157
518235458
1752049238
1624019659
1406348154
1732260014
870291043
80949344
22186084
373776125
185345253
315677642
74847070
287882339
140907921
85424613
128966138
150099646
1440525086
1230318396
1472388614
1622601073
314093207
160696797
1617053994
38231146
270262205
1361514450
1061438856
400254686
20557363
126836391
16817753
911236934
1133767244
20255171
314336881
477386537
1554007567
1131848480
1377910514
1566923432
1676597408
451298365
1447556196
106781738
1685243274
1069300730
736002679
293241417
384530145
118843161
975862542
306407945
16777706
79474250
358218949
1179964914
542824643
1393838600
1471108194
1668974786
26472667
1568496446
1630651856
25152524
40746203
268914941
733688348
497642036
1653318079
1666302685
1666401716
1400686297
146030094
220220560
1617629586
1630961239
465060640
1658219492
1646831468
106041790
1639826306
142295435
14245695
1571154715
1458648812
1648181778
97973704
1636746493
1340650820
1325290206
1323362066
1642767152
542547859
162583613
1634388997
200548514
21740793
1072939567
615382268
359406096
75176411
193962392
385538393
1628434796
1086755401
1627982671
288249986
354466964
1226648138
1424621288
1543869727
104634156
1616544354
298508921
1571160528
1489542427
508102972
35328942
298619241
862651214
484480285
778341439
46879288
361572506
1418991894
1594111578
900252517
836833110
730958460
1525523533
1447041607
48273113
11086902
1542112812
75396469
342886228
1569234314
26582786
1560149426
108691936
29875268
327728533
555577739
18347010
155185527
1450249868
1321016070
962723280
284372496
1489756603
30853206
371051718
6401432
1491494618
15970392
84131294
1173237842
1547004775
1545250632
373876019
1528507268
378058766
275048244
1067325883
971302722
517201564
49115368
1051098596
582208128
1470825577
333473560
454484243
700157534
35116635
436409645
514941114
279772114
309172123
1487927208
204567213
17102526
455367384
809221705
373383247
1505940678
821725704
32695225
613102629
1470320497
201920660
1352749586
471615885
32472584
750728611
39964480
1486859436
18690831
153551571
1101758137
372033587
1467523710
251170230
91951512
1440702985
60603815
82218889
14290318
1059400123
81597736
1468706269
957315469
820333808
21953491
17619141
214026116
1449960744
15152164
26902904
944664907
41013830
323010850
1250116238
61609512
183048286
20681975
1392135397
483974886
1355030845
1164403153
247038201
212792856
900942314
284768416
503041679
850775065
621195822
787223437
1427570598
775307592
17469469
1259607091
38083788
558378547
974754584
627133932
1325946338
127706996
107774840
348049057
95593387
946789518
385142425
489582714
843747938
1141219574
32569212
1355589841
365786450
29975750
72617240
480812609
34316941
26730981
264910346
876080419
48098043
304452265
1033838696
508126888
278217777
1333333620
420744990
358531287
425219309
952363513
1173507066
43591373
1353931386
422522331
347971705
159715971
1315621574
46664359
36303719
367398212
421136660
1335310674
556194676
113563935
170903308
137339651
1381308702
449013808
291252989
1387517730
1387568120
1375080204
1140585812
401824454
1387626703
33188302
445013233
247574324
1273159658
269154162
58956890
16475964
880920739
1382463296
1020155700
297445851
1378922634
807111145
329106229
1154812746
40408804
15696621
710009923
1097252418
563944385
161876451
24985145
744762692
1197744582
232633093
1238020184
1362019976
35616990
1361034140
37841232
898835520
1358033623
141209597
62718728
168034402
7826842
460577343
1059408968
389702913
1278218868
861090636
245398836
249493357
26738727
200375759
1151136302
1189813422
294144236
13126542
1235477414
849807032
465076526
394447921
249933303
438780159
586883140
24191564
1309067395
23991179
334985132
609176475
1139440051
1258895358
260707398
1315543220
113697077
284099612
44542232
94456770
564225194
814566570
1300142738
17123836
158967487
1308996444
1272641539
33572246
403016538
1000542630
27374813
1168995138
995220704
1296181826
17693363
413044073
219563635
376396836
1141356954
404393879
891821234
256156519
609490365
410764506
853304953
212323439
87340865
33088831
360221643
177066338
1252951398
22402935
26077983
413411995
985792340
1230013974
20362770
148995270
1220116789
1269473726
979295641
23394691
1006908098
606285334
740725164
1262677369
19119010
63058314
1253973667
1220085259
310611830
55659133
354955649
134530951
1094585900
1250671884
17759748
447697255
7684702
508904353
14807541
182386473
14729154
53733309
1239174318
27579718
29952748
86659102
1231818032
313375223
220749994
46110041
1146934148
215190734
355012595
1199020093
624946395
50707683
92290164
1220817140
279354444
903557233
393499151
121856232
246961419
383463669
55029357
366212172
198622955
724681867
983611009
25942893
362915408
954648576
581988233
494325849
1206654727
954889730
577988182
26796125
71539010
111706973
23152324
1198549225
929737104
761279137
144644564
1193638002
148225331
371375428
18269348
15678790
190430808
112316416
433833647
93726403
478748354
611944973
125221808
602531907
1170150914
1046357358
150086894
123689096
1176047401
22349586
38339429
1002751056
493505970
27644430
583408217
407043981
60459871
290048579
21219597
208369770
480252737
1162169018
619976702
1070302075
151201617
85118388
110599855
25952624
1128357733
1160129485
432782219
161079888
73985533
807969218
76679815
556035583
1145481290
155340326
860660234
816518640
189710101
21571282
68198001
543414061
33695087
153889785
1050787111
43393417
811577850
333196713
1085324582
142810732
1146733548
1144111585
593892088
1036611948
941194272
1141636298
15839938
22994470
22313519
34710922
808507813
898807952
112585553
30056671
579789100
36338055
24847288
350046758
38322854
29764352
14975010
275665495
1130282990
1078322076
431391193
24763659
123965046
29894778
1115186365
1098634470
531932712
275350076
18938917
70774512
6493442
746264294
320770265
835038944
924731646
947218694
40787261
1053364873
499261751
129596355
1119993614
33573386
944853494
886547316
1109178072
392497331
291698254
317054504
219395227
1086700950
388469072
1029121778
273645412
61115737
1094688404
440222991
749113
25003306
552713094
1103542712
1101865530
609459406
1102500031
71820047
262799549
32829489
20880897
972548400
533374497
160625091
382440976
11470222
96212779
1083900488
604642603
947894131
183844340
46678970
183392753
903038748
80881361
855658507
79638588
449451142
516867082
409196135
21075861
477446063
1070325812
1069126374
27194201
86855593
19059061
228176840
14252011
67470411
6976062
20258917
127069806
285079917
985788134
42634530
636523179
71326712
1054091102
430830641
496295320
16745935
202283280
35867001
85622268
273421972
21906952
395418156
543444137
739643977
19229715
337974924
71230399
1038668065
170687205
876031052
26583764
24615384
374206853
292794711
1031873910
30761976
995139954
32182746
847462850
212096862
829056422
1016446892
311880539
594874674
1009963801
1013251016
196173683
78196795
515081899
942493040
280120234
865685706
87299873
424613307
552314766
1014203179
61814896
229732504
17750110
172148225
67758353
845792504
35673130
54291397
207341854
1005800418
188548020
307911018
280606793
331331244
49374542
864101784
68186628
962849708
250647836
177161816
94619365
289095897
23112691
987884826
20123405
25793410
45356900
720448604
190929768
487554930
256546893
363748371
125022059
589378535
326569138
17702044
588848487
887355686
9294162
168935225
585474369
93730971
284252724
216608407
564091858
307676654
344515831
71785045
299755265
11637332
975151381
864790310
15726812
72088539
5981342
971646102
89304300
96618884
29813886
23662500
956993353
385496601
874482588
917603124
140087479
14536743
596652206
147328549
50152608
28805181
947043834
633255857
910793634
157111413
30928236
170669943
946394743
561415743
558158760
487645475
540545017
272253286
301611661
24048695
376930976
492736486
311190853
898159688
78388085
733677637
248209500
754457065
28938783
919837933
275793204
251891979
921051672
924628064
67315820
170715683
17552029
382957535
910286389
635741001
27626456
876892868
331157627
274184015
493238115
876560760
312348343
897415224
257640449
292816834
52770751
45347346
155672722
353676721
903824088
27703118
720471054
309809572
564291613
36131454
883632319
373135517
893315192
127475977
474245721
873793729
888181040
150943726
13533492
403771971
15279465
14563449
874421773
136666127
405545567
223193606
887166606
745786759
87623341
24921688
20393275
60443074
33971564
24929739
389904096
22811773
231614907
55569901
753037406
97311239
191206011
355624590
368294600
104857114
92023876
26544099
873052969
50738044
872593604
38686769
777173970
22650002
26530435
868890049
257777425
22002363
186242826
226835174
48384285
169934320
65470400
15119981
137047334
427892809
283332799
25284737
383430105
491403785
270150709
56194508
58121012
273587111
575219087
38126267
20392220
212356384
292400876
56724832
584045963
611141533
553660490
842240233
217826476
852538081
228829035
306387051
553508798
143702395
213172245
41516992
577382690
109958800
116596438
797366774
16583684
623041638
710807880
222905766
173276149
26850130
146155061
249774485
514051653
18885344
450313872
37758317
571883930
148509957
345898940
81286756
753472315
311750730
49493465
48003710
562352177
23290539
846199514
620215976
811893678
474432749
843660138
490028761
56678074
272016420
723209682
836973608
29861250
618342634
622192449
35924429
79611771
174843499
802017392
16562005
567324464
57379692
819277387
627037415
273995439
815737632
20938079
737216390
193531587
253891579
584748291
57609071
354077347
460961774
807841369
765848162
39866860
801875634
431344413
246648235
306862382
382148652
488519273
42812828
419097533
709613180
95488842
344050262
25915690
771862471
22866395
784808732
27412881
15350284
769069362
592503271
14967945
552314049
361452538
198400004
558944909
225528744
333621266
622078674
268835186
632995522
296890153
355581570
461349970
591502609
756822222
751908924
751039273
235691138
29948364
190029729
194500461
20936637
364837068
50950065
407387986
503117030
706550400
46756669
374337511
46521646
378119710
17257233
19363570
440571273
456867707
32363890
358693066
465803852
201559259
55363871
261475469
563901058
221892345
52495990
257566497
58949545
16657994
624231609
121906429
416836425
45306949
339812883
43037096
588116325
627971039
631143612
28824136
710642640
21514700
222572888
569485964
528066450
229294231
625997797
28356399
609974202
635845996
22847003
41499773
626094055
523175533
27639866
629557258
634373754
177758888
417272727
223377547
36770107
578224153
628067206
253800348
362573056
40748800
47715642
593808381
497205700
41058153
395545765
620328282
83432228
417644809
148186963
80030752
6125082
491512127
220642475
622956354
460070277
493462794
376404474
552781193
619802492
79987982
16399887
23412097
17834813
318912190
618095347
18084746
314868525
56550557
567697706
79708673
220198005
586639418
33435334
1284861
606511245
422135135
586804313
39429438
603766881
314236515
54151617
515460467
606863978
569602964
68278938
305409531
403435008
511960737
40809313
603698235
240383180
564978691
512459474
18617191
47904982
545710617
352934310
429068453
456333579
594042110
594328495
593723759
367246818
90801295
179122054
591023706
591316644
587839255
16568486
15783218
498964077
398131493
58812592
544634711
394613745
338880142
584248940
365346812
575705277
46597439
576016696
15408547
36974230
14792673
43563816
250966632
100978355
77112312
28621968
291507368
137902474
537309350
14049011
68495837
577426099
353478982
572984065
113130513
59024952
262944881
568842240
574538075
401462015
113755562
393318193
201311445
19838498
289745393
571688411
282542884
557336827
29826868
434577201
545241050
566225618
257925610
414041530
568763104
97768783
184063011
339083924
15551812
324034792
98701558
212796838
44553186
135057733
72127679
300687925
46987141
193951310
107138736
555978425
25545928
11162812
361998990
57111886
250816738
119967234
470253112
363710788
378315174
459558201
54264281
77006682
541205884
314200150
8465352
474526416
548471042
35284448
308775675
446737549
402269313
111384269
544855993
14922679
316357556
529166245
61965854
410907643
19246321
343150136
19031473
70420216
537760950
415619302
96284632
440429220
308899694
32166428
153811856
100620126
531958952
428715295
25861507
218949930
320541364
504106188
423036912
149076053
428555381
13284722
507055607
87346038
73579582
323284201
324977999
117841825
126636661
286448209
478017242
458019558
454350648
20120895
519504953
312437876
516863223
480261498
164710851
468397286
327295173
476178538
508219152
309841846
422920738
507749328
72915096
505615824
95849233
427297795
57961882
270913633
491831596
468119894
494259224
445805723
303205443
490760221
388328034
482601967
174454158
480887236
14346304
193626134
473038333
448429437
197339976
36436245
17745199
45753683
274785383
446603337
51305926
267956676
37899134
492641200
493334944
468118261
218317912
56114628
70291551
361238217
328017437
456152934
479867835
324912759
414472486
58224143
309780933
455116038
401663083
388630534
27985573
403478664
336267605
466856651
18809472
41604019
101247957
15284219
471115115
93047119
404064011
207547467
426126698
468424138
32627423
376966281
337365051
50520435
452484544
135937381
360722100
266313377
293280887
16999502
304809947
431686334
226894445
335485484
86860912
170016558
142660570
471622656
472554503
16367812
241208166
51717761
17500180
463181295
37869555
466535644
22539551
447442475
430637722
321796493
409586579
461823288
61173198
94009909
200989722
388892606
459422324
105057731
454078855
413663217
121147831
83885426
456140894
288408661
132982293
270890547
154754242
125752939
426456415
349963641
80646573
14953532
447501525
220796041
394615079
443366054
414424616
48057647
22741868
448371532
35938094
432166690
446873316
14725715
32310937
16650992
73905444
137072052
305147666
443272480
49743977
422476620
428305914
436344470
424806239
433384745
241236624
14731250
15051364
26289181
423068449
16429082
327093807
378695192
434507932
347340968
50056817
8350252
8683982
76721467
373670142
310976032
251285464
32972784
264013754
56473163
305073277
14689275
384904654
122259166
128392347
163166724
426348417
407131634
58655680
114814935
22341209
243816910
22248690
15083078
47443313
152361731
336007282
413959983
357146719
24712405
274115809
416937584
11320572
414977432
175157843
405911454
151553126
390232067
402992625
34985470
15873722
288976738
67124094
14430086
260284470
405427079
143886265
386852754
408634310
385130426
386719522
109164425
193515866
406584801
20170628
21611732
34907381
12127792
198644786
161303914
17974442
90240528
395153170
189320783
295351204
289385640
288630687
51891770
294733246
312286681
16752169
101129472
215789760
196777778
346151348
182302613
35068371
24306534
394837603
15363855
392512609
381653682
12705672
394710835
69178011
6438062
177274609
140917038
155558014
214177459
392249115
28360280
29291244
312477208
55310913
296609350
391303766
280963103
218573235
389268043
21126773
362044496
23228151
370226428
379818858
213735307
23841860
7632182
25494111
354449512
25547265
50522431
162765923
140738341
201247088
304457365
384030394
297654285
325644574
340552341
233997777
148174004
341584746
381315967
143915986
380986396
158042890
23766624
376338236
354632335
297106007
174688615
299741746
302103277
168512145
350688242
147873422
274295702
358354163
18698973
290085437
298117268
39269552
369406533
11149582
26422595
288303744
35995219
19356390
369657454
152683712
358806229
35981441
60682338
188999701
197308408
359025399
17044894
78457174
364051705
271396253
366085168
48167199
23617156
361963717
153453961
349793766
363880047
356452862
32626001
338795497
83316986
26281224
29837168
73148019
352226884
340470309
254147170
40350866
247027057
246570518
154356455
354490145
245106694
356127638
229152282
40052418
148419883
347052820
103821657
243658875
17056290
37005216
116308379
102083458
217936623
18328478
348845943
303922212
313275413
73459486
331197710
347374756
322713872
14226984
311271073
17383566
116106732
268232156
166512519
217523838
133710837
343593686
36308294
255341177
39179240
304426814
341418108
239551733
287341687
228206254
74078614
309124612
22361169
296188438
311190296
29528651
331789805
280798559
160929070
36752157
335018588
288870159
313034182
18710564
41462198
333732915
307370533
330037385
306388787
24425843
25321774
294626767
294070019
284539747
16875732
272234793
98744192
322908511
56235633
135916126
110523550
46139692
322012171
321759211
321582366
14332773
21310682
15072749
17174357
159158860
282618158
286322043
22189715
40323557
13361342
17711717
115984753
21517816
245531198
27680898
49497068
62858868
311898771
80189753
249044843
38549111
232886571
35777004
254190033
217289846
39087360
224065540
70648316
15795337
5727602
23141147
36361864
276160765
19187206
32894846
19432097
302763118
309338934
12367432
304788526
118490434
20659126
16035406
255704749
302904077
305812406
34054126
176648829
284142268
20652660
29821888
240720341
300765168
288021202
254001202
262273801
113874950
18342649
52220602
297279176
28704177
130559501
22745342
20644529
198246831
278911740
274508121
31081562
237912818
116486009
86758017
221136025
24667389
28440647
207664541
78893114
230645838
16486819
45921041
273269650
11643812
257209120
21732027
279150714
277898533
23677612
267848480
159908535
281780765
39550231
232952721
60119728
265916017
29837963
259868133
111700614
20804924
271604751
279458236
96054225
276976114
35088177
16289716
233418659
272802770
274222865
15829687
271799336
61464463
13604652
129228078
132260656
235343585
142533079
28550357
145347513
35817864
211717944
253065892
75362308
174233165
180152801
268334862
267808202
83513825
255338239
40282219
203180081
196484369
215108208
254747585
265052462
201901645
173199610
157334300
232626587
236350244
57670567
17101272
251485256
237659069
31469701
255876925
240086285
179023938
34752001
125785522
114586566
214470721
28842932
248770692
163283674
16176674
175228441
248968105
91386654
14497347
68293745
23210698
260801547
19570073
17513981
14326522
94035912
39558905
250308651
52106931
80921734
109003244
258676536
17146028
116936495
14563518
22671716
159099962
17425772
30818383
33472080
104906508
163456116
18822447
73310442
190627699
15189059
166853132
21311709
28761948
214754889
194037057
79348040
223515146
218767442
111741504
18292750
102531500
235824074
40555175
27351327
62596414
158100219
26195035
119758348
244333305
35038857
26572646
22304408
63180138
244184972
14552809
88961864
21976342
14851897
38895286
116994547
22752559
234438385
222654667
224609845
216120282
237516964
240935200
59417357
192987438
93026341
75513600
239839468
178737726
45842017
224022825
224686529
15882988
40696781
79102836
237236433
14524244
60684763
31530910
175946527
43888471
160932452
217853667
26725805
16801928
235053298
11685592
208166401
16473460
51581950
41031035
50717212
57360443
12210192
217315112
27691696
35268418
226186485
174389438
226713935
133474481
131020594
67767772
7833532
179116361
169801288
148114869
186813248
48723840
19041145
226117396
82657993
137863753
18622427
156239812
86610556
218593761
22866337
45136345
225929970
114937714
198259170
201403236
62220844
22406413
51957857
50639001
36970438
17989953
199571964
155698735
49386820
117791931
142264196
134170677
206506605
191941564
152027456
54549742
32062804
16574189
151041862
18401510
137402449
123263650
177971892
63722680
137129187
191112694
19756417
155903558
212069438
14717893
32657885
156785569
19809277
5326982
57650121
25718274
20832563
24623642
23214448
160731284
197901148
139773056
18219246
24311739
190684722
14761079
20939563
17231752
25718238
148674736
194944265
194135495
21057575
74548748
157813580
187187034
19859768
17181265
182440170
74515144
16657637
188969997
91656434
188437749
166653118
19054600
163885610
37263628
156206812
87755988
133501465
23853878
21440792
28507954
19613406
47363583
17643007
177684752
16172327
69770723
131476994
34086587
14056476
147688429
131250021
150687681
15488026
16011794
22080185
16811820
161044743
34927577
169566893
32200317
94485569
140232719
20786273
18766779
18930764
16262542
90709605
157887519
24119516
91761481
119359184
85398378
46484144
19633103
135245390
97532591
17544859
24927900
30080009
27821983
151528374
20479372
76333569
10268842
148381182
151100368
148443197
26900003
26688301
33566607
148360844
55290296
33593189
25134465
25392555
65075577
18452605
146506914
138516543
50067554
139937786
14391626
137881142
44484303
16427414
135696952
45606805
135099251
17200711
47811875
64257770
28471757
85231182
114947292
129941963
128750448
47246426
37949410
52567604
43865033
10168082
34904414
20509756
104450123
119116841
91435255
116792807
53401659
41515958
11649802
14212033
13380412
70771738
113825636
35849263
112682264
30774966
113859863
113643881
34986843
19821345
14455456
33296913
76912241
112633816
94985294
32833264
108968092
109070809
111334166
88635626
66740869
109322829
88033230
70742695
103040620
18809912
44164399
57446918
103058867
103057708
103044268
103043484
103042107
103042994
103041614
103041114
103039345
103023746
103023317
103022812
103022269
103021562
103021016
103020162
36584032
59841237
60710077
31433420
67748167
86101861
16455137
16518494
19107940
17768924
30372284
15840290
14211392
14726811
29089205
25015219
29440920
44574770
17340238
61609411
37036394
94107851
17764978
17642448
7304322
63822855
12014132
89038428
85883000
44582108
21221051
18294973
23119671
18333506
51829692
74741590
18692858
46743975
11274452
1317
14108463
84860094
32124202
47811117
9555882
15758571
60494353
73135424
77223885
26372518
65230559
44672132
20955971
5448822
36339871
14109548
69193559
73365402
28108502
43022858
21211055
71943190
71942407
28009658
71071679
26241805
19564221
66767158
37723843
19927928
22862426
19041958
57838663
63531649
41844263
63533499
63540017
19575235
15274194
40243267
28009989
27807634
55866236
17206739
19596228
60484136
59869309
23472996
47355663
57429034
34136248
32883393
57484885
20193452
15294960
57734032
22296740
16109054
55741658
50808095
16727451
22532456
30576481
39405920
25728193
24158983
18262104
19308138
40052219
55166510
46431931
17027836
29752825
22397605
40600525
20728260
36377749
21950333
14539174
48952266
48492910
47798025
47586808
47683473
31835879
36645239
28443212
33823550
46558068
45266730
42449425
19037141
29640535
14471957
43125067
37480490
32431452
14675205
15386468
45376338
17471291
37510012
44820141
36145607
37696613
16342328
39850054
15103554
18664140
26640179
43302658
19345488
34553080
11429892
26434089
14657903
14660078
25085397
23562608
27035373
28487033
9432632
26793833
30793425
18029069
39571064
22822516
19101853
28656326
22807807
38248221
35404814
35590982
19892459
21528296
15942678
18495854
15187642
18399040
31340035
14557525
18537956
28258496
32453970
16567574
23449552
21726797
26910803
17304614
30060589
29733083
15329457
14376030
25774341
15859278
28171188
28869952
24307656
17537826
28377232
20858267
14050092
19213588
21877876
16302003
22518425
25177149
23072774
25206167
25680568
16633016
23497129
16687703
14709647
16950743
8082302
23678982
24044321
24384541
16778814
24347223
22991614
16341922
19284725
15732261
21676513
15638758
19615034
19925967
21906739
21817757
20830163
17071368
20670859
21369815
18033763
19768212
18504867
14419656
17969095
19830993
14155571
17432932
18501320
19688560
16223177
18193921
18083983
14987798
10348402
17639021
15792511
17419608
16022439
17142001
18478452
18355938
18259807
18251376
5848362
17709052
17118154
16733078
17400916
17386731
17233677
16002374
15170795
16045742
16107495
7314672
2123041
7812882
7863812
11310222
14319194
15930063
15992123
14670999
14494709
15491361
14564097
15620162
15615842
15611850
14683100
779065
15347337
14303228
15237379
14167429
