71691476
2949974620
3150109947
63237178
2304034704
2447368424
3240254732
235165412
3367902533
20748930
67973977
1525342994
1633348302
91880765
89557210
933873164
805489922
496633126
48831366
86101839
2564020934
1702228710
16231168
1047630421
3165258295
1877282396
738141876
1386428155
1121201904
208138875
2705682325
3328575009
623146337
3141712609
1271206884
2516824286
2603359631
1112440273
3288844876
3165284297
3230283975
633932554
1617920198
2316048476
64532597
1904428488
2473019233
156346147
3069886005
3156828167
2806294440
1702128128
3119179298
1536653420
587045574
172641440
3115350744
17353001
3105120222
2414866496
2331843821
475927697
3054119722
3087253320
2427458814
888699769
2923816369
173871117
1140275190
3049138321
1888182168
24910474
518723497
2979223354
14775669
2361507260
1573873243
2972151665
2998473961
14562968
2744360507
2546318557
2863329558
487113464
424747160
2612259740
2921784448
2260815797
2536835948
80956909
402630155
2824906520
18099552
2922285596
2382853022
254719698
310898116
29038049
443524660
69411074
231507028
1952336160
2829987785
2875100110
1943771004
2784195564
931006321
2851281069
28372991
35140691
407043981
2802418747
2864936576
42988035
158980251
392532535
2868222432
2866774045
10305322
96259315
300089965
249791795
1849890984
1463976980
36960204
2830715816
2799333908
2575281056
2826842581
2511579950
2363562906
2689823359
2394353328
316090765
272141779
2658154303
2601933422
2767427101
291411071
485597930
2535679688
1397833513
2709490398
2701377007
2694672985
2493100274
111851205
295035974
252193440
2676295387
2453289306
19711718
2642073576
25599002
2526908348
19457696
567091877
1315669686
2203719877
2508447942
17690747
287830140
1365450606
582391162
2530438436
1120799718
475393715
181324826
85025700
75249298
1241321664
2268404822
2470247336
50046405
2384304505
78122934
272060350
239386376
1164040386
2343573368
107723165
247627499
2188740019
20866882
743074070
398905741
502053968
471438729
2325725941
2468115396
1510469096
354555862
1948322683
15257810
70976782
2312727889
379416975
52593625
21886719
2394986546
1838421870
212465437
1723101829
2367030269
199055769
1641269215
452687921
2308704001
14993351
703561088
2388838088
351567634
259158858
1334555827
279071223
161774559
313051951
2411210006
431855632
18355938
22544194
14245213
714146220
278399131
241074680
2359825550
22674400
54826465
1969366368
342215869
2324228969
614545857
40293516
431744926
2365684398
830005177
1618740026
1589395507
15533279
11394542
1932627350
216887949
253712581
2352431220
2298805993
757623398
252878704
19842151
50619553
2323061906
1173701365
34283063
43762984
364891080
63180138
427341751
122177942
1029509899
2225449470
16860787
958889288
412690620
318166980
27308539
749325548
463140757
1631170351
847081
1284950995
1456518156
2282557628
2255686042
2283522876
1616119681
128184624
121601973
198267383
15970392
206339998
1850024749
2249862199
100103001
1328272640
546440283
557098282
33376659
46558139
1322747762
2230153232
2228509771
75686559
96814533
2217921744
130325746
2155056934
2205510702
570115750
230243509
1849548510
1927527138
79032381
1962483258
2147866206
1675861008
2168298564
84598653
982714256
20990687
1695206947
2167290679
1912018110
1945700292
37532864
1612104259
486895267
44449066
2148900866
1859256176
1068186608
1979223139
1951841611
322085997
183446762
974257009
145563473
711490918
1503451620
45742218
529825215
399605650
378094307
1599140390
557384731
488522362
553429770
187169407
20210947
189817101
1613941476
979312998
17250712
1735463509
1838358127
224074946
33154454
106793317
1879548266
1873087333
258605206
1674188378
289632208
593769134
213780199
38841434
1287647264
549476819
356302432
18767461
1597183752
552206411
30725767
1464753745
29044165
320162022
29802669
19031473
124356010
182029935
1606059037
1364201978
513248436
1685452446
465886559
1050719803
835849795
48552679
1647346794
1056071676
76851944
95736443
210134038
1604016650
24539231
150800311
20298465
94687040
95658688
1307501564
1630961239
714555356
1183787798
916627256
1329702721
1638703345
726075870
288249986
227133612
1241785429
1447041607
289727547
36439166
18220307
72636999
1629165210
405057301
19207563
1549052653
169171657
1072939567
59834704
19990137
191285824
167140897
593227056
153544563
824109306
1606675434
255922888
292459041
32146628
355563760
372994348
280169134
946195285
1365155503
1419720211
342886228
50494995
1458968618
188941422
1494412664
330574739
1152133878
67343394
23425134
86030557
555577739
18564577
1321016070
305814507
248215830
1548069211
1528233134
1485580345
1465779134
544004123
1470825577
195409453
49115368
505888450
475005811
1467773178
46145761
732555810
82800154
32999282
207488150
46110041
971302722
389188017
614856545
381374911
389605458
1468706269
93434622
313297581
1473566328
1482947851
54259228
1368096241
1464729936
36015440
136080767
482122511
153551571
1449960744
49745114
410171526
1205012514
1429562587
1433702456
820333808
63058314
90269967
515826653
1325357749
900942314
1259607091
1378650852
218498507
539654058
123959163
395008971
1425756096
17905922
974754584
40821718
760435861
65594160
14724577
344749790
1408582698
1164363750
143082579
370601551
787737762
237563775
1357985551
482542551
563560047
1170792781
326694117
291252989
1387517730
1140703718
1387568120
1390257468
356185928
278217777
335587459
1095794588
563944385
932233490
195082560
21987563
282800782
568550309
1302601393
87153165
35528536
30853206
24138375
947964092
178539683
27443428
306297722
1107888008
1346369024
78999552
561042522
260361653
1301334548
26390783
190711430
15824545
17164449
1276780626
1291987165
564141984
49979511
709974061
14392987
141209597
1191727412
558171579
367474958
323010850
35715565
804555348
358354163
356575596
1141356954
30542466
107163055
1176728882
1286043980
507098133
80820708
87340865
578792020
198284120
262473108
398999472
1269473726
1035903768
232633093
999276626
1244690102
1006908098
16949344
1037084538
1142712872
228701385
1179579716
1154812746
471615885
20964585
829551043
897636840
137008797
1245956336
1086700950
313375223
574669541
108931568
23394691
223562536
986738851
63886736
47587977
849807032
874767090
372033587
379805298
738904243
1131510487
271019680
414879631
48258326
15279465
253299006
1167360246
932646565
208369770
1162169018
67220129
348778159
279172748
350046758
54060106
576488252
339972174
848708828
36666496
55550773
583408217
275297204
6291962
314472120
749113
387140040
630792543
923110724
87376263
1101533827
36276794
16656215
545342120
610423137
382759712
1074014604
17596962
317054504
431391193
109475289
21134127
37841232
974735174
318060537
232935265
490201332
222071431
501156803
56707108
34697304
100853035
604642603
877905169
987252770
228440747
94461820
343492196
365720964
543601851
1008218456
809569610
17489702
184999927
872987604
92160184
326569138
17983306
10989152
178779744
1059564210
861090636
97362286
16190942
25375670
273421972
33433257
767384048
28421005
118828764
627792618
1009691828
1032517512
487645475
1022871444
515081899
858804846
17469469
25977284
831930217
984318541
904886851
226760865
72323874
874219730
501433131
932978558
992844854
280606793
862916244
129304508
407856617
230449617
870050120
915254270
15671957
21880525
587942042
15726812
962472494
266126767
17909950
943721804
349038950
432136201
326144014
917128614
719361456
131717116
206000129
619739179
68624057
593295967
944853494
480050626
591099428
256960793
468151590
547136148
326158694
515796711
56607597
22287851
34710922
16059858
493238115
96026218
591502609
487048449
776411899
856707812
48383297
265076691
898606124
44737035
256510983
440622422
487178849
633091545
883997976
559011661
311190853
104827266
830612017
804805561
248521394
818057396
71631236
60430014
442981814
868890049
169934320
794334751
634664594
569647794
792268441
548538335
516965318
53146543
82429219
727836529
208153889
19468598
123380048
842240233
278646626
22358574
536852517
284532147
145771805
16841066
540729782
152155740
571067902
22544353
241997309
562787769
345898940
135207157
807841369
774439501
211244701
743826542
596228755
220141132
51581950
376918358
758094908
87736949
206803998
91056993
705371137
370773956
771862471
417458391
24929739
260765051
758176963
14297643
227284739
556913787
255835371
752068056
23302049
82259563
14687098
748691515
628389562
89304300
72871801
501473992
98367782
731516520
438375367
713078376
43417019
532573662
191095714
380953848
380537132
19363570
632217146
308683249
537309350
19764985
360469665
721025796
384667402
38554291
243665223
237046890
712952917
32353164
629943880
528066450
60317602
541647061
56841094
625997797
706139635
91805701
635845996
17075827
244037561
272305407
393104867
20770149
618320095
532720412
618194255
113697077
388492811
60888436
31580676
395545765
550971087
618342634
413703158
414996160
304396720
260423869
23259586
17500180
556970555
614794165
517839583
603766881
408169249
29858496
334849558
516867082
564291690
43631720
403435008
565630389
603698235
245349682
390353191
413259505
600076767
199143804
404819771
96284632
115068678
594898373
594042110
484879602
587472711
430976274
320751530
544831935
521264284
524997168
140561484
558848954
41539646
577426099
337148091
576222557
21247280
574538075
116945143
572179630
571688411
307610221
282542884
557336827
18093423
67748167
224353014
316357556
569738331
556126836
414041530
538570335
504885140
425219309
363402909
564291613
274508758
510385265
148504711
114789363
553043690
135532251
373974982
63626312
451636377
559223740
115813132
403016538
124437972
509180239
551100319
374263497
473033627
54264281
539080131
191706396
547079127
446737549
203802011
515797163
48229652
518064586
102108627
338880142
419772129
537760950
537511665
527683814
308899694
521840128
100620126
361238217
154405752
521681553
263518338
29142476
54733626
526931356
316832974
371375428
443059456
183721268
476064568
76041936
454350648
24037808
516537858
502287094
14141570
464651865
16485177
376345579
498964077
337114260
509171329
55629146
405763341
275665495
507749328
178530998
80996393
436045478
225689424
343150136
388328034
482601967
480887236
487697081
264559984
473038333
101650645
244742011
272699463
394453341
51305926
165275647
493033908
37899134
60918224
374082977
407486693
56001635
487789099
197339976
105715327
455426115
451126644
456152934
428107563
487955154
457052236
484526992
279326195
486494976
455116038
192692778
397477149
122982766
381294997
23274210
330354472
404064011
58229033
96168463
18435759
378210928
309764521
12831902
456222099
14615713
275794208
475428441
244289533
335485484
431686334
148827184
405562492
413445266
170016558
22994470
14234493
28273614
54291397
316837194
440237472
471707810
18214188
382871551
115139848
18724232
377631270
43556684
61855304
336090576
19832913
33175976
453999675
463181295
121635436
13306282
233845192
447442475
174843499
435368535
224609845
11351922
461823288
388892606
455385392
454078855
395077774
288408661
308480227
132982293
452866848
113130513
350770312
447501525
247471310
42923372
16983361
292903335
292405280
302841426
214662570
161876451
27380185
9493542
139744512
158589236
390804495
180025503
21843510
415001805
408782365
335518625
157309922
364069306
42646960
434738008
55693416
15683966
248022226
22341209
171299516
82316132
220194684
23615900
76721467
70111198
316807836
427379448
202283280
384904654
158041798
14169523
14398735
353529688
338326105
22729482
333833759
14367181
261964462
37993590
312437876
223478299
7043522
188409289
193044622
355636393
58853343
22205693
326871819
102786922
125811915
245398836
333041053
78268784
414977432
214813256
63524788
237912818
26676913
414536572
360989088
217523838
357146719
34985470
394279253
410431902
282790319
43204154
405427079
143886265
160129399
145969914
23402738
408184735
408634310
385130426
222507666
408076893
81633168
48819973
193515866
406584801
14212360
404967797
27169986
61815583
16909185
199832439
380691077
233295439
6997062
189320783
180160760
126636661
48790189
21626824
400223688
399710838
394837603
387789091
373584219
397501030
389599225
300228259
32143283
392350277
108073065
237972160
297390716
28360280
304457365
13834992
340672686
389268043
107311119
390238362
15882988
35620485
322175372
41121481
119389404
15149840
358741333
25533468
213735307
341910374
386730773
289385640
49940466
358976988
351933948
214675085
18767537
159099962
367347921
352743925
373849705
16196590
325644574
143915986
300706429
381296383
111741504
158042890
155558014
194719748
53932500
176129315
378263478
378996179
168050343
172457982
296609350
71508775
213083248
168512145
50444765
372564467
18915867
48184025
174688615
109164425
251117440
271982552
252314956
14784724
285689128
297106007
361320341
320305276
133431287
192750374
100277367
372072213
110739746
127393694
288303744
21160860
194587229
211846165
239096851
22303547
215240254
16965547
321152869
359025399
289851280
267954402
364002897
23492772
344469758
162171111
87623206
255628687
79828724
35719379
31451104
362607808
358782108
252379105
277616665
292946919
320301823
29891597
40350866
312029599
164344313
181828536
353014809
79573141
315431424
311271073
271730233
36087646
300219708
22248690
123098079
103821657
228845147
20737615
53911602
23627345
290292652
191831122
112034865
343813722
28870036
344278963
25549050
306664508
53787571
87758292
247392783
346966343
285670262
154590922
16828372
215010339
106757613
14083276
23617156
34797177
40602045
14125563
53250228
14828068
235670349
24570198
340484895
27633606
259843545
46044330
339276903
335891723
339797806
197612157
322689511
318224102
14404184
333084133
42335014
64695669
299405039
337832620
337730232
217751793
38897241
21354462
328855505
147795343
31572658
35987310
327564827
258378316
167206803
46664359
285133305
291624360
304107084
83317369
216587203
37525207
250203117
332917137
16745935
17400291
305871405
297424409
34835897
188999701
326304373
196647588
40481767
28440647
223340950
10057582
172683813
313034182
17546862
10223
301530580
327569543
48110818
326869393
221577341
259562760
308711265
150467740
77315885
301509923
138530516
26810542
19223723
309706995
139536867
303991965
74294502
16712131
41873442
29649620
188468841
322012171
97474610
22945514
311141457
55914442
320945927
252266008
319704024
304510616
43358732
241118836
288177440
47206617
221700048
221752007
221752043
36661204
221754127
16719555
221746494
222848220
294070019
67044683
11637332
306388787
250396683
141515084
16334102
309279790
15416736
298115114
314595331
126697440
36879795
313907481
249720155
15010777
277271097
311898771
18151975
297187658
173487260
38157609
17537644
17179870
64730935
216593056
275725803
274249463
27680898
305296124
23549088
203938295
31197824
305767714
109166936
21757588
38664211
264080608
73442845
303907347
23474255
296869900
304411233
18341432
72319364
299128265
301572092
151041862
301273076
301215527
301057955
140219118
287192551
300160066
53128289
168783827
161025692
110523550
145062902
88961864
144692356
152479607
292603305
38895013
123583134
217583784
106302043
34075344
14308404
31081562
36927039
1495901
119294700
60621484
246405077
31409264
291507528
30155016
291395912
48255331
236198310
97546960
57048987
237971587
193905155
35068371
45921041
163456116
273269650
288263781
287975544
83257171
247097220
279150714
156349552
17387247
271604751
197540061
22271259
197308408
181193802
285605315
49427560
28017930
259669649
284641943
284599309
27136797
77384554
284126305
29787193
15975215
281491529
254906300
282317819
282166961
91923415
262218470
28704177
256645553
1088181
35315865
233358828
245447208
18008755
70899833
51049468
17746292
146064333
276976114
168696336
21093301
276228167
260950151
14602076
257164258
54280060
277020728
48184822
214754889
275942773
26572646
22638297
85424613
227536515
263346886
273976378
274017867
273341612
142533079
267002310
18084746
211717944
269320843
32486097
152739498
35561760
73043657
174233165
121169584
234271918
126369196
13024262
104230630
25644333
93084896
239406662
133000351
268334862
179353278
1473701
264571799
19629551
201901645
4937061
261722168
34409743
108880030
257929597
40282219
20641459
251914549
217814831
261586078
165120532
14420911
116833234
94035912
216794829
258579046
31621228
165991872
256986867
244683866
217531561
222086413
15819415
234651761
21429720
133710837
255295283
221091788
165624550
254247897
26090432
25174451
109003244
127391537
123010710
210926477
84787307
28753677
48026514
239219927
20972987
18998656
17553486
159060639
179142694
110624811
240234147
243374209
246495801
25482681
235258971
216033960
10822452
125515417
30180893
73310442
88670216
102269651
15919556
235698802
39850054
242433840
75362308
239166642
241566585
89975589
232182417
216120282
193573806
58791339
239259582
56276865
224353426
79344520
194644771
14524244
88751446
160932452
18148560
128369488
13764832
220952329
235283591
231120966
108391366
11768542
145142320
42383845
173340973
18298769
42782011
33358465
100696471
113101599
15485304
133474481
46006593
99057164
169801288
186813248
30818383
226117396
213535421
155698735
48268109
225031185
218593761
24371349
210754356
225197487
37219294
24640429
166584208
220229148
92073417
14468635
144092570
223101523
204135638
151574328
27567240
199571964
32548870
123263650
195228094
45842017
135254970
16515654
21355409
182504641
206506605
83091767
96627117
131528998
206070917
208660657
96786923
60996421
18559267
151312807
147838199
104501592
72883569
177971892
19511693
25003130
857141
117791931
33500146
25718274
204393330
132861264
203606789
195320337
202269592
69305732
90256128
112577728
59722579
139773056
178027913
187814909
16755205
173921408
175804231
197471913
197901148
190684722
62220844
18930539
15829687
131298195
14577835
197491022
138516543
173659212
137881142
40052418
188915990
195379541
16138076
95758994
54549742
134930804
17822556
22915721
115404733
34136248
36308294
67704408
17577560
34821968
190384222
14484418
17181265
182440170
149065454
183605602
47811875
14218390
26573545
175302871
65693050
20939563
186204136
188437749
137055561
81138450
15056465
47586808
16305752
92542951
20644708
166653118
184058148
20461216
59103901
154800013
103013627
22518425
16521811
89802173
161007666
175882102
152369572
38895286
102788492
180466062
37723843
177684752
83893974
23672843
22671716
19633103
18478452
157813580
110630925
25062806
131250021
156374226
49521135
143636282
83634563
155657520
28443212
94940001
170535462
60468248
170400443
17929934
39136457
123865715
25718238
119043314
16953480
21906739
61268115
17044730
19052570
166191690
21596811
112351430
20420945
110781962
20613914
161706899
145937790
23798980
14103505
146111544
158542224
159202036
15705987
123138207
16163776
68590787
57528569
152271507
89025892
153624723
24520485
151100368
145388978
79422226
137436872
147554312
15378734
55290296
27319529
25633162
146590429
36376149
75079602
104526382
42271492
17343006
26042726
102456700
20981716
33885791
84576666
101728300
22720012
141470955
103151669
75794540
17066724
76959901
20268506
138639838
138322381
64472144
103987714
17481017
14339976
136475799
43460130
21722990
102714187
116987745
45716698
21440792
115153750
25728193
92835653
19399372
57360255
92413002
68135928
108176242
48621324
47558274
33926341
26766435
131345973
131320247
131280451
17563699
129941963
84103800
130543769
110595656
61249740
130239693
119083950
129042537
92531520
88674828
11149582
128389171
35579004
28774235
36351117
123920849
117317083
9714742
32538235
56217605
39377814
19791948
49163877
88728605
79865460
31513846
110609917
80595921
46322296
32692078
17206739
119250381
17021120
61041940
14141197
114242622
50074068
14363699
15716400
15964047
86609874
84480698
49969193
17194090
94467897
93026341
14662016
44915459
67164452
102789020
15980526
15282316
83676464
109932080
16738787
116297323
114940956
23267290
105177172
43171346
112772356
36950455
116076592
113390411
112682264
19408471
16050032
35085169
95967455
32062804
58812000
89560236
50278711
40282577
1742701
90955665
15694863
18504867
37012547
26568333
112769593
9548232
67804073
17342973
1330251
55259925
74587198
17902320
108968092
109070809
111334166
17824871
66740869
68221305
19157813
56736299
58019290
43990602
108075202
106229867
18148738
82158515
109487211
37036394
42080417
17476935
100267449
7184
106513434
100200127
80606953
22718407
87599437
35758171
14760981
49429930
44164399
86178147
41624358
16562663
37315985
99742444
34877354
82553597
17721569
56004404
75265776
105858672
41679913
96885229
101869978
14675205
31433420
14533178
20644529
24158983
92856696
59599207
14610645
35849263
15117424
16455137
15248188
30760102
98600343
49677564
14212033
36131454
56788628
27006975
18801560
97364518
17122755
56694282
70292433
16858606
23321692
100077049
36465843
14451336
99991358
68379685
21530128
98316277
16852001
92558236
25867779
14863337
33726380
44481034
74214232
14912789
80685513
8309282
29251122
23472996
88694080
14167429
38983615
52106931
93309593
18244332
68868114
42459133
64810684
80047645
23626062
77753
70477177
13155622
19475375
21149736
27015701
9005602
28378869
89290073
89353855
30744756
16495665
17277902
15860016
89041976
77051236
15554107
60932020
15498461
25036817
19897004
70269632
22925042
8746882
21838233
17108182
24229625
76075573
12203722
26326409
5618162
67124094
17123836
87622972
16809682
22290987
28487033
17014773
91889462
18850600
46943605
18294973
90529953
90298116
38724937
73135424
28471114
85883000
63552808
59200277
18501320
88268780
18333506
46940279
78633151
18692858
54926726
36162240
74741590
33264501
17527642
61258766
25321774
18879979
18690831
55703572
17790669
20102364
11274452
84495453
61118465
15960540
34902379
74307325
17513981
18251376
44801719
24590647
21355422
20489393
650903
14693927
30363291
80880648
46743975
80500788
60101591
24741441
20290668
12524522
64573672
35038857
54530751
67088902
384812685
1878987517
399127824
17564899
860355672
2799333908
18564542
238188388
278399131
2241185238
836065736
192716362
203073758
87340865
309124612
635845996
620246007
338880142
415257671
454078855
52426212
82316132
202283280
394837603
15488026
7038312
3228877446
17809655
3289105505
2915054312
2477563633
3190480285
24806397
136401228
1196702316
1271338237
3178329338
1878987517
2727984110
610547449
3125291153
3105120222
2408535366
2491577408
3087253320
2427458814
23245625
3017775095
2988325043
377803778
3021086845
18541756
18644550
390968854
402630155
576775721
3024564323
2909845340
41819538
21125666
33518407
24779300
105121230
46051059
481813071
114810863
190960735
226823350
260582890
195685199
61650952
721026242
377497721
1002488438
14137838
452508291
2790207163
2915877788
178889984
2690876544
1378449918
248267779
47779273
361040826
18733006
1458509282
2857747119
25724916
2799333908
125103088
1155049332
467067668
798442806
2512746356
1436055816
2715624352
2594954610
2289579647
2474094619
1377654290
844315279
2550010795
17183587
2433662844
2500737168
618685072
2491597886
2481983263
2264751060
2437469964
332219095
1679756683
575466785
2422616660
2415697970
2301549143
2303197170
10123812
278399131
21534806
1321016070
372697660
2199494760
2254444806
2218969248
1488567992
2229560654
2220100441
2219526950
556727144
2195582828
479348425
31175142
2160825133
758974580
38527444
22290688
1933866608
34710922
1902549504
293058328
1647386222
1878040340
549476819
213780199
1525342994
1717170842
801089827
1677398162
1660345117
17093617
1091214380
39510968
252744614
751422774
1485580345
561689332
1482947851
517144146
378921358
153551571
1355291960
1338482184
297400092
297428250
1396148288
90598372
104224509
1302601393
557744423
1107888008
260361653
810302923
141209597
570467726
22638297
87340865
136937865
897636840
326144014
37078759
1203194660
1035771751
161876451
973566319
21898041
407043981
365200138
1110601634
1114823323
978649674
302388207
516208780
273003819
116823682
1050724652
1046343559
863949973
954982369
960814273
126028600
107882300
140134272
401022173
349819715
84436450
73829977
158714325
939471696
938516688
326158694
377213248
924601304
245730076
197901148
440622422
20403714
443803826
239096851
16738787
828960072
802290445
88886666
773091824
320927221
746907876
23098595
586257477
454607463
49992096
19363570
729027504
499545159
712952917
625997797
249290275
637015681
456184476
565630389
624402851
161797179
334849558
607061595
603698235
574891147
377401272
27662586
20833544
19993086
601094122
429068453
115068678
273694992
76359975
259873788
15740653
212712185
170016558
569302640
343341113
386039037
364421457
414041530
20653637
23646321
52065430
18823209
216615193
241191600
430976274
542239644
59785891
49115368
453550249
542551065
149894219
451638970
338880142
536163952
534002696
458019558
511918898
227188351
464909975
452484544
320171468
3066771
431694686
478611317
431686334
302592374
384542197
137208270
342644291
7434622
408144822
18730238
20865979
202283280
425655518
357146719
147610025
409541705
385130426
46664359
240143685
193515866
84617554
32534181
394837603
289385640
28360280
361061234
21921467
381742209
377995993
163456116
109164425
45604304
287047707
40350866
367042898
362969995
292946919
312029599
67578950
36030521
346010781
159099962
334099894
331249178
326559771
323684718
309053555
322012171
58791339
315775449
313700021
309643778
294070019
105242077
113335131
45921041
278906906
246499858
31081562
103291127
26155270
267848480
40282219
76022477
276976114
278228967
278918349
275852512
265949344
150001616
149998255
150034474
142533079
251539051
251556565
251554344
267002310
268334862
58476986
195334205
55441870
211589627
97546960
184113597
216120282
224759697
86610556
238201394
51502583
238277220
108391366
224466126
232159229
118395842
199139954
214050605
199571964
18504867
122896097
101840172
177971892
208853761
26385846
19041958
15629054
54744511
135937381
15009049
749113
182440170
161007666
177684752
83893974
28673323
173659212
2737751
120103813
128529975
24119516
160962446
104136541
157337588
114819429
127875820
118435356
76333569
141773329
100551513
151100368
12808192
119154125
55290296
82830519
111649179
43865033
14925532
17194090
85862291
111358239
113643881
103040620
44164399
106771265
40868243
103058867
103057708
103044268
103043484
103042107
103042994
103041614
103041114
103039345
103023746
103023317
103022812
103022269
100957383
103021562
103021016
103020162
74350906
31433420
67748167
102319736
16455137
18801560
52106931
67969917
1221471
77307339
30106940
83897400
73846724
24441222
16141541
5618162
66075531
77314206
18537956
17920531
38032573
64794852
19714624
58961227
57473305
73408734
71071679
20175361
19927928
65631922
17066401
61528824
63531649
62902733
63533499
63540017
18248631
44387718
14384967
42850829
39612031
57870270
55969936
46651832
40554545
40052219
53261533
53145900
21227291
24826911
22539532
16347615
43040154
42704823
32774284
41830067
39367133
14754876
17127165
38644952
42518876
39836580
42507945
15909135
18767711
25236604
16212511
16050032
25091687
36350180
28487033
23233999
25122652
30946715
17967259
19122144
20568018
28987178
22916985
18365744
28377232
20858267
18003040
26908675
22518425
23901967
18864393
16722173
8065242
21906739
16373911
17343006
14755594
20544405
17136814
21655538
18083983
19833636
16392327
19915351
17934376
19457247
15283734
18787798
19308138
17885796
17824572
17322555
18520052
17639021
15058321
15245757
17181265
16441584
17400916
15067280
14675205
874
1565981
16115393
12831902
16803385
16710154
16724528
16078774
16699046
16120251
10322862
16064416
16026253
15694188
15407944
15930063
16017360
5848362
14708801
14677852
14670999
14526679
14909610
9255062
7759542
15456424
14792943
1742701
6125082
14303228
14664565
9543092
14500190
15022363
12662472
14850557
14931019
14290636
14841361
14552827
14777840
11415692
14386089
9979352
14264278
14456271
14450143
14435376
13875312
7879442
743763
12765532
5624682
1301611
9604192
5329582
14221013
811261
3128101
3308171
7217882
6450322
9478472
8834682
8255522
8354052
50338854
2949870969
3277493226
3271490005
3044940903
2822799425
11431142
16231168
2434619406
484785042
186166586
3337317748
2586070730
2603359631
389742908
1656710258
2492272837
720382922
3288844876
3254438872
1014480217
3238944831
3120617587
48831366
1878987517
755151780
2708135323
64532597
2904968423
127838186
520921872
2942536781
16462161
2776867705
3085389015
188017902
2435533542
2600254212
91667718
366900223
3110425445
340408607
97810004
2427458814
3006657316
2232980036
2469903954
1002444625
24828907
2317091708
1467239364
1631747528
25086747
3020246145
581960414
422292575
1262439871
317014147
599749152
2162670752
401562795
260582890
2880380741
99026766
2969615121
26885653
309955761
201314906
778235136
2949995479
306447459
317987266
459534627
1669771938
402630155
2920824843
2912831846
190395241
2871812030
2514232795
2338831961
2798887335
99144994
2742384685
292762246
375195439
2836471124
902141551
2872240484
1317620809
2851281069
2859224843
1323564614
1158503647
38449898
2848973739
2866774045
324090597
1056013711
2810654159
2840658583
205050471
2730819988
1209141906
481361751
86572222
2799333908
716843253
2750384863
1134864078
2794979040
65424541
2792895103
635588197
2745245604
2327293646
2693574361
16351776
503161280
211608762
1129170108
29391396
381374911
2226491683
40337215
354641582
2479903974
2177280720
268640326
143203718
2595773911
992147906
1606029594
19229536
1961754752
15607043
2533636962
2528776656
2572535684
2573190320
2535531242
893232636
1939427586
724012465
135651619
1651252898
2408430606
35627918
1066635066
2385853238
730564836
355248491
575609427
377169343
2475766626
121794348
209255084
1538743472
292464924
2465814534
2307550430
413345460
378957043
1510469096
70976782
57367844
106505325
49861236
75323440
53138405
2294188080
2282303263
2498053911
2429097374
579323131
329115473
20724761
2231911315
45330391
362185857
527962687
261324132
2268404822
230364189
2385164396
21705834
2414485121
2196546632
1529532415
51521484
257489879
313492980
538423747
1375290901
115472116
338746305
2388079740
2364190784
805275654
23143256
95480471
15747984
88986371
1316422922
278399131
2297931254
2388404164
2303246095
452721884
308153157
276663538
2287008956
830005177
281051679
1157556403
962665298
2356460448
307469338
2282836942
2355258919
191941564
533426135
106183061
1472239015
613076057
2316259562
44810539
2329244443
1321016070
1858032428
354246103
919166394
1444320248
509132783
1155074984
2306799655
25833827
177774371
1164363750
2234713051
2239124536
2225449470
247724651
616655185
313505097
1961695603
276820934
2159221788
844842019
1284950995
707258851
845902214
2257021821
2192513305
474379301
26067810
380385181
519555032
165622748
274844952
177563183
1597239391
1376602711
858510060
1499361558
890887123
90713970
594015089
216868729
262296317
36008122
261424607
62043323
512158343
254719698
36547074
1364659998
26537279
2232898874
2231376162
180588890
2232490394
203253056
2230397965
1413536778
179920860
277600157
1138849760
274154053
1861472630
2214869630
1050996631
2152227650
83940575
246126522
36168191
2195087064
1927527138
175398502
33982145
1855454905
1687535016
1961129809
291233716
380578668
2163353473
303842212
1520596244
1935876822
107863669
1180312484
60981481
386340887
1154383850
451443359
714315799
1084529678
234057437
1606466120
443966552
991352736
58881671
35001343
172767677
126983661
100236595
196522106
829056422
2157567713
978862238
1612104259
944627232
1068186608
518713058
1653468684
149606056
25488111
565555373
1946878776
20864660
33244275
1966890349
88200469
813337388
484912811
1651081813
1724869015
223895291
440499185
449998267
22495686
108832140
715368262
23885672
329615676
112231435
441048869
71197622
566727599
255316172
247433896
166672908
40504972
437619189
62882246
205795567
278741336
31900793
157232734
208742975
23217401
1347989580
519851240
305895158
424600342
43756488
16639059
158829277
187944384
264390104
272902561
208147891
1002352345
77929025
1416169716
85470572
1944421022
87344998
161414989
21732264
1583890434
32250127
1063951578
43574828
119097749
515009731
1689723163
1430897887
84370925
537471498
75120412
47331409
579146300
1855441640
1636533264
555019353
1649186623
635546875
568657528
29466564
1733869122
948855144
53787571
213780199
1633478880
948069584
16562663
549476819
364217165
1088063131
37167348
870109729
304110953
106773336
14834064
901776295
1531871191
153544563
131278910
1663206637
1625668536
57004182
134930804
1423623079
24558299
461393036
1695085675
40551691
18026554
1452117176
280179447
30925396
516734016
69318283
1638373651
395410238
253767547
1220297959
1545758334
1496596286
182857540
1246396178
272122260
1311590630
540846592
1475603113
885823801
1148168628
1685452446
30853206
973990681
114775333
1325389393
284589093
33581535
70156027
314866154
1643877746
88807692
409567111
525984544
169171657
1180845114
204908384
1006366956
85620101
1321394587
1398584012
147698398
29256961
59707409
312302214
323010850
500189202
947894131
16583767
323510110
88277627
950046062
1081620072
288408661
126616184
94018401
17610945
1112440273
551879848
1573873243
64767085
19781942
120206023
1382456917
74558025
475337979
30463299
1651122876
96185001
1662485388
55395429
563560047
1202955835
1548947839
24539231
1419661338
21766998
469666190
584150686
28190881
19903018
261722168
19672199
239722812
355596373
946601623
141972844
184925492
135877178
1625428129
309198169
1308189588
148208432
78334177
19859768
450799156
300499046
1525342994
1529715206
44848582
197845065
408878790
1658194495
797952450
277748215
15374174
41655480
507316994
17496252
20791294
863501233
418830106
34651221
185913743
266714794
813967590
19925750
16134893
29333772
586823230
373027846
1372889448
1372995366
29002806
869933965
30475854
59987914
69356392
257103476
871871100
212323439
26796125
288268474
72636999
80845534
1216433400
498990636
21857161
156779416
44725618
1597608619
140924372
861090636
1362458540
313923956
1470364141
1494412664
58518852
49979511
1116999518
19031473
919001886
98356195
1025377500
1220143824
1491775741
460744678
430337931
471073215
20794163
1231150304
87763349
1391813550
194655359
1168389169
156755964
905510347
748666453
1601247906
726535987
37124141
288249986
361786511
404819771
230225372
700068463
315955228
201815081
22215540
548538335
143624123
24247824
79837163
955300165
170018530
1145538426
866859098
1081043826
1263298969
1038676754
991328431
489686479
575831717
25690056
338531502
1167503413
1400085356
49382039
720800233
1612581512
1129227650
772294584
82928898
604480742
1380886976
382690412
1604492900
58788511
266986198
827248585
1517908993
31205525
1626436046
34648296
1491319862
22075828
310589835
340552341
174499955
1589292859
353343107
392655053
43564183
1539171829
1537489932
1485580345
971302722
16892009
1482947851
901348998
1428489704
19218988
1449960744
153551571
1455952123
1452488773
15068399
60691727
1080643448
733253238
290815058
974754584
14579415
1385325355
393409725
15681306
1377338719
315914263
1269473726
291252989
1387517730
1387568120
343598276
1302601393
146886282
1318730780
980881680
34710922
1107888008
1141356954
1344466580
260361653
1278218868
43299791
1337384834
198284120
141209597
1262740238
431391193
355429330
1152302712
33880118
127054665
98793924
1106770741
193515866
104148534
121601973
313375223
516867082
1191568242
254323118
326628764
1170792781
1183132393
159099962
119083950
372033587
407043981
269221749
216793344
314093207
276450856
403016538
1133263302
801606906
113101599
875120545
859420290
218985078
75375980
835975932
559011661
809304300
354386610
992308724
1052235716
610423137
336091487
432450688
1057745762
275665495
1077
995655854
177702679
1016414281
776595961
574288926
993033158
503398472
787353606
944853494
274074023
771862471
432136201
910661737
917128614
584843128
326158694
921368983
848996425
600521484
16678888
440622422
132405646
883997976
533578410
804805561
16059858
715716110
849807032
868890049
564291613
145270009
7980452
17582484
516965318
597831058
808846532
821516905
48996083
278646626
46987141
755735599
798732517
52486610
337835692
25728193
470521892
68727155
589277968
785042880
112034865
803646373
18322785
528251762
95488842
45866652
382160660
777979249
388892606
591502609
129235890
14126111
73160669
21906739
493009826
18333506
24929739
543965460
603698235
628389562
234590594
126531508
586257477
563691118
32353164
604727780
589603294
214092754
19363570
730115540
53436897
627792618
629603243
528066450
487869395
635845996
625997797
349181841
634873522
571934039
532720412
614737523
395545765
410838810
340377293
51888098
213754594
178713665
373882901
39878894
610036119
334849558
573681842
485040303
360252224
33336180
25848930
16208389
21580102
600099976
86571676
407077582
500994160
89264112
17196807
556571835
429068453
96182178
76359975
233997777
20770149
447442475
170072922
539338456
147310927
29118968
449435831
577426099
569508446
575659477
575510329
574538075
468963956
569302640
23469820
553244139
173723210
17093617
243020544
66621948
414041530
496068830
542152725
34913959
153965001
178815134
559223740
263719312
546050178
268334773
552296005
183027673
54264281
17509945
49115368
343150136
14562968
191706396
361185510
396094750
458810217
42495288
338880142
134849637
350589773
39925117
26435071
441366899
27633606
156529169
518064586
65843758
520414736
517973074
528919426
527977655
302967450
30818383
523068108
462109621
350137844
480811744
36359397
485638433
415977004
250384469
179969312
42310876
37510119
454350648
519742525
342954906
519441278
364765988
400111809
512459474
14141570
340433744
295662735
497282890
424916439
436583655
458766045
475595486
466164964
58093545
187230924
140746068
49624083
297456780
25661775
468134258
67087381
311523310
446094756
496339449
509171329
62315055
69719578
22184867
68970229
52904216
494259224
355520163
55629146
151754811
85719713
199911960
144692356
20699661
212566609
491831596
483838178
470891570
422204418
496409341
391429641
230461316
491652910
302204695
206723620
498082993
274286458
388328034
264343267
227188351
497453511
357288843
354343121
358227694
492093825
498529632
443720720
32330909
98078133
16455137
22571085
491506776
493430206
379958877
100577295
336007282
7434622
480188776
18864393
453529953
34091029
326144014
440347059
35890731
370873042
49506479
463402754
373006503
298769931
358038525
93613413
145030618
145764048
80318402
20025850
275582528
165113719
111946134
82093321
18398842
18730238
325344622
133710837
429765661
270162680
444423210
22217670
404846382
199143804
180160760
211717944
223040779
60985053
361238217
55684698
190755527
202283280
96994334
59556301
357146719
108330063
18452605
338963519
26390783
396828817
419524449
15201610
41461520
37036394
25776543
38703581
38003223
289385640
48819973
410297399
384904654
385130426
169486127
304457365
404967797
84617554
40728545
396678393
23105172
37219676
394837603
27935063
342529951
398021782
316357556
155558014
16543550
51791134
340841649
297390716
28360280
77325614
36303719
385436458
312029599
214675085
304035223
384361242
160932452
263091824
176129315
378379497
109164425
158042890
32907693
365186255
15952464
379090524
330095999
17181265
172457982
116484766
119514461
289494464
349369607
369137608
182831767
253221193
36131454
310778217
290085437
52770751
288303744
91340953
332283503
16061801
240006456
349570660
364855575
23318752
361963717
36471368
14568290
217583784
89108581
87493971
210970114
40350866
205526939
100573724
73284188
103821657
71508775
24030467
306611546
351009949
121147831
160631170
67578950
111670354
330750134
19319603
246753825
258605206
174067487
332894455
322689511
17263345
24006632
189659678
323684718
22536356
254883085
322012171
43162895
65979310
273626737
279099980
267171658
318549853
154005164
294070019
306388787
100523922
260168348
282717311
251758714
103653633
22994470
14807541
296869900
153001777
65986336
237491983
158100219
14167429
289915985
15222686
50665391
276985141
132419474
298247327
298256898
44098338
39904617
38895013
275076056
241236624
31081562
181150339
224358557
77210288
45921041
29787193
63246374
282162241
256588076
76022477
109003244
19302078
71843252
45504086
276976114
163456116
214754889
23229765
85500170
26572646
215372518
23988254
267002310
54052039
139744512
106748048
40282219
92236133
38735574
260179533
52393036
252262259
35038857
211954616
194624921
209098174
250141689
126697440
44224901
15694182
22275015
244106305
117317083
218829720
216120282
226184791
167221801
18915842
231217095
114315914
216263889
16840825
133474481
208166401
135352406
231404097
40696781
63552808
22998576
49652471
17573788
119845705
155698735
161807411
151041862
192250105
82892648
218609470
92073417
175536985
123263650
201206727
58546063
171447478
165178659
75305847
52106931
60913396
97036699
180887017
190684722
21989641
196130975
177971892
170048458
76455013
11745792
205361917
197901148
148734166
32122677
182994241
192064500
182440170
143135457
26082358
92542951
113683358
32161809
89802173
161007666
163885610
19554377
177684752
25290300
64029632
50306155
72922288
131250021
145378129
16953480
171764281
18077326
158489102
39879318
168913024
67923
74520703
22671716
27052101
53071611
114819429
17990616
73972244
18708014
46508534
117439690
115120649
76333569
148039905
148028896
148931648
151100368
55290296
82830519
75261651
117973218
117799671
21440792
97546960
87493284
18734736
108391366
136750936
19329324
41740036
19606190
29475152
128272900
43865033
17194090
17537826
61892076
118008841
96160859
82639700
120491817
87725374
81186198
17572506
106179511
100220806
92999622
45606805
86798553
119116841
23132069
96346911
16738787
58791339
11768542
108120067
15850295
112682264
80664949
113643881
18639827
23622982
35758171
110596234
108968092
27862663
103568703
55881988
109322829
109301883
106824794
71445862
18809912
44164399
98242246
61321800
15704958
99742444
17376720
57786244
106068950
33858430
36584032
28359242
31433420
37737709
15792511
3533231
67748167
23798980
80717408
19181549
19090300
100541430
14464331
857141
25707034
15628274
49344223
99841175
37142297
23166140
98206240
14364639
87670509
18801560
25717463
92999340
25393674
5435942
54486389
47621373
46877746
100568334
53735720
17066077
93238157
97486261
38914227
92505803
70858091
13306282
17198504
20957374
17260743
30793112
15316932
42449425
45764940
18504867
18033662
86972894
59304258
18647254
16304230
37557785
91910204
87797036
71265802
17930077
16050032
17511879
18586925
17527642
19976462
16139570
29334776
18432126
21723444
10305322
21682997
12423822
14675205
20534528
89280357
9136412
39764957
18070335
22457873
84080407
17997888
58359838
39416053
79344520
19349089
11274452
34699665
16684007
46720692
7024672
75714376
75342869
64500900
58611880
54046137
49995940
