119800408
1656710258
3288844876
2840587178
3090419415
2427458814
402630155
2992540057
2951562456
2799333908
2500209194
1510469096
213573291
278399131
60659530
211668055
2225449470
1244577362
2155650056
1901024923
213780199
549476819
66881940
1336158031
1561310318
185317140
1485580345
1482947851
901348998
1263903908
1375717916
1279813292
633007556
1302601393
1107888008
260361653
585696392
176616870
87340865
531776541
1083831450
159099962
407043981
15621734
618842121
454665976
11139402
21771762
326158694
440622422
16059858
25272120
620486841
15099732
152468842
603698235
19363570
625997797
635845996
577426099
31889311
54931722
334849558
569334243
114504902
197336121
581034619
593208095
75876135
430976274
103573195
564748792
27075589
569302640
559223740
49115368
421283308
191706396
338880142
467141629
532441293
26404914
351285575
29274025
87493971
494387755
493958048
44059005
435535419
459635169
18730238
388856040
445374305
15163577
15932294
202283280
407420111
315142433
394837603
394023722
387201585
170730688
382168201
284937986
213083248
357193717
215406478
341848202
351371990
312029599
71128295
292946919
122214544
311271073
122810197
336783403
51298645
20859695
323684718
322012171
38197235
100000760
296619467
96285827
45921041
15079699
280452442
276976114
278132187
168721367
20093403
266099403
258424598
256153294
201901645
125237392
246921068
25697666
137721142
214321575
216120282
231103097
14920662
205617697
22915601
199571964
45659261
198764742
145057227
103668860
35539360
200555299
190684722
122184025
58820180
182440170
72318926
25356215
179839026
184034154
89802173
161007666
177418805
148337220
92909131
52939494
22060986
85199499
22671716
150850048
166510564
125763754
170053932
165821274
98356195
127520518
104534760
165677679
74756131
21451534
36800104
163440734
161687504
161983870
161286082
160204311
158697200
99054048
98142383
153624723
92716931
90918135
30953207
134726135
24060923
154250842
77302845
153609053
151736558
148338765
152893552
151100368
151669481
146201160
52106931
32135024
21463539
142220317
131453261
148739811
58955390
30478263
55290296
43078784
77721057
131835566
82830519
31271589
48148543
15863214
23474951
14663329
22180396
15207668
14773636
57379728
142207844
17416586
44344268
68612638
61861806
83324673
17722181
117559109
57364108
39529219
35104667
27781110
128774623
122924972
24389182
7842112
138508229
138069730
19041958
135433519
136432781
132502269
129168931
33868058
60728748
97546960
129882400
127316663
136490190
58791339
93108824
135648678
7067612
15231524
66113030
128342697
44826873
86537923
108336799
134298586
110240243
35274401
111618845
18978204
18125257
27343738
131967931
15803225
54107005
22275015
121177896
17915737
27715106
127043582
103277174
108445653
131385550
125606711
131625880
127577062
38001906
95159756
48891995
18206589
94278638
94280228
47246777
19193104
80199618
104651849
24496026
119432483
125422341
91044343
125210812
126475852
61231084
11891512
36376149
50983
41206178
22654060
63500744
126768467
91216445
17194090
30773255
25161744
22364418
126265674
111713084
96948599
16909532
90309695
116052858
104688597
15910975
102233576
38219209
91429281
25228870
16390561
14556477
93911401
111882494
14563889
20369825
15628274
124363684
17527642
23592300
62297217
107888997
16527254
27661280
14454302
85517845
9921932
21013461
13306282
58701489
16637920
15155228
72577328
18686548
16077524
21479823
18275848
26527680
85109693
43676073
63818366
54031723
52263259
62593046
15444384
22217610
20697382
19402723
123590047
102714187
110022198
117592423
14750177
107431065
108900912
122282081
55176357
25898134
82463726
39424019
73575329
14470341
120572295
114810287
103005881
68319494
15642093
21369823
32693541
108702340
28173797
75028535
108737487
120788208
61725984
70935332
115523372
108638625
108572278
106393539
99123713
74977422
53933318
22235671
40712506
103832298
117636892
16164520
64061701
50698457
18906574
30997485
15994537
22441611
109727002
87048294
119278453
15503008
19827132
63979396
8408342
39418067
103071449
20527960
15314793
73512970
39949112
63212457
79781682
37907671
14098676
102916730
18178655
27740645
26171773
11953712
26110969
22335861
114953294
61935355
67535333
31565795
120636145
120585811
22025555
73379184
73381338
72885728
118528187
46996676
95207041
110869524
16789490
46814547
111431538
19120184
73845053
110243033
22451415
113651264
18214064
70410492
26035365
17260327
20127514
36716926
97318331
73626669
92678445
105162114
71332100
25426013
28945372
17608059
108708083
75689414
34288313
113429490
49201051
69624661
110805098
17092592
97464876
15981442
13396002
105734905
24507004
119494132
119180291
118264842
86450518
34767150
24951491
118506501
85240273
98042584
119493058
92776118
118519520
119695680
100696471
14360757
40643379
19994012
113879462
119825674
19872968
19754126
116218255
66025521
107532641
111151320
79861586
51523449
34613288
26046257
78373011
97523492
63088607
2113321
3378087185
240421202
2550621678
3130739589
101513396
2529449622
1909196107
98675926
3355649351
221122208
1977173209
2469293779
2714497948
16231168
2208367874
844737679
208138875
327466544
2918324692
2774467449
1196702316
370732083
3087677288
323565277
1875609108
17897350
708050965
1741104745
2999577375
2800859156
103619946
3888921
610547449
15803400
3035022734
3118874724
3118071180
2929133654
3107687476
253642358
3105120222
3103022607
2491577408
3087253320
3087242825
2427458814
2235373044
3079280307
3063520040
2473183878
3048527300
54054327
32339939
1557181808
2786510118
19346141
900404894
475927697
2967074325
2976039833
2694986449
1295367410
402630155
2655130010
114810863
830443249
2875574878
2871206969
2915877788
19722595
2394353328
351844924
2837562315
25724916
347931574
2799333908
385499129
125103088
2798236087
41392335
2201643504
2790651384
2745565798
2606674882
132074014
1400116874
572667359
2689132105
2537807749
314682043
19239235
20920269
257555564
18592261
1733847164
1072168502
430116025
2491788278
497034356
17183587
2542034947
2475975695
102091471
2488173589
944997235
2481983263
2249066754
309663118
2264751060
2440483489
2434592180
524536675
549502603
78055132
2181488855
1253434158
2391924918
278399131
160697495
817678399
2334406243
2321432132
2310110348
2220065664
2199494760
1244577362
2157438170
2212088756
43280230
25138043
1963216471
479619691
2162279644
2160840798
245830914
749862379
208191185
1431709332
1649186623
14766329
1854883128
1623092215
49429956
1525342994
297492936
65796522
1035533977
1021549836
1685452446
1592768658
569329675
11624262
1595056921
25176174
1569107180
39484216
1480463540
1482947851
23895660
717981234
1449960744
32613524
1399964743
516867082
932233490
991890768
198284120
388926718
1089172938
266041505
954537925
87340865
1269473726
1006908098
331204149
313375223
459772550
36448609
30566962
407043981
61709523
208369770
1162169018
350046758
985414170
1117801664
199381975
1093872624
604642603
1067021785
1044555991
1018721832
14440589
33140863
961816128
858591565
918201451
181836064
246448662
74253345
702474290
243206526
163816306
879285936
25272120
868890049
564291613
18034533
169559501
804761864
28481706
786792632
740977789
781434822
705371137
603698235
23098595
29272296
19363570
625997797
450016012
625237592
624637225
39878894
213754594
229346198
601299051
19343423
170456185
409991833
451781544
23676009
260444092
430976274
519132008
574538075
414041530
559223740
486704471
20012232
548880164
540012646
338880142
36022772
488385262
435615116
20674838
484747016
323284201
454350648
220769200
370376370
425321960
237612705
227188351
388328034
482601967
17021750
452484544
33961695
64331648
456152934
22255197
483944131
20865979
476391894
170016558
457613728
431686334
22299240
197845065
384542197
463181295
466535644
447442475
463679429
444149438
22248690
456234010
40826256
454078855
427731470
426456415
452510794
452620296
253065892
370623591
380963304
30880373
440306806
391016682
180160760
426761696
76721467
306989124
14112296
202283280
289772609
411680348
116958380
380787625
52220602
25776543
359624331
89333815
400628188
405427079
408944951
385130426
193515866
406584801
399813105
295351204
27634147
402177738
394837603
290298483
386449383
149098170
395888551
28360280
304457365
368669965
12127792
84617554
389268043
383169754
289385640
245988630
143915986
289494464
34781698
370871770
75686326
61438193
374414447
373330681
353147576
150499359
242743990
370708722
267569086
324090597
359025399
328987499
328921930
365886682
199784591
354632335
241576281
311925882
356030629
181844988
67578950
17056290
35855817
53110981
136901257
160929070
83174816
18583890
338824823
173340973
289851280
294070019
79713608
177069355
286322043
285277575
270659981
14557525
85396486
311898771
262361428
284376718
139980258
35155595
22180876
217583784
262570752
262570635
52106931
18874383
24732793
262571589
159099962
262568607
53128289
23766624
292958218
238831440
38895013
268212592
15853347
51208923
17814366
220874962
287721612
210419833
106547445
59722579
282372434
275639534
89968829
276976114
168696336
276228167
278219363
246050437
263002759
142533079
44654597
211717944
163456116
254793308
240433640
40282219
34883952
229414220
39389706
124262372
258676536
246010816
35038857
16099189
211954616
211589627
207660820
218685428
52275470
244115792
126697440
246089085
244333305
245674757
231206334
241045792
20653637
216120282
34136248
222174325
221011761
217132704
134528794
221075115
53911602
221805208
222851235
208166401
221017810
16473460
127923544
27939202
169801288
226713935
186813248
75288452
60684763
153341234
57402854
218593761
25728193
216767331
216585516
166584208
144875691
199571964
212523378
202729572
25718274
24623642
160731284
185912018
197901148
190684722
26082358
120569055
19084805
47586808
188969997
59103901
166653118
37036394
8346322
184979874
182620506
89802173
163885610
48433255
179405033
133656710
158729153
14849573
177684752
50463511
176706991
18151975
175618085
15356047
174340450
14919424
73533427
17206739
19633103
114819429
159028277
76333569
151100368
151455486
118785841
35615035
98884811
115766659
36072334
12956342
70705394
110488742
103987714
116987745
131315822
134276569
33286580
6401432
134298586
124601740
39850054
102497896
86344226
130349195
132032481
119785764
131393824
89799464
131126497
6191562
116038389
130523399
129097163
101266423
129941963
129633909
99725999
16518494
128628261
127934936
100487217
49677672
126800276
64743355
75134686
125254695
124331552
119691064
124727717
124613319
100506673
124472945
123930898
123928005
43865033
21278910
121005674
123095555
104015316
95636779
99794348
116776011
78668019
107953602
121358824
121119266
119800408
92568761
22296740
120028946
119919648
116460182
28795754
114046124
7219442
116051096
34214911
18504867
113134290
16049631
115162008
115124246
24686694
114995256
20193452
114548011
47119404
97340075
113643881
86020447
113450220
108098663
98931509
20642817
113046633
109337867
108441283
112356480
112145413
106450337
108968092
111405202
109070809
39054035
71125129
106788177
97557754
17675543
83448094
109565304
107171759
62330386
15342463
18452605
107321298
94572135
108864119
109322829
18995343
95616776
103895869
19636816
42161399
107676186
88691880
14944241
107230180
44164399
74069776
40868243
25651912
105091539
105039198
99742444
22814370
36584032
101237545
20788620
105213430
31433420
100788313
47355663
104601224
14460851
15119416
16455137
103642851
98003826
99076980
11044522
102712537
78341905
19094339
100173214
80314861
101542813
99490299
100628318
99354982
90933636
95625188
100328804
19428770
100571433
34904414
98834966
99999620
41696955
84312859
19522297
43906965
98806066
62044905
77799122
97580698
98287965
83234935
24274014
97186364
96952993
38983615
96472824
95800321
16505251
41398364
95730461
52803092
84854428
95614971
94587480
95004891
38126110
6512072
93596921
90897976
93598073
94166230
94128834
93447442
94107851
34291044
92796632
92471368
82951164
41145983
38143329
89246342
47730827
15233393
90463364
91357909
88478321
89283140
90801295
89191748
90390648
38732231
89241147
14262474
88028764
62774115
85883000
89344949
89032796
84638460
16435641
87264292
87625311
18333506
79822733
78096636
18692858
85357333
77090694
36162240
86398228
5448822
83221812
81488340
11274452
43148891
85830016
19970158
85546653
71588751
80407775
85425976
82705545
84697498
83828092
83798542
83788766
83058825
69862385
80835172
38162590
83935250
83770416
72998282
60859995
29019195
82905311
81608012
83181851
62123414
39342610
82806186
58058656
81885614
18537956
67164350
78675386
80555095
19041958
22518425
81515486
41307421
80989821
72292718
80240183
80966779
80880648
40554545
78353928
24808573
72881204
66189199
49518295
30880052
65879931
78927815
74113091
74927123
66784488
62772031
37144691
21177678
70728905
27682481
30292024
16731277
61968166
73327416
77411004
69367749
31619855
63364595
68614137
55930245
32641249
14532864
74976482
49435184
15508848
74723921
73608142
52011432
25547993
69193559
68845398
65136351
72831752
70822883
21211055
26334024
25863285
63377455
36153193
29424730
43728039
71089657
71078184
20175361
71071679
41138969
10239632
61231339
70537748
70577979
28933340
70400578
61736203
66159641
70131133
65230559
42752074
66761956
66740869
64818546
68808257
19401714
68606987
60878314
19927928
43088894
29751494
60998338
68116254
23649364
62786737
66608175
67653995
61229547
67125290
20786398
41244293
55787050
66841665
25291635
38496552
57388382
64854286
37624358
64914017
66107669
65513016
66073253
48392586
65581367
65310980
62924759
65370101
15330845
42739277
33721799
64487553
64124300
63307888
7625522
51210953
14614196
56027485
31642279
62530632
25305219
61532509
62087516
50499496
28443212
36162358
61323208
53699864
21892522
23806662
61593775
61645876
61637368
42962702
60662703
58541078
19215214
27032898
53658850
9749282
39204579
15955187
32645787
60446695
60645609
59124137
40944300
31741033
47827832
43896791
55582993
14741148
39926284
45508414
14362980
21232632
56050899
60088636
59968623
40982930
52763107
58810236
20605592
29549513
38372614
41903033
59113102
47315726
29118181
52012745
58481436
6094492
58208506
55666799
15316932
14398658
30864147
38208881
26916036
24568268
57423996
50808095
37364333
17311302
51172197
51167293
49961285
57301778
57276942
46743975
19553422
56628876
15584776
23438628
17123884
48874226
56092887
15414045
26640179
20220253
44165010
55422675
52906029
55145936
55469359
54640190
40052219
18825934
53325830
42101205
53322948
54778555
54345303
54549742
36593090
54463105
54327336
54022856
53917333
33452236
41856067
24608058
50564341
53772367
15882988
29990970
20546277
50187269
43040154
40243267
902201
52241596
52214473
46977612
50167783
51477141
19175906
17406294
50696429
50708979
48462772
49940466
18730445
48516209
49549741
44682971
47798025
26640291
18496472
17428756
47339759
47889096
48148207
47175030
19408919
45726952
22671716
22638688
47693373
28412015
47050211
47559054
47557585
44421452
40659549
47363583
47304065
44324499
47115287
47093188
30461146
46878858
46540630
20680428
45516744
44166177
44933859
46664359
46631061
46483653
24173584
14471957
23562608
46028030
33613180
41362503
21854234
33823550
45853362
45820145
39197884
21161586
45376338
45422106
45016183
45566600
44523874
30347289
45453255
45328385
24824431
43760565
44168449
23834005
35249816
21723842
43916074
44479156
21205064
44322283
43812414
44161798
30313853
40807063
22630766
42711283
15520103
18399512
43703378
43686815
43162178
27456362
29325797
36220996
39659860
39449896
27820526
40852096
41555607
28218826
41628233
21701272
42405061
38028383
35914607
42488821
32314170
41855060
37805669
37498199
26286145
38095387
26609232
42034338
38736006
41463259
37961070
39485833
39526641
36950900
33948090
32424795
22317290
28982423
41044686
28626976
25487934
40697894
19533355
40316378
40387825
40905411
24627539
18298834
22353130
40330901
24039155
40344687
21420511
25847674
22338239
35512530
32404372
37390332
39145604
34835427
37321286
24476479
16467642
20034847
17109105
20906211
37630818
35404814
37622105
36979429
34422009
35522614
36921374
18029069
37249177
36960945
15028390
17573918
36958055
25528906
19892459
36708653
25162966
36728239
17313681
18717048
36470923
36351169
36319727
35417095
17064109
32129645
23397911
35971365
20493683
29608579
35673799
35481394
35246961
12254812
29243413
34924362
34592935
19153861
27368408
34027079
34823822
29372325
34448848
19301794
34308557
34305249
20309574
18888577
23525836
32756020
33720628
33718093
33026396
22580831
20851186
23078275
33005803
29253344
32688162
32698223
32172173
31763561
16851242
29228706
30817478
29832801
17967259
16147003
31410790
30039274
19263777
30471391
30996999
15703698
31075413
24082883
30052417
29561026
25997889
23666758
30549858
24770695
30481702
30240196
20210947
7879202
28774235
22648860
19049659
22184739
27943856
29271687
24104407
25462233
24955264
24307656
28288767
28656326
9422112
25473084
18719751
18365744
28487033
28530360
28377232
23979226
20858267
12039032
26762004
28263292
18122928
28229820
22171612
28061369
27825331
18864393
23964565
17511341
22994632
27336071
27068858
26942214
16274109
23901967
26667024
26646408
6777192
25520995
15607358
25345037
26179643
21955345
26107607
26004888
24452547
19890088
25909177
21561993
4789741
24229625
18458462
16413314
25559745
25107791
24726634
21879752
25209691
25166133
25120416
15347337
24994044
18180723
19643952
23430626
24490286
23713683
19516680
24557712
22294133
21317064
15961130
24160595
24064988
22700404
23986371
19054651
20355349
21955069
23031834
23476353
17994213
22952763
16731040
19225476
20520555
23237684
14295910
21903345
17364916
17905812
21056656
19715037
22866376
19349089
16889125
18181895
17353280
22707236
22556408
21817757
21906739
17488224
19604374
21869579
21976342
21369815
21500655
21310212
18318594
19357844
20544405
21325887
19927900
16108684
21542296
19122144
12944012
21178405
19308138
20806190
21176156
20017243
17814948
15010720
7908592
21087731
20867622
15084529
20896725
20952648
20732690
17547367
16820261
20826075
17142001
20808614
16451233
14288975
20682332
19859768
20586888
18207296
17316606
15067280
17629961
18608193
14109548
20449279
19603596
20128583
20425050
20405387
20271422
18459919
19817725
20255102
19424989
19005649
20202242
15257248
18647850
18911813
19928359
19070088
19840333
19771577
14552421
14245695
18953372
19709984
18767537
17965140
19704783
15150811
16958931
19533003
16251799
18459070
18193921
19596857
19057078
19549916
17918083
19514765
19093575
19322550
18787798
16662130
19078615
14670999
19064331
18077562
19090300
18770132
19266281
18265163
19153396
18787545
19205531
17489026
16903925
19055824
16045742
19053913
16045468
18222989
18271613
17470276
18962911
14083276
18844554
9664972
17388732
18713899
17106733
18610521
18793473
18779348
14212033
18664139
15847218
14500190
14360810
16334652
18027014
8997532
18415236
18474828
15337764
18068685
18259807
17915915
18418731
16464558
17639021
18323510
18304807
18282078
17518650
18118571
17746345
13082062
17965172
12603642
16684334
16429082
16246905
749113
16296800
17077170
17460419
16842502
16739148
17304614
14944096
17232493
17233677
17145049
15554657
5163211
16572515
14675205
15423652
1317
15386468
15170795
16631674
16411903
16687181
15998474
16561832
16561842
14307686
16273567
8706322
16465785
16535165
12693172
15967476
15209497
16064416
5118981
16379326
15915425
15794195
15815928
14970295
16181438
16180701
16179547
16038000
16137743
16103836
15374214
1089711
14905951
15930063
12673632
15486100
15294960
15920030
5385052
15925731
15905245
15892527
15227520
9160442
7916432
14167429
14236097
15837877
15676239
809184
15512782
11919962
13186532
14393477
15561214
14909610
15248475
15144653
15200864
14125897
12831902
9432632
7513452
15125525
8771562
15264103
15201265
8227142
14614615
14986973
14579978
14982378
5618162
9598212
14743128
5848362
14861097
14555513
6214742
14776551
14792943
9784242
14564089
5659102
14383789
14511197
14464820
14407526
14435376
14456852
14080485
7260282
14411423
14334591
14290431
14175120
14231267
9548232
13793792
2477051
13938522
13859692
5970392
10640592
5507542
6398822
11321102
68313
11162812
9701092
7524372
9198782
788332
781163
8980262
6806472
7476012
7016842
6740662
6633982
6525352
6443792
6429402
4083071
6401412
522943
813286
4896271
820613
2102351
26434089
3150109947
1877282396
2516824286
3288844876
285177964
599435087
3156828167
2427458814
2923816369
2149379640
402630155
2604653493
9548232
2382853022
114810863
272141779
2799333908
2704173481
2398154462
278399131
1589395507
2225449470
1408747832
25915690
1284950995
1525342994
974735174
2230153232
1901718086
1110599186
1872730969
549476819
24638920
24539231
1485580345
188941422
1482947851
901348998
1302601393
1107888008
260361653
19785083
141209597
87340865
119083950
407043981
1109126851
1031778350
995655854
20554432
326158694
44737035
440622422
883997976
87732724
48110818
818057396
321311419
425196476
14690921
709613180
28563052
538506758
552874294
777979249
227284739
705371137
197901148
462599759
19363570
448725930
15815215
625997797
635845996
550414357
253800348
254719698
448285911
532720412
229346198
334849558
603698235
600633958
429068453
577290913
430976274
521264284
140561484
15316932
577426099
573789712
569302640
556126836
395545765
175581894
559223740
19357651
363252999
551100319
98452184
348175024
338880142
36022772
161675610
506329882
79639787
235053298
351907249
87493971
343150136
52770751
66960457
491831596
37899134
379958877
60918224
468119429
364671652
67636207
479523712
58229033
175165646
19832913
170016558
345042866
429765661
34263916
28375663
452178172
144664204
361238217
357015312
434768796
272404128
33880118
173340973
35709830
202283280
401633660
68011669
17181265
125811915
415018439
385130426
17920531
396678393
394837603
386449383
47812200
46664359
357146719
21544477
289494464
13834992
18515143
157373937
386730773
352226884
317417758
97334092
385057624
382206044
19022544
74741590
376866038
325644574
304457365
381672018
365186255
30209404
15952464
168512145
86452222
377250310
271982552
72606904
25455933
154623002
307803626
290085437
368867262
288303744
217670423
341910374
62315837
233040177
342743115
225943330
44025126
215718578
361963717
227536515
255628687
340552341
305634171
18998656
344288847
312029599
182180763
28360280
292946919
239662318
83878362
350952220
348845943
17123836
232988884
33084796
22023556
184284712
337137832
335891723
246753825
322689511
188782461
313034182
20824331
103821657
22341209
242610403
13361342
306388787
262664224
18915867
260168348
294070019
24425843
21665260
298256898
278906906
38895013
45921041
285653647
260950151
276976114
110963469
145347513
22671716
260460416
22693812
16707995
104906508
163456116
220357437
194624921
123010710
250522419
223515146
250421407
216120282
231206334
25776543
156295441
245674757
237921139
35038857
64167723
17261378
14141197
79060202
31707262
218826372
239166642
126369196
98848668
224740194
237310483
206011112
72883569
236450655
48546597
160932452
13764832
134528794
199237157
51581950
231404097
63552808
185896185
155698735
17573788
75362308
90188209
231831282
25728193
70792934
232008801
231909460
121901317
225784775
186813248
229339187
230087076
225375135
17547367
35830238
17283255
137863753
25276558
133474481
92073417
125393364
218593761
216767331
220069080
224978115
131157231
148087064
166584208
52106931
33953125
15839938
63012268
199571964
176077040
214647964
130982709
184950823
150726823
123263650
15851406
14524244
31019852
177971892
47407501
17513981
76443563
190684722
182440170
191095714
110781962
161007666
133439368
83893974
22808957
21766998
50306155
131250021
166191690
106539595
151100368
55290296
140209184
97546960
108391366
79344520
75794540
21370573
26377245
97247820
16078406
112682264
105957530
113643881
108968092
111334166
25977665
33967016
109301883
44164399
99742444
14675205
31433420
16455137
18801560
58791339
97486261
38983615
73135424
12014132
85883000
12875112
18333506
70728905
36162240
46743975
27922157
14589866
59882770
74555245
82094681
75216329
75216350
75210831
62394205
69193559
20175361
54049497
57056815
33545247
50699334
19266078
19539602
38893102
47174677
28690184
40723336
20471316
44758453
43345660
39922008
18537956
28331214
24828537
15920317
31209703
25991643
22649615
35556957
22215173
18843227
35404402
17316606
14217967
11724452
32089399
14921945
34762368
813286
21528296
21906739
17304614
15522505
30434772
28443212
11274452
12203722
20025850
20290668
15987727
22965995
2461912274
2299478473
83467645
221607487
3020475873
3280896548
3136228002
574590700
3377027362
2981528379
3026932251
3024434900
3372089153
350718556
362669400
2904010896
386493438
3120034895
3360871318
2162014880
242204685
2719522298
67973977
255490833
3194499300
2456721475
194953910
3263807035
50434933
3267765877
136401228
399125922
569134016
780240
2318872357
93111391
2949772066
16231168
3258555548
18698621
3257046913
3256396741
1705001286
3191700255
90298784
3308492500
89557210
2239735653
3231984968
208138875
3227266656
3328575009
3110944852
3190713117
3319068731
2790484063
3316348672
3239365825
2516824286
1433803981
3069886005
381150656
1616061264
3236141610
1886750136
3009647010
108343321
2603359631
3119316435
3306503801
1411476840
15714577
213986942
2457027067
187898937
26080929
274213788
227359963
3294335217
1656710258
3028898086
590478150
401530006
1196702316
1568489900
3163950824
68587762
2213487864
2286793482
330743859
3288844876
1568440140
155482300
3184324010
2479958749
26948571
500923553
3193712298
86867664
285177964
254419112
1523615822
842763218
3221304503
121253467
2387236202
2419981041
2926637179
2402123996
48831366
2955382421
2489559769
3152952521
2573665608
3229288775
68553381
31594104
3069652385
1423107511
1840553804
3221608702
618685072
3143578762
371382480
806957438
3016943887
3065798979
3175115103
185158724
584146054
2770291194
48903415
611807691
3192175030
2563469347
1228568042
2842396954
3094342468
236636616
564099543
3177212201
1638607153
27664379
352414533
2147902224
134427275
977584886
3046100636
3151863630
3125864581
76239672
40874765
560286282
2903864788
277012881
3142275587
2574914348
2895810001
530813995
14300226
2468006506
558344581
3138203632
3081446553
3027986053
2324633321
582254565
121895519
1225400328
3110437523
2166746604
3126625547
959485400
3080301499
3073724554
3070227794
1684380703
461434530
169947474
2211981249
829294154
109651520
3086783734
3082588983
1418487427
3053030373
176736651
2980970047
218164734
3094995322
2179406329
33497588
12375422
1360303807
2893779754
2772111118
3026608852
241300206
243246150
243782308
243237533
2556057018
2427458814
2688334693
2332495813
2330930671
46434949
2525771683
17690747
121683577
3064673663
1007761525
19470391
39258833
3070134872
387176519
3065530363
2209337412
2413619444
17371974
2266876387
2806294440
3072476026
1170363644
2828746016
68068081
2893511981
1694317219
3061421771
61539357
170400197
25086747
2855200906
165567439
2478867019
1270524018
352812433
1452294786
2192845723
724275092
1265666305
468079044
570617886
61404639
3044532468
305223470
838512661
563906485
89993075
891912204
237805372
47122016
1526347932
518723497
2998936679
471243093
25882423
3031480587
486938628
16674770
317812276
2461914368
555492477
2990942506
1490852904
25338778
88953251
572792436
322245263
399127824
1539253656
2775510279
2361507260
39564141
388380894
758019174
2186754491
249395206
524587400
1399901102
3029209354
23210401
2421307688
312761383
102436246
2994714693
475927697
2764590090
29309901
2445536158
355697093
405892061
872868223
87500545
9548232
2742775056
14755273
793021207
848430961
27520889
285048089
237345574
106823577
14262217
2981926102
35712161
2852380528
2981758161
728560124
2684226770
2252347992
1904963330
2498803190
2649186466
518668852
2576250249
380406536
2971697084
456862456
155634643
2948966802
587601141
17372490
2960371955
14562968
2948966208
2371994261
2241486025
2836746406
2438726184
2913692417
328823636
1914705224
14494559
2941277922
2779151673
128068492
402630155
1566006835
1355682828
1463604348
178563004
574889365
1473591811
1062109298
16151935
23672621
80318402
890128004
2915078878
2798243911
361570741
618835569
2317921236
2828454453
2894054343
1588547761
425876124
387783098
275711940
1365526538
2885651560
2875801669
2879361388
47097199
898884422
1908991106
229187360
2881804895
2862721133
2430976122
2231592134
132623320
95925504
286810192
254384583
2301274968
2883989340
23395520
26531591
65801511
1902264444
1315809210
21412725
2772827118
518631548
414879631
617432825
94479419
1883306718
583180078
2875110315
2874472299
79869327
2871287133
272141779
2525239854
2869334067
2820427847
2892872017
906135973
1618991736
2820277810
1323564614
2850014098
2320074870
2811309732
2882268126
1271338237
131248009
190764318
1594965656
38449898
2252586816
2355321201
2691125172
1268595144
32126696
70771158
2868442567
2584393616
139734641
1065575618
155910345
28051307
415177018
37667501
2717179571
2826868069
2784174905
2401941805
2694663858
206387234
820691917
2780600794
2575281056
52936242
747670974
2496304626
2550472010
420627794
2221781858
1673864598
2802435672
21540594
15930700
2327981492
18262104
15174459
1662485388
1547851518
82225590
13493262
877345260
2776922327
1385420262
14434287
2538984132
86818387
969221892
2384028506
2799333908
1327568197
2781199270
2429522194
2826469171
158202884
2771062113
306592657
2682943044
2773484500
885021702
1923375980
2784091429
2754168806
2762033667
1180495022
2658154303
120177291
19779568
1490673109
2799780732
2762517896
606610772
2739677183
33354870
1620568370
427797615
1923639236
2781061508
2787428905
2781415230
25442159
2414115648
703547107
109060883
1674580705
24620875
2437435957
1951932758
2538203704
279533602
286905019
109941794
19711691
786707322
1081298587
74499806
2510546275
169158291
105872009
17331154
69930745
435563850
15548319
26412905
2207944837
1318219441
126616184
2699888893
1945109528
2186867559
77586470
312896469
2693680868
16639059
2225879820
807337182
2685671204
2595305617
2315845087
14080505
2651771192
29479755
11930482
25505387
23119671
447648178
2528711437
111701317
921436040
57417186
1267335924
556369891
38509175
774324270
320655300
335497492
244176934
220858880
1244853630
2532807452
2480181020
2226491683
17328588
301399825
158689209
2192826980
89833001
2513933719
14681336
1477943725
112779728
2327923766
2668865998
2601749634
285160176
2664926176
2597729408
2361492746
264903697
1665857581
2317910072
2583615968
2321594179
2583255585
2579529445
16450588
17363477
30485326
2470247336
1935292140
795058501
285225357
376671443
2573027707
2478365762
2577064574
733381136
2427362852
2407859342
1627564382
312802809
2353324574
2403042919
2601114999
472120749
2544946934
136359464
1396207087
150276173
2469695574
2584414521
2409483030
2421159554
2343903625
272048903
2521095566
118818314
240658722
2348264148
2530438436
1436264744
614453254
771616190
1164040386
636931259
1350118112
703190882
1548895404
135333055
49400728
113054322
321721238
14750177
406006397
2254394420
385156162
38419343
539639811
1880684724
1101209040
2251001490
435125210
40111868
454540814
475186271
92359556
572099932
2391517394
2381151769
2432046217
612870878
15600869
96875199
2426069424
19426092
1176533311
30049142
1152830731
843120673
2471032453
2465067349
2411453341
1880805734
2471627550
1567782607
23897695
70976782
184915783
170876572
500189202
2384176734
2432456616
2166209341
81732297
1380750858
23853595
24733117
367897072
1322469224
17143340
608456386
2340874159
1251160927
2167230362
1258355988
273178560
106842564
2433194893
820219591
2317718130
329115473
61219748
2383589695
2440590122
2422072088
33277722
2391406261
273491521
329188307
2425965553
15750980
2432342863
41392335
374621924
266227100
1291041361
787250310
1134129332
589190456
524536675
2421029988
1677060536
37600410
27580713
1646058528
343066664
294222273
14234379
1618534153
2315456814
65386642
1129914096
1688827554
1231547269
2382153421
2200593025
69711802
1265186743
97005729
537124061
1240453093
106774868
1532107993
18791280
118814743
2401650446
2425417769
2232991188
149562366
2398027555
2397992564
181324826
2379503980
43552184
180911611
53328703
21002369
306829433
19219599
2324597137
2389862521
555593084
2302092702
32202865
2385505992
594180245
2376765874
388946247
209128807
28260659
2337200732
1043234766
1388498754
963499412
898113925
2332088833
163599743
288323932
810252098
912975337
84932964
245131504
1631259306
573020073
498135257
1270603004
1425435656
1278536622
613681644
70937888
2345782834
1307501564
291767466
1375527385
2375862686
278399131
2375940668
2359460660
290000027
2304792180
2185144544
49050047
16320271
163892910
104596950
2315692537
431744926
296110829
446261081
69647096
915588614
307492340
1854996240
2304656882
926814355
2269280251
2161776998
18153790
113920231
62042938
394884238
41352815
2354786074
340559879
1311728480
22525234
20008070
2227559340
23649377
2329872746
19181549
717955071
574832483
1418772511
116863223
68458815
59599331
2238554724
261493290
2314264622
536725407
2282815807
321440640
1596241800
101350696
281988809
1431208842
2285378768
2288923760
946228255
59143817
1653730938
17133940
720833275
34283063
1525342994
59973927
15153365
323293036
508550046
1152133878
1681640144
46205418
548710427
1416342067
1045368750
15866233
115412142
1596527384
564571490
2301464162
74563535
1345079256
1517188412
1421068748
219160026
2306738563
1480281103
34827666
55638250
25095502
2285580997
25808646
14594117
2260815797
2288276101
266451760
1576860222
151775781
26069309
77639615
30950773
2280106164
364938826
5618162
2223566421
1888173212
43964821
80917007
2265041024
44122227
1129375501
468655120
1965178260
1697714666
2198139054
2194409773
1353461389
147057118
1183352161
30142436
455506301
2234134741
1244577362
301572092
74780459
31522489
436309928
1087872991
586586348
368921351
857638538
2236179364
27806054
2160016310
591548760
323846414
422570918
2161271354
1273554276
1527829926
1014035714
237046890
54466163
386188126
72436991
2212757204
1579647342
510897083
1943756438
38530021
17383566
399367401
101711457
272075384
27665262
41686321
2197425053
2230063243
553136036
1240581169
390166851
557260550
283247473
263473031
1528065350
340706901
552964608
405137225
1872104419
266631033
1101129104
1722757182
355636558
561475313
25524787
66576304
158452328
1887606948
1188627134
24437696
12772482
360678538
1465204728
2198444226
348008848
42152822
388992645
1750288814
307044945
2153162862
256271629
822719749
1242806557
506251115
1914333841
611157898
2185220142
241669849
84740385
18299645
517861108
2178443304
109424195
110330627
2182285194
122770149
1573873243
16473460
374107212
1728430189
2180965332
434591134
906060302
550361516
68714947
354267819
40357900
127957967
335949036
519181811
25991664
128984808
1563079915
44143505
26755870
2165651375
888027091
616326946
129024739
154152659
29013630
1904652792
488392972
188440325
208191185
90607946
501136931
269969386
388371427
431443417
25932356
1627289498
63524788
197549214
1972743745
1531614614
289933982
263430010
1497275954
254719698
23367112
1069269464
73829977
317278065
871577654
1953854509
1927880754
36671504
1939342693
331027817
399605650
105958791
207453314
943538042
851503992
249981691
1609286323
121521502
768591824
224863389
1833599706
335849379
1877251544
1684078723
14922560
38286900
267249964
1472419472
1697232799
283689106
106793317
815977002
1864706802
507316994
198808001
1862148271
1704990090
1649186623
248215830
1444550186
213780199
462588809
17375661
1056103068
626947879
14222094
1679193668
960906109
388741031
522685404
59846819
1730555016
115127183
561445312
274706238
358468822
835539074
1669186328
211943585
414790579
196522106
27019627
283332799
616360618
382850711
22638297
1705660170
29529228
194178843
1684056774
1604802745
24813587
612302334
214325971
1639826306
281288955
13834992
1597169640
733012555
16668860
757027723
134925891
1364280781
1590140670
999279734
1604016650
150800311
552483586
258814164
776281058
124465297
543807827
1363366826
21906739
1563559598
19031473
930394826
1661364942
17750110
491663459
95438984
515509800
240803533
1435854684
231498945
24285335
485368169
247479438
1413158851
69993201
946783531
1623968611
467659164
32527395
39557507
778341439
363155062
388761105
20811696
234535069
496492984
343598276
1408194463
43545860
1563376165
636525669
1551128246
1226648138
276693962
33923443
68568904
632703855
485051625
18220307
1580333280
593004822
1589292859
1327276171
1172847338
329842422
1561031136
188941422
1494412664
139431273
995315702
72636999
380427002
246039840
19981753
44725618
471615885
253922652
330810591
237937667
1418178708
1485580345
525304348
1527558577
900252517
487645475
549293662
971302722
536905167
161591158
1176728882
625369731
1516638829
1142595822
390218199
312799703
17846301
1490046775
30853206
538436820
1482947851
1491860286
19686892
407055170
26324813
54259228
411070616
90899983
305668785
17206051
304452265
952565881
1472663652
501199446
153551571
1449960744
303407533
1433533944
863302345
317416866
14467408
1004256811
314321034
1421650908
184050711
1313554627
1319478438
382605201
151158277
1433702456
355596373
24913769
1387871748
203899355
587105474
37568811
125831021
498047885
974754584
224829785
14579415
247004061
1164363750
1288697196
181017132
844343334
1288238136
420849085
1396335030
420520283
278217777
1397799608
611173037
16039247
842758398
1117419025
35643145
1269473726
461675463
291252989
1387517730
1296592921
400784976
558171579
565180921
18467867
197445393
1342248932
16059326
28660025
158280986
854911448
1375386888
516867082
253738187
1302601393
431391193
592719526
1355315143
909416084
710009923
980881680
491441903
74701290
22063766
396158544
1107888008
267291701
260361653
234742447
32671897
1278218868
557176444
28355398
22072412
302215389
15914058
40700749
512229770
141209597
22393189
600100588
1272641539
208638412
87878695
164254668
26279840
940649406
1152302712
136770377
27967155
460204091
176616870
1141356954
299366877
20461360
578792020
909465535
1276235616
1193343517
66108919
1258479840
264909039
152642086
1267088240
574170464
1006908098
390715651
15240372
33768134
897636840
50108401
34710922
245098244
1009173444
174797384
295423039
25996655
386361040
914802218
631586152
972072134
831817183
22497729
33715192
1152619057
313375223
21395205
1152278670
275665495
127617328
37562267
1066879159
1023503275
471943652
489795692
15463185
858401148
247023594
23199122
947686273
159099962
480244478
123185761
407043981
1008990751
537768415
301146382
926272794
755223175
626164034
247882092
237256396
403016538
861090636
133400180
1117449980
267499684
1077208488
376966654
498862353
740767820
27943067
408602927
1011997970
944853494
24302384
20767222
386805242
583408217
299691023
521432960
398410582
47102280
38267827
24288671
351149588
921580388
366091848
44165066
75375980
151436891
24123028
633924213
33568975
227802169
72048731
556148153
326144014
255303172
172636393
790033711
1065021134
1052509117
140883357
519626254
899847998
995655854
912928712
719542285
161876451
542032511
546423071
19031236
57652284
157575161
983315798
1027253336
32125772
74446914
843008576
36820065
47771515
1002833430
892096970
763796000
51782844
276510681
936752700
314236515
102754776
974112840
994321898
530036793
751711380
487744457
77050510
324881778
117546271
18874383
515081899
114582150
579816546
444966705
974649547
70454433
787811900
437053073
29286583
960797802
381971674
961630399
23601333
887474666
952433616
179937224
41246418
368559437
158989132
719120982
892702184
928975182
176128264
197165596
23100231
846989934
874765590
370285790
874421773
911231418
858408488
218679389
39374153
167180768
468877880
186047879
243402658
242099539
749606143
440622422
192455587
184203894
883997976
889518504
391583284
146463354
15091912
8492022
25928808
136057355
876236064
625857788
875126480
30426287
873024240
21414112
760187414
137087600
868890049
304611820
865897944
564291613
461478291
99316996
749679074
280833349
414487441
815411107
270897237
808846532
284222164
49054720
842240233
454262288
840983880
840360978
838161788
635039272
25214445
815413915
828482184
734537816
17830279
28653731
22866395
233358828
821182634
756098432
771862471
562787769
33896079
214026116
637313604
35214841
115839435
44541019
744529022
331426576
18285850
201502910
47696263
411243415
33449751
618734467
556913787
569242704
30679824
32895270
378052534
1458461
221454999
316688308
552067203
264917105
231969980
14215539
24929739
574947960
319962895
261808036
35027727
111946134
156854233
574652492
637446684
45285585
60138887
159496174
523836924
488628100
49901731
733938061
594905429
19363570
703390070
566140420
113130513
711076460
30925396
289251372
713078376
714363913
629603243
714053450
620955979
528066450
355697311
625997797
635845996
532720412
202358481
20119743
91828942
701326392
297938304
14719512
585283619
27560136
636401726
17584095
629557258
17407148
292277471
295581863
631239194
260307439
552308441
32353164
625739843
395545765
341644749
62575849
615363076
28824136
523677878
574486203
390698840
284204427
603766881
334849558
605748822
398961518
555250643
603698235
500122660
570983358
253800348
17203055
31273259
537309350
553878978
482267745
498944519
588310584
124207682
348269631
344337701
579120759
491656313
189518195
586265553
291849321
466760101
338543184
35841130
107268370
581928213
30642960
16983361
367399818
259196609
196778759
23312185
539338456
157111413
68922991
502119860
24913235
71277907
19495715
388316015
575304767
22299240
36083751
564085188
574538075
390309275
50321602
569302640
524997168
386315695
571688411
543582413
414041530
500853330
384542197
302973695
33898299
310238468
562083403
168783827
29230385
278591930
301433293
166554520
136369745
559223740
390759406
70556829
8527372
522812025
267215817
553348689
553067569
162054629
54264281
546050178
49115368
276140064
535425575
446737549
277135559
546279303
26894549
450220157
478099310
131884574
25027319
540449955
338880142
369742603
537760950
518064586
412506125
308899694
535324111
44859047
100620126
361238217
462220514
27633606
491831596
519740228
228176840
317452346
30818383
246024271
371375428
27231379
358775447
172588716
458019558
454350648
520154906
16117496
54036574
20667588
16055862
493115631
160055475
518655890
463073312
441366234
518660581
158477852
456628826
24399366
179338293
519699700
519624536
117310190
463257249
361555233
518601549
32650360
244987986
19566379
252634695
518455568
518819668
88826066
457092094
156230751
250815050
316357556
16425122
114324297
20340869
407433222
17920946
507749328
18768627
436045478
254428884
27801951
380068824
250777249
374712033
501859218
388328034
491525292
56580604
126636661
97282331
480887236
489188730
388034996
265035956
473038333
17669783
51305926
91375542
293534993
493434861
186105424
492701322
205406176
481051863
197339976
456152934
385431834
64448579
487222145
224353014
16271902
14763087
36126602
44409941
473927774
319206116
333530755
322295907
417390901
309989728
23881118
36689487
431686334
289618673
239663744
260582890
469404314
170016558
474469942
474820867
282363832
270884519
23663116
241208166
464108417
98908810
359188672
240143685
447442475
455116038
449246103
42923372
465484228
19489341
461823288
53157989
304375712
70331976
268507921
388892606
145264772
27136797
273922896
21036121
454078855
32538763
139921401
18730238
20025850
87423751
288408661
132982293
445482683
449759041
344263876
95614081
35059095
453531069
447501525
370623591
447557354
265843895
38958010
75890728
158589236
393958654
429123557
386719522
410431651
304457365
423623786
423822798
96994334
437582733
437559774
95841806
429765661
263516548
385318596
18541756
104284330
327415101
36947400
283706793
321622806
31671969
374272671
202283280
46664359
134973016
96495126
22453769
416409556
22341209
106077757
211959239
415017197
197845065
408222700
420507266
419761443
407090482
36720110
245398836
388531557
308607780
104181397
400280751
158460651
15739043
38703581
394868725
14971458
257529405
200988377
48819973
408634310
385130426
317329073
253120357
304673951
193515866
26810380
344438052
390268994
238148264
244785567
189320783
64706009
400214945
394837603
377359827
389710246
217020108
342743115
136371275
216096501
288738737
55394837
332279504
386254158
289385640
384361242
347578948
241324996
377404416
243215442
295693957
109164425
158042890
143149375
80377708
379268926
217583784
374488361
86173785
103821657
286526601
34914321
376527503
24781171
35890731
297106007
86761447
176780257
334279221
194587229
346151348
375174877
229531446
304468067
369137608
290085437
69201033
353147576
288303744
371281785
360766633
118783062
125949779
27722659
17687266
53187840
26016806
341910374
321152869
359025399
357146719
20828555
70500223
52770751
278634762
16515654
124340497
361963717
271012506
359719677
71508775
253221193
221795269
356913083
25107150
252379105
312029599
355773367
292946919
28134790
344428969
40350866
334984638
198846767
260819630
241255197
319468953
134562874
16933686
36087646
8276112
169226565
74790876
208780269
244196298
49503527
350407177
228108743
39775436
325168658
84617554
328855505
344424676
46139692
133710837
275199339
33191202
14675205
235670349
339813001
22271541
87325512
41643844
338089888
226224629
48110818
22631549
54358617
322689511
333856797
50665391
304107084
333419297
19123128
17663078
321454722
328699264
230237317
330526592
31924278
220882932
129840785
293465552
59349645
15170795
74763913
325667240
131015302
16745935
49506479
314409889
107740392
79175638
323277605
279334446
294070019
322012171
40858283
310431904
320912477
316562081
54779022
246753825
267171658
108693841
316670830
317289674
117317083
14464957
306388787
78495571
277857375
303992029
57843252
37211675
314670074
67219687
26334024
18342649
259857974
171174408
31341745
83429920
292755490
297600961
261365279
50320600
27680898
236359904
282329562
216362307
296619467
18587947
25701073
303049015
298928279
182016326
33076821
293604242
32176216
257633831
292403756
29046105
32062804
275574334
36902631
290347396
21344665
38895013
31081562
236534813
249190927
20328503
224074946
175064124
179548419
17437735
45921041
282879912
196738501
257176630
279150714
282317819
193573806
283543104
19033625
170039453
186952317
18030603
14807541
284550451
54998393
17773492
283363277
23389575
64816742
43209845
19198174
61978044
253746188
27248973
116833234
115159642
60985053
125322205
275409154
22019257
126842522
276976114
278672826
43265583
76022477
81955135
277009265
231854829
99297884
113396172
54666173
42383845
87741695
33042135
119132848
80705169
126695246
96455853
262751654
142533079
101386174
257010511
211717944
24601167
268312339
248665998
167558539
198145343
129949964
106347981
262368526
22335551
265306092
188621914
33076161
16954430
23166140
26539871
261722168
103566478
246010816
6087272
175429577
40282219
194624921
25585955
96993800
225102152
78649756
212323439
23016505
97148054
237659069
16953480
214754889
109003244
101760203
94461968
214557590
10748252
11420922
91193098
107472943
35038857
247075876
255799898
234651761
251843022
151083417
217218088
17494860
117435341
14821347
254280065
253896040
209773093
43230251
251205911
252471455
253358966
163456116
50146942
197530275
32426940
141646420
244184972
24909856
251369823
227377247
47417937
10021212
25776543
51581950
183640661
239141900
69009086
18943132
248043703
68650016
198933758
188663988
226713935
179142694
27147634
31334113
35335247
97263296
234696945
17122755
16529238
235139541
191474438
229267479
194783022
158413413
133469010
153624723
12831902
225147972
241236624
14943818
20770149
187453356
63626312
216120282
214226228
150726823
20832563
231897328
239692419
18501320
22083794
227043317
35462339
174067487
95438185
221847417
71229103
204116483
32894846
19408234
208166401
34409743
160932452
16696986
15841837
158414469
48479936
17479266
205339129
17478356
144945543
22545149
197290826
88581667
18392637
16137743
46479015
133474481
126382656
18507199
21930609
134844064
56473163
55649481
218593761
132403927
165178659
25728193
225197487
111442306
186206767
55003939
61544528
199571964
143499512
221397936
14212360
221472687
126773585
86984613
32897552
14637563
159142933
118910357
151041862
213389776
46987205
88477194
18452605
78046239
21228465
164345288
201783739
28366957
184284712
202432806
86692803
35007826
17513981
204816021
19264082
22678426
191467676
18638835
206947335
190454254
122248779
19342363
52757856
96134363
141713010
81215145
59722579
6281632
197901148
19035250
115120649
190684722
144873332
139773056
163480268
197923680
191639062
21196377
14267832
180139073
16957615
16350589
118892111
95273513
58820180
108132140
22217324
182440170
190915887
143135457
166985027
31036370
166653118
119769586
186578824
186274772
18571514
183055789
184620568
81756471
154701383
117178370
44894957
59584800
16586694
89802173
111718220
161007666
128003173
142764364
123277089
77720916
19859768
37036394
131643073
15328862
38895286
163885610
112775879
108605734
32379757
58701489
14129427
139839646
176836412
157813580
19633103
177684752
83893974
43604199
22671716
46431668
177581604
161006196
50306155
131250021
67333334
15551812
134170677
17108182
18809912
56475516
109351412
172205430
28185145
80913997
172825375
17545965
152011766
173659212
21834983
151322318
37000922
18291291
126420177
15282064
16857263
11279582
171735092
42195947
19402699
68045781
155629337
15956425
19243146
151957659
19165475
39906485
145764048
38109868
76751363
164865277
125678445
82701515
22110931
91016072
20447545
23907652
6604072
19774114
14231943
169213267
156436506
169152505
46808701
121299863
56584145
62631803
132221832
87284089
149198685
113089563
522943
95730954
154819385
55648286
76333569
27523651
91166976
124198361
42022705
45606805
89025892
126951163
124212640
51832211
151100368
82944279
22367796
55290296
15822392
16146588
143087051
23663257
124254580
83634396
102463540
141353148
34826262
18732472
132547388
36446627
103987714
133450324
22756467
97546960
108391366
112770164
79344520
58791339
11768542
92702153
120231909
56741966
117179079
129941963
89486580
114647536
117964603
43865033
121558178
17194090
29787724
86610556
17155995
15568884
125058482
122967577
18486313
123651705
17368500
32316055
113156267
86072573
16003467
54761046
82904295
105568859
16232185
37000484
118214989
50167668
15407009
22255197
110629337
59921551
120228163
24710118
62840820
22651861
59370946
15206649
114949488
51407841
15026502
108381940
24066046
114531987
96346911
26886242
15279465
24918120
17539535
34305249
24060437
27188316
20856592
109070809
66740869
39377814
15288746
78939078
20721042
22936237
97069450
102651609
49462929
96137112
17707182
55434962
93682339
19939596
48085489
33132808
38742528
17261378
81846473
85323622
21817757
18842436
83796794
73572297
81507333
18537956
67884615
74757499
63230376
66716942
36162240
80009148
73135424
61303983
16894084
58938499
52106931
71071679
71296716
66700885
21425995
57869647
16442845
34651221
21917719
19041958
33174178
36552960
51705319
23806662
46670901
24131179
28774235
50808095
43901608
40052219
25001102
46678058
29149904
26422048
21052199
46375879
35859439
15859033
25116052
18144393
22654404
36144714
15960540
27555581
16235530
19722827
31861273
39850054
30488400
23805100
11274452
32990922
39184515
18701238
36582863
29249864
27350922
24854571
26243104
19406070
37572589
16300279
16451635
29353601
36993200
17766147
21814129
24520485
26640179
15272411
32129645
27568781
35024262
35002688
17885796
32852588
23257334
25766596
33603743
15834285
17426156
16476025
15784302
2763331
17967259
29266891
26826342
16116044
25059580
3337441
18133102
18149830
27326889
21633124
22100152
25604529
22525287
23862487
857141
23801638
17131604
22859025
17123861
25568743
20453814
17616176
21165338
22563935
17181265
18537823
14117606
24734973
14905795
20938079
24664870
12010892
24039155
22322569
18780980
18181895
17206739
20002987
19807231
97546960
187378284
117902076
2356244840
185766018
18783267
332935087
571224644
3331727092
16814035
1626283861
3263807035
1045854992
91880765
2431222554
16231168
2323092409
2360227482
2303615966
136401228
3233753083
208138875
2164204794
274213788
1656710258
3257986107
1196702316
3288844876
91123373
1404056210
3187915326
48831366
3178886684
3192205983
3138026645
64532597
2816984498
3187547637
2767006909
127838186
16462161
3143540215
106679311
108455487
2789162058
3148007435
1939503170
3025641173
2881253852
182787567
368299993
41538133
3086783734
33497588
2426831526
47776927
75362308
2427458814
208656547
2733650242
377497721
583987646
74800761
3044811693
3048557525
868294472
2896008289
1878987517
2888739147
3017980351
2658154303
58397009
592501726
475927697
14052200
2561878574
636931259
2432796816
100853035
2254029386
2546318557
2916696717
2963800781
15607043
2962792937
1932550464
2575281056
2879183257
15841837
829612988
14562968
177301966
2382853022
2946429691
2260815797
402630155
2650814664
2414735407
33947532
2610191
127316663
931006321
612909026
114783637
2802114264
2742384685
476800324
243886630
2900759840
2875100110
352059889
2890077733
2389657957
844408159
2853350333
2851281069
117553594
152732743
1730642126
392532535
2802418747
2878867254
2460640746
38449898
2871064813
1362580998
2783700176
1691842783
38763242
151721904
2658617466
258523060
326535973
2799333908
2651616926
2474957822
2615443639
2791783262
56953746
145318322
1369471340
41429426
2784334058
518624490
84415854
2437435957
2327293646
593978414
19989479
24642941
2722739016
140491270
399522622
59804872
153871362
17669783
2428710967
578434006
2231596747
1493223481
268156915
20100330
377575624
1884006710
2510546275
2533636962
2280986220
2534274956
288574876
14592066
187245132
362861018
171926859
21814175
88692209
1692373386
2432468281
573795358
254183117
408136880
2514287846
2492137620
571148070
480252737
2472652452
17123861
614453254
1510469096
70976782
2316051960
402755810
18753227
1238591078
2327186737
412586854
2196546632
29267220
1598572914
2429097374
1160413512
1291041361
332219095
22290987
2376708367
1007126138
18560119
96613547
2442536492
2250328862
2370883398
2373319662
18089164
2379146394
37657385
286285422
1892724764
115472116
1444320248
486232679
35127638
2385164396
2385146736
992259006
15484693
2406062154
489371892
51521484
1092624332
25820388
2395651640
2304074375
2365815083
105507225
2226998372
278399131
288346431
735621643
15533279
21112742
2352431220
137288416
21909421
234198960
2180570184
411964108
16989569
21232712
62591948
613076057
34283063
924510962
304521784
2293549345
476771621
2249018845
1413141205
2272427982
749113
995993360
605774422
328322821
34498016
2265032756
563396265
1345079256
2225449470
22506123
2207348845
584150686
275656654
361086729
1525342994
28521077
16159006
1952318682
2267971634
591951620
15729557
64038822
237046890
21732264
311632782
2236551536
1665622410
2228784750
127595648
2249425950
2191119895
1948194931
2239531916
14402929
38248221
196572084
293696092
1861468782
14971678
1887606948
1424621288
1149301182
1649186623
2205510702
1691178578
1967210857
1226648138
14575798
154466468
2192880006
1849548510
1927527138
32650360
175195803
891821234
272085993
517168380
187508417
302784503
39180780
63058314
88286331
69706205
631439965
36074354
1675861008
446904302
111262528
607213087
1608940993
19721329
418048787
1941240392
280192329
46046512
15313235
82800154
1597990711
2161101728
63524788
2154520854
41392335
401573780
17513981
1859256176
714601143
16854164
544348427
152003835
1206170575
14212033
42152822
49484256
24779300
25108556
1887476808
20210947
1947971346
1927880754
111670354
124644567
1583890434
399605650
61584704
1931446472
1872262832
1513536128
294457673
75328629
1879958264
1897932775
69774701
1613941476
872804234
17250712
18345963
106793317
1146934148
258605206
1879548266
407131634
118843161
1873087333
205436146
1429180099
213780199
275262651
122770149
1855441640
241279551
14905657
1733771904
75176411
32363890
297492936
726846810
1447556196
258981487
613081160
214325971
1632744565
367442373
1639826306
1647346794
1579318261
311694988
1685452446
295267698
48552679
63506280
1056071676
16745935
150800311
605062476
171663124
1520224254
39149268
1630961239
270913633
17450354
18603877
612691627
1549052653
565734386
330379489
288249986
1152133878
252744614
1004669107
184845123
191831122
1345204626
532520448
863302345
1364201978
23349277
1371044154
522481841
37828235
900252517
225057967
1458648812
341719134
1494412664
1452461628
1573509409
21906739
188941422
49344223
1402366388
519057075
1321016070
421186437
1477432568
24233150
248215830
1552810687
477446063
32907693
1485580345
1542571183
1470825577
77518230
1361316416
1497856874
175386305
290085437
232974955
17746732
23469820
552883866
161591158
820333808
971302722
46110041
21148156
18332836
756844392
292459041
94850548
331157627
52748311
445690775
1482947851
344173601
139244327
26712064
27373128
521501865
36658966
28645291
153551571
1449960744
99482300
170039453
1433702456
833911225
123959163
203641278
1138405094
218017989
33433257
506041202
1026849938
1288697196
1259607091
608456386
1362458540
974754584
632655846
14579415
1419300042
87247999
787737762
502340334
275511324
278217777
477924342
37958539
53687808
563560047
481035108
1396772804
1284153122
563944385
291252989
1387517730
77827610
1140703718
1387568120
227406408
236694778
1241706103
282800782
1380077154
479198472
15170795
73829977
1302601393
1340408221
508956593
1279505059
224145409
252940705
37841232
829551043
980881680
166580904
1346476351
82980660
1107888008
985166887
568550309
360035860
260361653
917249532
1278218868
487645475
69176038
145771805
114559945
32328260
119083950
593774170
409909745
389188017
857046350
198284120
1262736908
141209597
190903258
130593087
39116980
531250460
1179127658
136195757
504849392
1176728882
113697077
1300142738
1174661617
789961148
75195963
1022993316
1141356954
109472711
253922652
257566497
171087141
298138833
110502630
19457251
87340865
523840252
1269473726
232633093
182931449
336764573
1006908098
578792020
24537541
1262619786
30853206
16584730
49979511
274416029
1248326731
34309752
151109678
16518494
121601973
459558201
313375223
981107060
234859273
19711691
15532983
861090636
148798066
302253100
75419971
1105414482
471943652
1164363750
1210511898
453682061
555342588
323010850
1191934454
1191364574
287327290
1167826436
23394691
1035472304
617141254
1069554841
21898041
522375838
407043981
247023594
932646565
161876451
256149525
346740364
208369770
1162169018
903038748
1055055542
139409532
122362601
543414061
301687990
515391925
358085025
227803783
41305596
848208644
1086700950
350046758
19031236
29764352
33655553
1070626868
431391193
29802669
14297643
123965046
960967255
317054504
226414442
142626317
944853494
1105523178
975478604
713146934
303301466
1100098585
395526660
24929739
123632804
120240085
604642603
64207926
602598338
15458277
97554022
100834759
503398472
409196135
1069206614
610423137
569647794
15704958
227698136
410250590
224829785
34710922
977331283
186206767
127423191
118828764
20791294
17580874
1054370204
336704037
178779744
12127792
265076691
1046778889
372033587
44725618
38339429
594436165
16190942
222223530
507962480
406063791
738760940
29430583
1021946334
64540666
396524270
793346330
810252098
46051059
516867082
915254270
40276615
193512773
975712441
22994470
1016566106
995655854
400524509
515081899
297547850
44489522
583408217
269221749
1393551
879161563
470995034
352548230
1013258382
302892268
1011987488
972790351
904886851
25857602
307911018
201531821
73160669
962849708
74042271
102754776
24986882
627792618
172512562
811599980
280606793
258335458
26796125
588848487
21817757
437646066
946195285
923211204
275665495
619828878
592595122
443218463
850865052
317014265
123786767
635635244
858591565
68624057
298299421
468944351
285445708
18584531
581162816
234107537
921547358
634664594
115085266
946133328
468232421
18487429
882485737
480050626
343598276
925555849
485051625
547136148
256960793
74476434
36885955
932494453
559011661
563691118
622036164
581006862
296967265
461148212
738454489
294533670
44582108
876560760
582391162
70774512
858408488
97362286
38266644
899947057
104827266
522563545
40243267
440622422
376353661
311190853
836132191
832716152
609490365
113045856
879826284
477766619
119775003
564291613
19453387
804805561
246648235
600385484
618262249
542824643
820410439
82509078
16059858
323684718
516775259
704735371
294504456
868890049
820948922
129235890
173811572
197046374
608764979
794334751
280833349
784358630
307803611
850065296
139744512
15322397
562352177
180870178
318112047
842240233
771862471
61326182
346052207
519188978
259535891
25402852
532223345
837244489
817943730
54796040
536852517
56473163
69069579
16841066
46677513
720511735
21517816
758094908
618320095
808846532
175886954
562787769
76721467
601423632
807841369
460175461
22275015
20642209
257010511
165622748
18874383
91386654
363402909
193769978
91970598
793872637
411243415
22866395
160960305
87736949
432314398
304958575
297073904
19538746
39290661
283687745
312759106
70128071
15496036
110739746
576585528
554523178
599351834
552067203
558744057
40741781
529222528
203646367
496931710
425096327
29871967
212637889
429265157
700567842
140883357
752068056
599785031
628389562
317501231
436969570
227098769
556913787
202739649
180159966
435019364
569242704
545708251
316688308
430826222
19363570
727770421
241208166
77676338
179244462
230530839
53436897
259740944
373588782
592019053
18684688
448725930
50512760
167151550
229346198
16565397
281076674
18478452
625997797
144555688
166133890
316837194
82892648
706581786
635845996
21549567
214517985
625973805
33253377
55581521
608637181
543691217
357020551
12587862
528066450
503318972
33062052
27322114
629557258
264304227
39427853
601468785
265508356
626937642
23302049
70291551
46952331
159660817
273421972
631296032
331736512
17639064
624778615
427797615
29778934
262799549
39434512
161044743
374734734
395545765
309907311
263322820
620167282
26323021
473318240
419464373
19842523
44955604
17027836
105237363
15068399
244206299
28190881
615799389
53363962
599748319
98338078
32450625
113050306
363846198
515826653
606551248
163557621
381048424
378761087
28824136
603766881
553198043
100236595
138888418
606863978
334849558
590944777
305409531
87485337
403435008
601217951
603698235
602891729
14927888
14220692
491472879
275582528
512459474
543548377
594966271
239331731
500161994
105535889
402450840
594042110
515613641
19149582
308995701
19447091
582233001
247062249
134591973
337730342
326316940
511960737
498964077
17503205
477892656
27036843
565814335
170072922
581955527
39777013
539338456
377610457
66031975
557007187
155092437
347396372
347396328
347396234
558848954
577302617
577426099
38841434
362391556
95680354
328626523
561490012
576222557
316357556
574538075
303205443
252001615
571688411
282542884
557336827
144672685
117905750
569302640
414041530
538570335
494601429
121395989
236976663
425219309
25569400
370720963
563942314
123974480
236569904
269890957
533513220
562120521
42568994
485053785
119845705
161134741
145654840
14614196
403016538
341258046
81870722
498320897
263719312
509180239
555462259
44540782
308775675
267956676
65353100
17829101
49115368
190755527
360941643
549885599
549734343
518064586
14255263
528251762
480777272
446737549
504472781
255677785
19031473
346168158
470416337
72127679
515797163
254719698
85155917
141329520
480811744
266120469
363258875
338880142
155558014
19246321
22269035
537760950
17091847
440429220
308899694
16521150
75281099
252260901
18398842
321482794
218949930
512551849
21290240
17598513
443059456
371375428
43282877
183721268
206363516
523297927
507174219
253800348
323284201
469206597
454350648
14125515
50321602
27580770
457069377
467588151
339603751
82867897
516863223
87493971
516395132
503525675
240719182
511431047
407433222
509171329
59785891
507749328
330723465
37436197
501102625
494259224
374082977
373116503
489232752
225689424
343150136
388328034
491771954
124499719
482601967
343480261
498249761
480887236
178076494
489188730
473038333
421884000
51305926
486671198
18170376
356080491
171485208
384564836
456152934
74362517
18319858
381294997
270465684
426126698
480628694
49133513
158844039
452484544
478611317
98737808
22843047
391400682
191964962
431686334
474820867
170016558
232666911
423349335
49506479
16351017
461353096
453529953
47683473
295351204
166512519
463181295
382174803
454036662
466535644
467285054
466823973
447442475
436792015
465730739
385819924
116828011
82684652
463353530
293748080
74220358
456849877
217193419
461823288
113101599
368683146
388892606
27777795
385847905
24452832
296890153
28396157
42923372
454078855
365561600
456648857
18730238
16188111
454188771
21097076
447158552
455048203
450124355
430858597
288408661
455116038
132982293
58229033
14953532
28016564
21633355
218107857
16280566
447501525
68605199
336007282
451134911
449939651
81943414
24150710
429765661
409376883
446873316
14725715
445013233
332409737
283824876
370135542
370623591
255775920
95989500
382990458
282808699
254428884
277852397
330511282
425076642
74243163
17144004
433779462
414879631
255096112
190063411
15047937
430816881
60985053
96994334
45606805
231255170
26243104
429075451
429598007
374272671
202283280
64426280
18515143
384904654
235284123
16549607
18698973
46358722
45947077
196353518
82093321
34272161
18277546
396828817
95349631
416320620
353529688
293606522
84378787
24134009
79195030
414059666
237483657
114083305
344263876
34985470
356208171
404358078
139953354
396882865
405427079
143886265
342421047
385130426
400842691
409125412
405428595
203438460
250391827
408634310
403891789
193515866
9491292
158041798
386719522
109164425
405774504
406584801
48819973
39298267
12831902
36303719
380691077
333639654
154843025
43111065
352763994
189320783
178713665
155348852
28272729
352764094
394837603
234476662
154336089
342529951
37828271
38567683
173340973
305247289
278317689
278657867
371828184
390338988
24173584
199832439
395658605
312118722
360182272
385027230
330354472
135979044
99723875
159509125
45757744
23893645
383995872
384222038
63547828
252487391
37725724
379386343
24133736
351489560
280963103
207958428
54265034
8173252
15305204
389268043
356289684
312477208
96237746
22978448
38703581
72239171
65790578
259418050
21124996
213735307
214675085
289385640
121398847
44950632
357146719
168783827
34278941
376366221
22016323
325644574
377404416
148174004
291549038
254610777
143915986
349300156
128121827
292936659
381530452
158042890
128834951
376820049
172457982
60475211
372564467
288310797
23663116
201318248
376338236
174688615
114502372
1763801
80414286
361332074
302103277
194587229
287334235
283934859
322284900
205526939
358354163
352688838
353147576
296624203
288303744
305832665
369145344
44232195
364950402
46437417
328577213
88728605
304457365
320305276
15970392
359438108
324090597
75300453
53787571
18801560
361281773
366716989
37005216
289851280
101291114
47357402
84131294
160675689
351692991
361963717
31451104
67113127
339864921
352226884
29812809
42207599
248038112
292946919
26236139
358211168
40350866
340552341
323720606
15777971
312029599
355602153
237441463
21215525
266871899
39170683
183280823
8276112
103821657
36087646
297390716
330860142
78337269
300835586
354490145
110246153
71508775
39343484
24030467
342761778
100018271
158202884
301085556
15927998
67578950
328585862
78107156
23869135
14665845
25791884
344337701
16521811
189659678
80409992
329797078
231961781
203344979
316047314
18360309
192023479
246024271
21785313
14083276
7980852
124437550
46139692
169615150
19659352
22536356
240279517
250203117
49992096
39856917
86818387
235670349
190827692
43162895
302794411
40435219
40746203
316870501
14759107
336750515
47215138
103101931
87325512
60559864
88961864
64627074
16833168
70765264
258712553
335062617
34999454
21541381
60863000
34947826
28643166
309935951
210943321
268815761
190653137
326144014
333046472
115851459
136322338
222856623
199143804
84856514
21911135
331789805
238349732
92668317
307876510
23980976
328699264
47836379
19971474
19765490
23205082
330147129
325411415
294735032
21231951
15949678
138756866
143977945
25276558
89742815
201381236
48135838
31660439
110504365
327245413
33778919
25325654
32219369
64291360
323525179
194654830
17043767
58546063
322689511
294745440
171174408
305073277
278660771
160975300
271604751
197179927
89273765
147451304
197475713
249477631
321591280
188468841
322012171
277271097
98356195
320817533
38616509
321444873
25069824
131016763
304107084
18401898
288733380
304510616
180678713
16736796
284380019
283878519
283878247
284380411
283877933
283878492
283878105
224919158
260990134
304669166
26390783
14498333
158737768
19596592
5649542
187354183
16788005
286322043
14420911
63136204
253221193
306388787
197452376
154701383
315421155
302070464
14496930
29956759
34760658
60448281
13557562
21761762
258971580
225892246
78495571
56484316
38440785
80936722
58210779
91935278
6201552
249704508
129949964
307249508
20920965
20407150
133741868
207600917
107554224
21667135
22359814
269085486
54151527
15117424
137865743
267171658
124492800
15864679
16689603
275663789
303606234
249720155
68352208
246055807
276482803
311898771
18342649
301460184
170730688
259798883
204879870
77872897
33191202
268868270
292755490
167854915
137707038
25509722
299543042
260168348
150802976
27680898
240336870
214074963
113924297
53101920
260114913
260115166
118569387
217532546
83002445
278052503
91017555
228633936
296619467
21150664
205514475
27098210
296869900
35990627
300002586
134930804
296404044
294070019
34826262
17120805
63003920
240720341
65986336
14927451
291910411
180160760
182556006
20776702
245478052
293092789
254043297
262273801
229051526
59417357
154361768
129508347
58701489
17486602
275725803
274258672
28748580
168473211
34364571
59196444
189146680
280852648
57424910
145062902
32912462
64797558
296070601
128370140
146216830
151989264
243658875
285670262
244245383
130725419
258982223
92103746
295259429
76853008
119294700
187644867
17068373
38958010
145350633
140400096
22860217
242565738
28440647
22979039
195817710
38895013
230014902
33695087
269956143
20894783
47968762
31081562
17437735
223193606
29773850
82115744
36290416
287197624
66564006
14284687
25287077
31900793
68977898
277493780
21545881
15859545
139631392
14547574
16068416
44117768
73312470
18411912
14322728
26643689
21414370
41137379
92778632
9921932
75854848
95531683
90758519
62088627
21787636
38944844
15723782
32894846
144075820
14267832
19367969
19270988
19325534
240070412
61201222
210844698
240367699
208034868
124826303
47339902
276580136
59722579
45921041
238784741
273269650
151219129
65570828
129914227
64305074
257209120
268570488
282317819
277898533
279150714
215370565
39775436
20653637
226346803
8523832
49634218
36263656
115839648
285290170
203938295
271321639
29787193
46325608
134672310
27077135
279072647
281780765
28704177
17385685
260041807
118660705
118510953
119434868
118904641
118690446
119220196
106229867
15892701
130261293
213330352
101038192
112272424
24455827
76014392
272828395
42531906
49776854
202321653
174526996
269149934
258479719
280823786
194624921
73399272
279525667
30426287
26107024
279458236
227775693
17901072
37687401
276976114
275094049
276228167
66483052
249901437
266078924
163456116
113709407
253271226
212342084
54978099
247894004
267930324
22116450
56495143
214754889
18328478
26587010
41108915
25858922
233358828
187233140
54998393
32788581
244184972
204868718
145347513
112173525
249476171
82395549
32191065
177011859
15280141
49025075
19181549
39803844
29780295
274293632
15535580
107082378
180523007
39927848
30814826
100381640
42383845
246103
22575854
212958496
35219322
41769803
240440260
259608606
124338403
26572646
227451841
199962693
24305054
273074624
15499489
132187774
159568241
47675994
269626636
178365199
24343083
142533079
271436295
272317971
24008981
211717944
24683857
35561760
252379105
73395049
257178267
14849573
116492015
244900364
27857959
31691311
16282293
260874751
60314601
150435789
123286266
122460052
24638920
217814831
267002310
105666017
137018176
196484369
22693812
266796095
217826476
199677919
52901665
188789067
121298966
145002947
56900138
19041145
154623002
25455933
23166140
201901645
246213037
41655045
35038857
188439091
42306855
26271260
244681398
109003244
135916126
212323439
116833234
222086413
217531561
119758348
65214004
127924885
215372518
40282219
59846819
197125799
63248349
80921734
214584401
209284477
18265163
253048340
142728153
255883394
165769205
251495418
258201205
202101632
157097911
124863754
119400276
246139052
30044826
237509969
16750813
243791731
205361917
241292238
256986867
17481017
69393431
124413598
122994278
17393790
16273144
232812328
48446066
85631584
35080292
113667788
38191916
163585221
233017992
196014887
88761916
207664541
97334092
28340290
248043703
195858204
79046414
19043540
112258571
250320497
26532197
243250383
151083417
201823378
216509439
174750037
238270074
243637131
245879639
15135456
32692078
98744945
234144502
206011112
213881853
247224193
48110818
244976824
231011711
16887185
196483520
32322551
609043
48032668
97370712
162177826
45604304
217583784
33988890
83908488
178959170
37032459
244297292
244433963
244155381
244653328
135958192
183234942
112577728
43927214
95296214
73043657
210824876
174275697
11724452
24608008
58053535
74520703
18333506
20398741
111573580
96352698
47071976
33628019
15713436
131976351
100304940
17268418
234651761
186903934
161151076
118922968
228945765
56004404
66328424
151639222
41031035
151041862
189086025
138818744
239960016
145233453
133757797
177912324
16983361
114558952
43977660
110448718
88221949
49718877
96889349
88581667
219680398
120223989
139846711
32302122
15693370
15856687
241562741
222262795
9345172
113114433
21596811
16720810
40731214
26008135
20944756
239169673
108817905
31707262
27359972
109564723
67955232
222594558
231940558
44362897
23506185
80498549
19729130
125980963
203381880
193573806
20928018
25733557
151353117
20460104
17660770
23892427
108317777
14524244
237100219
18638835
81790156
184529353
160932452
226781405
226703594
51502583
69048113
224074946
51581950
219646675
87515075
16857683
212335381
205594515
57360443
228050695
185990995
49894100
232360914
151971341
230763762
22217875
227452955
226441390
81961881
230087076
166816465
28006501
14652066
229339187
226807067
194804630
144092570
227172608
95273513
155698735
132685937
15076722
225454643
226713935
218593761
215124866
223244214
63552808
123661447
224609845
216767331
27056660
84954888
148087064
23260461
123263650
22729482
126697440
22654404
223236980
46278846
193772723
201206727
199571964
211390024
43717795
218700508
173239951
87175994
165178659
131378368
18052661
211363878
219553100
216877296
66092346
17122755
219702939
20597167
33622636
193846850
217042685
218287753
130141470
18627142
17872532
59254782
114884055
206416548
153259092
17315235
148877087
168679723
193584993
208683134
18561020
92236133
65481787
15067317
40355626
37355535
192385492
210723387
196130975
51323240
67521059
66249897
194824196
207618909
94458238
209840727
210416207
196596949
19342363
205926264
17505541
111647257
25428892
15637485
98475533
30818383
206660016
38109868
165435401
43273533
65013175
91121067
25718274
98593629
16440698
144545738
180852071
191208418
184679413
28507954
14780497
43045650
26385846
203606789
130392416
180887017
158474980
56844604
139773056
52770751
107939119
38362169
197901148
200508764
15103554
36890388
35643420
199096340
58820180
61978044
17878065
197854491
163987979
138516543
195444368
68313
190684722
180695914
143273136
51609465
160042762
34136248
23453489
21200199
191932907
15860016
84342197
189524356
182994241
194320021
130820256
126492387
19168121
164846509
17181265
182440170
120187926
143135457
140192316
32523956
189799953
189663466
44584203
32062804
59103901
17194090
14062221
36361956
1940581
15056465
87724412
180632082
127988957
186578824
19859768
166653118
19565716
131166422
59594745
179689074
89802173
38871505
161007666
37036394
16069206
161291504
131453261
135352406
15199740
163885610
72534705
87755988
112507731
16953480
17142019
177684752
83893974
139806538
22808957
17749430
22671716
10303732
9355982
177581604
173462284
157813580
172746424
160884627
48681681
131250021
857141
38895286
20953421
27985573
23248130
22518425
158489102
123865715
167067783
119709785
24187683
173659212
173834817
87670509
18274602
87012289
170358478
166807619
17873851
103419829
156575236
17920531
89294442
23336661
163651516
93677719
151574328
104188081
47416975
163575559
26810542
111614022
101302479
164043322
50488264
52106931
21899725
163615158
127439350
51807217
68641788
28173763
22016859
160695445
112351430
147687006
101798857
40781275
144613455
97532591
101601741
116457731
116456178
17782359
158488732
25393674
25728193
141364586
55648286
11637332
121283882
156764077
76333569
45594858
134726135
148583503
152844385
142247397
28443212
27821983
151100368
60046338
129667986
94420015
45688611
124879901
39377814
149621915
15582559
20464898
145491979
75794540
55290296
87497920
109051723
142998004
17292954
20017243
33880118
130883905
104565802
18998656
129432538
104664475
17048072
143930057
133864261
58304391
85326689
16309996
14526679
86692803
98793924
18292479
28240302
121857445
25937045
106183061
18690831
46484144
144212216
23862487
23474951
19791948
18501320
17527642
140521611
17386718
123948970
32135024
35799291
16562663
140675530
28487033
15279465
58019290
18452605
20290668
34396917
19730434
21013461
110328001
15628274
57379728
75354349
16333360
32520787
17897772
17206739
36666496
28223692
16562005
20163913
52436793
18262104
45458460
54052039
20197573
21585210
135925528
90424680
57650121
15316932
21466801
18496281
52217262
6125082
18626424
17930077
23703690
91159691
17795722
17898327
137232129
80664949
21267309
18926067
21618344
10348402
32178689
19041958
23798980
110629337
5848362
93772325
71566883
36336586
74579317
12808192
34409743
50338854
38983615
15882988
28621968
13306282
12524522
16283736
36308294
75167853
102832447
27565236
23432600
28274841
36642974
64885613
62204763
76385137
3667751
33768465
20369825
17214019
22965995
27136797
117317083
132221832
26786830
27633606
21440792
97520751
103475979
23321656
12724052
24158983
15766453
26742887
19503382
36552960
59370946
73310442
95274587
15829687
49462929
45893381
86837418
96684929
16724500
28191577
119693126
105655936
79344520
127875042
108483985
11274452
132143124
22520999
96511550
97263369
28774235
88817346
55953740
35579004
116469428
119853136
31409264
14167429
42151509
121865595
76751363
18809912
43865033
125881174
121662920
119810894
46254126
27147923
124363684
34904414
123844132
121022870
121022791
105042631
121073996
38056029
73432103
38215965
101612555
117253733
116515362
14446439
116026986
26048470
62898023
96346911
16738787
93139288
113716466
116675515
114940956
116508140
114981230
112682264
102444273
115032454
18005899
16561861
113643881
113088169
66802147
42011432
108968092
111334166
87661944
43948275
111107950
21677634
87154275
110473112
98566275
103051177
61366592
109301883
108756435
109322829
29875348
105177609
36131454
82680671
108391366
44164399
18294973
19086194
16957615
103818044
60273419
36584032
31157804
17653260
44990450
100097376
40096181
33132808
9528912
11768542
82384758
33967016
78520450
84105217
23608159
10822452
24899874
98000968
100846042
96822068
99208481
34993850
43620449
34033550
24991636
90587365
65923736
67153158
71675928
18315473
28142612
92852411
19852650
96889327
95264946
1779261
