84108657
67720549
3299256891
2275665132
3344354625
3063013810
3331727092
16231168
3305946963
3123693910
1850202151
2897406847
54119373
17870747
2162996594
2603359631
15162902
3138907794
2396442121
66790664
3257986107
274213788
1656710258
1196702316
1701137984
3221084665
3288844876
2849106385
3171595569
3028243762
349237218
3077808955
589262687
1289466428
106968036
3010013348
1878987517
64532597
2409658784
3158501910
2468452315
1250168426
3145420652
2894151001
61363014
1461007502
868388515
3033018828
2810660082
553106339
2427458814
149241183
1504651285
35457295
1269989192
3036349666
1873897400
38919171
2909789852
1875850117
248671838
402630155
338010434
9548232
2415652722
2986740223
3005372440
1976995950
2735917068
2450091194
1371144618
2974880157
260582890
2338701788
2546318557
15607043
21517054
2922108184
2489493302
2260815797
21772405
2916947821
2913892458
922570400
190421584
2233346598
1558898904
38725883
768074833
303520654
2207563514
95931212
744437755
2202007045
1221986545
377105501
2478871266
2586066690
931006321
2851281069
2857509777
360848998
2761340083
358079959
2843851829
38449898
1732728222
590865813
534508348
2798072741
26627852
2203395182
280958545
2344066314
714294121
2328910046
94107321
47048827
117610110
2715163759
2409626258
2162670752
350718556
67496160
2784591422
2454378517
2584273721
2392130552
1934665902
105285735
2646170240
2685197370
171991128
1182530118
2586384493
80651045
2659278398
2659200650
226174898
1900549453
2527960030
368683146
1890998010
1909937370
177726870
2227341254
2612933256
2584472166
16196915
170016558
2532937644
2575703526
988866175
2650114167
144075820
2587009092
463190751
108510027
344514638
2489562708
25525740
20404303
987229466
2455258038
473386060
185178359
594662498
364577733
102863360
98737808
119775003
102842330
64700749
440493890
572062434
19181549
88581667
206126665
199143804
511385722
254719698
280192329
15645871
787020506
105967173
308612944
193870823
795691615
266714794
879161563
39897996
187354183
2555077382
95273513
2280986220
23619829
1117186700
716635609
1287197118
17093617
2370117990
2460662251
79336317
2489123635
2362519778
1510469096
2350339068
524536675
2383960238
791751326
92986098
48480440
2272815520
2361828107
735621643
278399131
1901718086
2237941074
15533279
158944482
374016044
1269487800
1513768800
236335319
786261188
610450891
1471770912
1094435947
594923847
322439899
409489574
2182692372
92858587
586094136
165469222
1620756674
119715561
375302862
869662848
491854278
130860420
167151550
1525342994
186237357
86036051
75552647
718374052
445545595
15825165
373502153
2209160210
1885143246
772342621
28421112
62752108
97523646
1561185398
1675929715
613711091
249205136
1364776320
44675469
74362517
2161149234
517168380
94680506
730786040
1390628612
20400574
230947206
153544563
1758226543
68479359
37732936
19031473
549476819
385599365
789493188
423658411
1639826306
78031398
598999128
1566530275
166606530
39764957
14739201
22890638
486336580
22036953
1578619489
252744614
54667479
748666453
135188957
1158082580
1567104206
343598276
75567156
172889061
971302722
1461237234
623383644
1470825577
1134909722
1406722194
360457187
453755585
18332836
35392300
161591158
296464977
1482947851
727494858
901348998
127970745
1339079852
853789698
1262619786
1131760824
1408582698
456088212
20283676
995330274
516867082
196586501
850877130
198284120
343150136
278217777
1302601393
142374957
509116606
1040062903
178539683
173213454
86987712
141209597
86404024
85908616
260361653
710009923
1147913814
308387630
505168392
248771077
67934362
30853206
58304391
981076369
186284857
176616870
389188017
16873604
418682964
147564550
245049796
302253100
398588337
41226653
408512333
960998076
32829801
161876451
381659742
159099962
352582834
217351049
202739649
1010598320
407043981
89026072
67087381
75413145
29695614
786135590
1073415338
515431290
24726818
403016538
481035108
777861144
905095266
552854138
568275981
121601973
26018992
20581021
1076609101
1079638526
25373670
1072253581
800204197
501513217
1084144508
1086951446
772199059
256205122
571931984
14773700
589777300
248450288
482098346
59941549
248847857
543156908
854509526
602531907
162085807
52592400
995655854
70469943
597643256
277091798
1006493864
560578991
32662617
1001320470
28784606
38697261
593968978
50515650
944853494
820058893
174366268
341626295
64614882
23106028
485110966
864083924
574288926
752068056
966556106
56471970
323010850
594311135
147067341
582907208
490113884
951645169
93722616
904247852
359253413
169374171
326158694
735683820
701113633
228756634
158943096
232988884
353738872
851566579
333493040
44737035
440622422
883997976
92276218
392837181
46204677
16059858
25272120
634787530
108171021
37807262
419797653
107554441
782701357
375244935
719280108
578792020
769906460
34449157
415977004
227284739
309724677
785042880
493009826
61564770
631245322
215701194
602902155
19363570
528066450
550417093
589457454
625997797
487869395
635845996
202444394
621111011
279777759
291128925
395545765
594693578
569343452
376743117
334849558
607589554
426824325
603698235
460667560
601217951
14182488
53146543
429068453
76359975
396022869
308995701
279510151
90810076
582214548
377610457
14570930
577426099
569302640
325365338
414041530
553137176
291816926
524039162
195539941
334062827
49115368
446737549
90747665
178503051
338880142
87493971
531625417
274785383
265661269
528919426
428625996
43115491
480811744
379958877
66750686
34280557
451126644
478611317
453529953
322190076
7884762
441372733
339801692
419874807
39298267
18730238
125718164
429765661
114870019
240653343
249346415
22275015
67113127
209111216
368956604
95766279
202283280
421394859
423196913
82093321
416320620
408492549
114083305
38703581
289385640
358373539
357010419
322243805
46181544
252487391
394837603
347463794
394525375
340841649
342743115
372764282
28360280
280963103
287334235
151041862
357020551
47357402
383995872
34278941
97036699
344275551
194587229
245796494
158042890
214517985
64627074
52649364
50758240
28748580
117661743
299722738
288303744
370008804
368516286
253221193
76395634
259438310
278845259
287591314
89108581
320389643
312029599
243508957
292946919
257734546
359025399
40350866
355757265
173340973
185662415
298442594
135916126
346736829
86106217
312074140
80931384
16630083
204072648
333429436
332531400
294070019
297776021
117580062
149503638
189659678
40288023
322012171
241190732
284948057
260168348
57686797
160790090
196222204
258712553
291270691
285664577
296891275
296843754
55377688
278593365
38895013
31081562
15651538
45921041
49016452
15173603
281622878
252823365
174401450
37586406
276976114
128370140
235343585
267002310
263271693
263293333
263282084
258915162
251956217
10799642
249410245
191156709
256361699
255929005
241292238
252490502
51581950
247497905
226713935
241380971
214043053
216120282
181652912
134528794
17465718
54594124
229339187
155698735
227385500
46995792
200641368
209919584
199571964
220226766
15704958
46877746
85566035
206339998
190497614
202729572
205361917
17547512
182065466
58820180
17181265
182440170
86615684
6253542
17672919
161007666
167067783
177684752
59417357
100853035
94643834
86611074
173659212
155029502
35974894
86807943
56745670
76333569
151100368
129667986
63541792
107353265
16689603
85651705
97546960
108391366
79344520
58791339
20250784
100680699
130206836
116469428
119116841
43865033
50026944
29023071
110423583
96346911
34334009
70990537
112682264
113643881
108968092
104888272
44164399
99742444
32542277
33943843
97041434
90669114
18251827
16840386
65986336
16407433
21277179
17398655
15887497
3022961676
1531734655
2845372259
3040245299
2245418471
3238868306
1400389813
2712613128
3244436930
409005083
3261607885
43031643
3246964279
326632757
949764078
421249077
145621020
3172107169
136401228
45261171
3299882500
1341922574
619566654
3184944239
3235060446
16926210
3061121235
3021261051
36683160
1513699142
2382669744
2182265647
2382871028
397614046
24377822
2792582241
2975273866
3022889222
2541736118
2163933355
3254059103
101594834
3173663891
2183065733
2796601510
143454488
3242881029
23622024
3185607986
3186351020
178861897
1877975119
2950688073
714295051
3138026645
3154289073
66714733
506524510
3008537716
2990264912
509627786
3012561618
194747001
3097703141
3074052532
9623162
3065909745
3120633370
438711167
1184346414
3058823850
3039079009
3101206160
68448589
3094319836
2951530413
65594160
1644815616
354906341
2840521202
2904008761
2394847339
3079280307
34794705
1071221202
20832446
327659945
44714528
809583792
39882503
1382601253
345131630
62621869
325880831
1531633554
3035619788
606307342
86341049
353417911
2976394952
992144804
2257687802
408748977
69311511
1519775196
293592497
3025603886
2241486025
811684681
1878987517
1592876990
2933808885
2923768452
91659126
67923
2923386156
2690471089
2916179224
2376679110
14537645
64637962
429541970
2996152927
2904054094
2797397281
2987925671
2813664691
200252607
2974566625
390603110
2895834871
2956880924
2676963423
2958709746
2955462876
2165439127
23368808
1363309596
2711091174
2938859484
292970304
91169412
2835125681
2395566360
254719698
126104868
2925852153
2916064899
2382853022
25407858
459601671
2365642543
2827163700
260781065
2885179378
388416838
240350068
2564057876
1708215702
2320821690
2734629973
279612266
2830316735
2891816359
2692100155
9658202
263534591
168714026
2446142408
387653615
2854939175
2384028506
425876124
904861723
153966123
115002787
88991445
571054416
2232011299
31046190
2837183781
2827008500
2836315205
105919604
217595297
1537197774
2828007936
19063933
335575898
767
18754728
722291904
950365932
2847928243
2733757774
2758281766
1525762003
2391879578
2799333908
586433904
1140850310
128450657
1526649601
226703594
827987540
17275211
193021605
2538140785
178233829
780529070
174319719
2330904739
2548715090
2512746356
2592456540
2553716822
184662265
2533117105
2557308535
29517924
2459335056
271937025
2243681825
2425667845
2162060168
614453254
1565250308
2501734963
2472652452
2389718828
1376283710
2448816689
2351145348
2474469529
2460078704
2350724874
28169177
2393664342
2419404229
2337533684
2428418503
33160996
2448632129
239493444
151452208
2176339434
229854324
55859709
14761201
83383002
1278675120
385452338
1728551683
2374639386
278399131
330503606
950518999
17399495
2353824626
1080027060
791156185
2328187826
378351524
55020877
621098550
201915478
18089605
386630548
2317669921
2251749056
2251740536
2251738741
2308837824
2242601250
2220065664
18293302
2279505120
2265041024
2278709580
22366443
1890621398
21670055
152237511
2253255668
1090455626
2228231707
36615561
2169414019
604753719
2177889248
1944819506
2162675117
1905330384
517168380
2152622107
1943920370
430882459
334732960
206077141
809337085
1591254643
1961553829
340470449
438661091
496158706
1874140843
1653032521
1308974809
1028107225
1886949961
1114153980
1680363498
955048314
379416975
1866176425
1880302830
1868316834
748135807
459398745
636240871
1720092528
1525342994
1705773001
189640722
1660474538
107212806
234491778
1702504626
1692709130
1656494161
1256395052
1648959931
256853239
1674988554
1436623328
191659736
35539454
1559705310
361876654
214581701
10926942
1267595467
1382541289
1608295872
22075828
1569478201
360037707
355468237
1224911414
147466653
889899888
1575896023
23274163
1076761050
47513078
1565543954
599893071
1453051688
1534486585
876297186
116583860
1107507481
1498669219
841002258
351357895
224799405
1314630079
764798336
1483090747
1468141171
34329461
76498864
1444569637
161443273
18789218
1426519123
1374326178
1293123770
1435490905
191829339
1416829549
1410034034
1334138750
111481198
932326104
1335310674
1394915636
293237148
1342611414
291252989
611317658
948668671
217175728
271552949
127423191
117888446
1373258148
601008944
1324184677
1206474181
15715815
1258253744
579386731
1269772292
965196812
48467571
1340498276
1343260177
2209381
305708199
198284120
28939991
635016435
114248826
823217162
1297179996
1242469760
164320352
954687884
277120125
591316208
347391782
972744116
15560907
226129502
1271384156
301929501
792852361
1180114002
60941030
26766485
1023356588
146085520
535316981
89019102
621262524
17797142
1220567946
1220230856
240902121
41305596
180049299
212811299
808111832
923107296
569468540
1164928328
1170792781
1169971813
1107136297
513534232
223276147
278778393
1055040541
1095815767
225057967
267409248
548534193
1016563272
1054501268
283870800
1054247922
1112534000
254807989
18010499
85390952
1002872852
410217041
858648361
17022814
590376837
321367374
557346810
47298429
81478810
241952439
381115172
727021663
958473926
114348058
1061235156
435209164
146510602
140119515
1041899335
18516690
943850334
1031741226
273065600
163359822
935603113
584035068
835424726
958115132
429152599
386164019
233634320
170039453
1010587812
943381765
708428538
986084462
258066179
844875356
991077607
19844897
977768940
968587296
749681942
953498839
15322397
438064091
430383779
317472952
368198491
14910806
336247336
893693701
961061479
948204745
559721665
858591565
915588902
467392112
925988562
130288303
268558588
296375968
33183509
324756196
20102048
485173307
713047597
906295489
818105029
837115969
923380705
893497280
811215055
26653167
365114398
105685939
859054694
922690255
454587583
57815018
399663796
916966254
904456453
115692763
703310208
494583200
374167664
419951730
501033975
88599129
409383848
215448353
529731371
893676542
107914237
440622422
587862677
886824751
326797074
883997976
848722854
19732683
92276218
41676902
512722403
879269269
568477227
381061667
212323439
17717593
201075111
104541141
536792179
260029172
253868091
145671206
42725075
465913239
599748319
757973300
867354162
607368712
851908080
379869831
566590762
462575336
370269230
848577600
251484796
23083685
126117998
565989250
622280472
851616216
494262050
843593384
9965842
826100312
11522502
133880023
838732320
802392534
846518827
337508743
842803872
633387727
22601942
231387269
546231694
38672141
464320631
827950874
826601268
823110690
575484477
817891754
170714232
626800980
464137683
426856059
810249192
488595625
411243415
626668726
70602439
378307840
17709019
803893038
797282557
796269498
792409434
119964939
377007232
753568650
785078154
16886925
274416029
769097898
612065206
762933961
551059876
755702538
757735572
318250932
352853928
754343574
744660240
492282936
542872177
541347900
365822520
6753582
590333737
14920592
20565876
734981066
589603294
718232089
16271209
295513152
41636196
81263199
291757899
16138751
451517196
633280376
95531683
154599138
265545299
403016538
501502857
635845996
704566454
382889340
611641545
214845730
621971981
106217193
634987263
517904439
264304227
490760221
553198043
584177687
57424910
113114433
21596811
26170138
443019426
633809430
265508356
113106273
117188118
469261106
626098563
620167282
625739843
623370942
65672208
197103055
171931407
609939792
550385492
450189051
23391804
143629710
562099484
378852976
31497014
410178768
253556137
532711712
611416984
229346198
41975975
139196988
562214910
27690050
199392786
603099348
603698235
278703508
566379190
599588781
596821313
556802246
17194090
22815415
594663234
23977107
308995701
188575643
393947057
585274226
565063811
1188371
581983012
292848922
216130843
390429368
146209843
260444501
578884808
578715592
167484751
26502598
209201886
158223554
523534879
34840572
506243120
7177312
221718578
414041530
552764719
542315492
30913645
496551836
329678036
390089283
87517679
161773913
88970234
15966363
16807299
312878292
560757459
256949516
105181465
436042230
14158654
550281321
331575661
372162728
393017312
439850369
35921219
407952321
523554396
28305761
28493776
26303602
546152108
227956463
538072820
545439138
234480129
27918498
30486773
268969780
454112019
21065280
541283052
10447992
338880142
474186329
537552577
537408618
430234688
345540284
161389566
57238047
26268663
150614359
487240993
500360243
95530498
153373297
458764636
376819062
246485793
523811315
128782019
516918129
222962691
314078064
375268594
122127091
302200236
517246102
517114974
34294605
514780655
77251400
176481079
439569531
468118331
18541756
502606566
501974543
253211814
209182931
482601967
50907104
22206565
369522294
128341588
494513120
194634183
94869581
481333946
468119182
29635108
351394743
26416733
62842218
190755527
459714154
325775590
40703112
435589348
472862461
486059277
69176038
165530769
327546494
404064011
313752575
59539942
23282565
485056846
87105499
56291088
468928558
68516310
61784749
169124463
480932028
16712578
406832848
479923949
477775797
23171161
478611317
472071796
80212996
27802682
431804004
386230388
56155235
217544465
365806087
468115397
21215525
273042757
14554078
61934850
24929739
466026496
441573916
109590036
232601649
452605703
388323755
435307619
229613393
458365062
454368719
454078855
293047154
206917281
123649059
17473377
400336856
403698290
316197387
451781771
363582029
338187382
440986794
449160555
429961699
384166103
146084557
16872388
103653633
38167344
337046680
31739132
60383939
96994334
123033330
436447731
36422129
312946987
266735684
400629404
292508463
433550227
81706155
424361172
405004879
398944627
137784773
226995045
222223075
202283280
425514181
62054175
15609945
427077547
79048825
425060189
17380977
146442811
413734733
415531972
403771971
368683146
23371108
103885256
322887278
93229504
42651647
404143332
41983800
230993815
282167544
396962518
141364586
278404511
409392059
279198307
70265023
230779101
407530711
144212216
217398416
169375331
29775575
33005919
378152434
318925321
385499212
24687965
271434478
390120626
400000223
160737564
14420501
331312794
177274609
248990674
14592723
113055280
315217636
21611495
394837603
38855999
254026599
14120729
193458094
20772804
32140200
122321491
186729320
69149255
21545881
20576040
377180066
280192329
93974222
48110818
388490999
342929507
217596969
37033736
20819718
378784343
148679261
248872251
386860595
278958256
78643
18912321
68189648
381504689
292050909
19827088
36481170
382984829
22791188
133021805
32304947
273652174
158042890
201883668
378656593
47707578
284080226
274046562
97034665
112912736
370994736
248829548
303909068
56915234
69784810
288957050
326565248
361766759
365158838
189426438
162244559
22510882
29085908
259266114
305634171
261898730
160745574
309326122
358905465
342053633
27990355
358335769
254707873
166798903
315070668
354907918
354900875
50052394
287591314
75943317
339801692
19193763
109072745
346715951
326093851
18249256
204384866
87757536
341217430
339728311
57162975
331774878
15901521
23424131
229958750
336217844
60198032
220337307
328109323
257050761
329826590
290115119
95452810
330685834
167434360
322137922
300708871
328790620
267943495
315040763
326313092
19297186
279409487
314208161
322012171
19193237
314355950
238569398
137460684
61621821
300773912
311222044
317620264
72869574
252236120
65516188
316703558
26765723
258971580
193464730
226851956
310246115
69870483
214767027
200204784
14618578
312501749
278224913
233671444
24176291
277854588
310137935
18221770
293150253
304216656
256114102
303975935
299864295
96464910
301732134
195790950
300045856
23539941
280829424
298916079
123983474
278906906
17085123
292301636
272409773
21351987
267812051
20940602
281582932
205804659
38895013
292376579
291528204
244204133
292385372
17074573
158061141
262208016
43310920
284066898
93685031
101650499
239999980
283198000
16123241
282148929
279587870
266616895
44232195
28588467
280333570
257010511
46494232
119761740
130960094
278349526
139953354
136084621
256800137
275967701
20881899
103074834
253271202
182156994
250330555
37993822
223274331
273952310
269143143
14819293
251802541
28822637
262528355
255628324
100110971
243138148
89812064
270332703
92819372
31468261
234826723
135583582
217598035
249758480
245391749
172175318
257339100
36889911
182898659
207693144
257321167
169613414
263366084
222209771
172566485
138657729
60688501
156859391
27259964
234248247
249199883
46470414
260222218
226021479
23200208
58729700
249175242
32608137
250303058
50448686
94035912
254387385
221253038
22336615
250499424
98356195
202695439
68920521
33940196
21805026
159462573
237213238
95296214
151925938
48079438
208326540
239264288
128608167
186913349
199038830
122716308
115635255
223932334
24334286
20764542
223164639
148059488
220754087
99128241
209884948
193959462
225298167
17763074
145599833
129347775
23917469
208259117
178596787
169615150
38371394
55953454
105198614
76239482
179447479
17036587
206173396
190684722
184873169
14170609
141445671
84611889
91159691
189210105
192827582
16569176
43234226
190209441
192988417
18492255
20311629
66892168
45130464
17583639
186591984
76385137
19780804
123408860
159492174
137460929
44292587
166256281
148133984
18997933
118678378
180447267
24451384
20012144
20012219
43492105
137417372
17548902
19418813
178842666
39741949
174019139
18722853
78068316
99669107
13963742
21787636
142778237
89297292
174225128
104939077
168688967
17077093
14282672
125430126
60872645
64802184
70561519
157089038
164553362
156481214
148096971
153630808
9355982
154224575
112533191
19149729
150437018
94273731
17876394
148671846
41650007
19195914
6557542
18626054
20639575
85894262
15494931
24175973
137569721
130580266
113542922
112228883
71066220
18218285
15431253
134805484
18817016
37985609
15454191
131569142
25092348
131385550
115378343
107458043
124610793
39580186
20820247
130138862
14377710
102168953
127660907
84320510
66834352
24991636
110040811
112274564
115265129
88866223
75440996
121623066
113144686
112226481
113145881
30279074
38563543
63622427
70999293
58988122
116639470
55797963
41958323
108992168
24694809
116371315
110609917
28724269
19362061
16466757
20603062
36683973
111917518
22218108
100855416
103441182
56503565
36369994
19588918
67335870
103040620
76864376
103058867
103057708
103044268
103043484
103042107
103042994
103041614
103041114
103039345
103023746
103023317
103022812
103022269
97263296
103021562
103021016
18817387
103020162
89277392
32657096
105877240
84166266
87090519
63906796
40340473
16859285
17342973
61730566
17511879
71415301
55605506
101279830
99803294
24539231
23124830
21150134
43906965
25287077
80491628
98032560
38290766
25643544
8308762
15730979
33044533
94809370
30858915
94107851
14469090
87209973
20175361
7275352
47839707
17892131
42293625
22461026
49692473
36961704
54282800
82958289
56410584
90801295
38732231
82290575
62418325
27645532
69340177
87968864
18764608
22427741
6852682
16587002
16076226
17126695
21954919
19832095
17518993
18311671
84593015
17996062
80961496
40264104
37239647
16228699
18050365
85432247
48085489
84744420
26347000
71500561
83548414
83936828
19696413
14824020
34668386
14690254
83200713
20493329
81274785
38263701
10677082
75378100
82862878
79870742
63533704
39856917
80760580
57027603
82115744
28469671
30011592
18422799
81612702
46743975
16033288
66008046
40366230
77280212
79819550
25842295
80171211
43304598
27065990
28521619
34746526
531
21901737
19713239
60190519
69198851
18708561
15292747
76810281
71398643
40346696
72790521
75397081
26564174
22860177
25018676
64245264
66010209
73916329
73482327
43022858
40062053
21211055
18942524
15824375
71339674
31185370
69089584
40777546
13306282
2797681
70787432
71666601
64064289
63149065
50648713
41616612
19288123
64866810
15406144
69444854
65417385
7744592
55154297
17311302
23247920
45266553
22874276
31409264
30576481
30552725
19540701
19608470
47018037
49920287
66767158
17786938
22848944
19511861
16175773
14311566
34474143
65260624
68796260
66833708
58074298
65755660
44672132
60018750
19842230
25172253
15784302
65280178
54453399
64900783
57396855
12792182
61688297
63531649
63533499
64435319
63540017
48501922
62889240
26885723
54894370
28984019
61024763
30321162
17044882
26305369
50619598
28667362
61577546
5438792
46697676
46821808
35516648
55357788
44407905
58491752
45659360
16521150
61252059
22510821
23987053
18731529
18081597
19612652
60246177
14400041
24831805
42708936
55266192
18432342
43131524
18965249
19724438
18537260
23107573
48190809
57491020
24171120
41149230
50259686
56196518
16617732
19935420
22804107
38535557
28495052
46876353
18209523
42051535
46769158
38593478
16751582
53033966
24916455
47373246
25023636
21842438
18910714
19789559
20122088
26414212
14941009
36095329
51331958
17057376
15033892
19596350
44834966
47898360
37201015
27857959
16678888
50054774
39869476
15565871
21421029
49545717
49339948
15874512
48372541
28408787
45160235
44178907
20834936
19903350
40156142
46898539
19784023
28839955
17594817
48066907
16382545
14766502
47820865
14237257
44232444
46905467
15013572
30512426
16727547
18393753
21777470
14318411
34080819
21002479
35964183
40037276
41020404
41739882
43542762
37733126
45297587
24897308
46264804
45693285
43457911
24952253
35096291
45929232
14906097
15920704
45875338
10280242
37799878
44319040
43345660
24628664
39706283
34533773
35091848
28811557
38889111
45076643
10342142
3971941
17753938
23910657
43324833
16892448
17862096
14067532
17140551
15048198
20059059
23437315
18518824
40946378
16730058
26290251
43153527
16781168
19358227
29873935
35597831
19783281
28221656
16194628
28136504
27343738
25393674
43811410
14437962
40327950
23359070
16338193
19308377
8634382
14194794
14633947
8003072
43480695
18584018
15378358
17410188
24353102
32685536
20369825
15615510
12522
6633712
8406952
43520316
16953480
27781110
20648399
15104967
8797602
28453895
33444651
42766073
20025718
14293400
22044715
42568585
36881949
17964054
17019446
25898134
41625767
41627758
17610907
741803
2149861
20770859
32157566
38967442
23844016
150433
40826622
41857037
16470066
38388393
22380604
34452281
14263277
22511319
16590240
41216145
21572671
34742030
37492664
34767753
14377870
16146465
17418594
29600307
23819294
34582589
18690831
37347810
37254479
40412098
40401707
20433457
32607298
21468763
27548911
16050032
25609622
28777920
19803702
14413501
18371010
28296816
39648149
8071902
29396590
16356322
22513250
14190817
15492609
37332723
25252844
15211870
17175277
27018814
38699596
16584682
22212908
14202742
17594148
19362718
31276319
15356225
14715903
38074126
20079307
32256731
14079041
37976746
13224472
37020601
16494530
30055542
37257142
17954431
16457398
14905951
13914392
24101142
15476727
25766596
35653865
34000956
35547108
25273829
34820655
18516682
23554196
32436940
34678877
17171027
18995440
16937606
33019583
23146951
19635697
16540993
11578042
28314816
30575385
27574721
30710943
30520619
17341358
22456164
29775167
15318917
18365744
27921238
18003040
16673147
26739574
19380612
25834958
15681221
20880974
8368862
23678982
7854772
13823412
24713477
15566901
20820391
16331842
23686306
19038142
20428170
11588402
20171793
22699793
22424369
19766666
14859705
20544405
21444305
16387793
17453563
21414060
21116954
20735873
17093617
20337147
14701201
19747450
19817721
19936116
17681513
16642639
16381281
18337989
17115414
19747837
16257278
18193921
18034019
17639021
14063540
17419608
19101340
4303181
14248266
17885796
15064957
10355872
17938760
18247570
9345172
17663756
18492832
17883101
17432814
17304614
17330730
17358129
6277272
15899998
17656581
16796831
1037531
18055293
17986995
15442984
7937582
14679956
14634720
17270347
16928172
15794195
10355572
14270799
16466313
14072989
16636502
15467920
16607646
14180684
14469954
16245812
15778314
16372200
15884061
14831671
14065503
15915425
16102693
16104526
16024486
6046132
14668192
796983
1253451
14603261
18679867
292506994
227355847
19356695
17278042
3033895149
3124026340
72968446
3318619899
2978551828
3271268754
67973977
60244957
3308512113
3306088385
3351887243
2820603371
3100843612
2295033888
2744956818
36443283
3308752019
2174732226
29934670
3259306819
2647466106
2668876188
16231168
150199435
2268399157
577322957
18101805
477131488
2668753783
30534285
273275868
55142189
2994622653
208138875
170753037
2734120056
176569877
2717866095
3230698356
268569788
267020551
48283258
1873597082
216889245
3138285032
3312065387
70675114
1586854166
1574736918
67200290
3073764424
1485284684
493367808
3175115103
508786582
25739033
86626845
600470732
111099457
2668858369
368158573
3304307062
46670430
2150791434
313285713
2535394165
3300473447
274213788
2992715315
2447368424
910877330
2768209090
2817591732
2611663272
210541126
38006889
2470233536
262844031
89042569
19229536
153074716
3288518938
3288844876
2889060807
3131348908
461529170
2854202554
300860113
18769082
1636148071
38890563
413308631
14065917
21279251
2951971541
3251339908
1266765888
1735587494
1564219544
22420130
582254565
104840386
3107950068
3105274986
15234592
49044100
3228173302
3147396616
20215579
1209553712
3095606510
3201984983
2785649314
584146054
3142102852
826305247
509137590
80693323
2961564643
1122459217
42733532
158135883
100181411
3145540510
3149692266
34325728
3037843171
3150233625
1161270572
2415834740
3016824443
2831821952
2724285211
2277205346
2840180656
2201867274
574847052
3141832266
1927752506
3139454216
2324633321
351532263
154238974
169912805
1322930042
372351408
28666640
838414616
1955190559
255522327
3091453511
373880900
2790040285
1651632943
3111589991
40940453
2668818404
63907873
3110405182
129608056
384492618
2304586929
487175788
1952979300
2359182066
2911974787
586694926
1101252860
2427458814
597647783
3066066029
103033832
3074684797
16729555
88053063
2992526786
539102122
1040629662
613705305
3077258951
2528273689
2848528913
1116359892
61554561
57113152
711881682
244007162
1401103802
99365225
1888182168
170400197
3006542981
24828907
3064104987
2436331808
2924322759
1938109772
36948837
17551820
1242060446
2655594823
627814055
43171501
21176031
319776765
192434493
512292334
109647669
120335113
3028290007
41031035
272414419
2184098786
1878987517
3016636745
2836282260
3014054493
501437280
957616158
3033885443
18047319
3028589033
897921314
25384299
2764590090
1908839078
1663682810
2944142273
18903651
111043869
1369112454
2946108430
1454712324
3008559022
341259220
36816333
448336979
281397494
87962955
60826234
124113432
280648542
411098984
2965768727
611783878
2797397281
2827339051
1428460388
1402568623
2366020921
2964053056
16560429
414879631
24975493
49089367
2990479887
2431133922
98737808
1054039040
2847096977
113099849
2978069951
230477368
2252603240
2976421982
2889081924
2294997709
117457793
28119084
51611410
2405642218
2927226957
2695900424
313790919
16932090
2949995479
2601893354
738527774
288998203
1340143795
1646545196
581599031
852795690
2508804470
2234289947
1944640770
447381343
637259104
2695637184
402630155
540003598
2684257742
20483471
2723041859
2191819439
2844559704
264331813
2466362172
16349406
523091335
2927697553
70475962
2806294440
2596807742
2374023847
50801907
2916836784
2828454453
102910485
2273761375
2381317953
2821617657
55407678
2885920367
83855663
1433243228
425876124
259212973
619598737
2456223144
22547833
28849462
21793154
42988035
87581006
2864238167
2799180314
583079286
735516151
2905726267
2885980311
2789004437
910299090
13394752
2575281056
482975803
162110415
220253152
2510714202
147984035
1448529769
2490312722
64496398
2891053608
582158845
2750330234
2285378768
2198155088
2860915384
2650814664
249738706
1889492676
2821251801
393858736
1565298146
131248009
120103350
108401516
316316336
2842584794
2790484063
2542461696
19077568
19583251
1923375980
204061607
2826320450
2873598200
2866875494
2327946295
2764888813
512565097
110786387
1452327168
2196341839
39349208
2269181654
2815804108
2833203508
1055593891
388471366
154590922
66763889
58874102
2853566293
1348188829
2780309568
2822824809
237012820
71573736
314447608
866492106
2817145046
310554649
2704274366
300627741
2355176324
2842311648
14052200
314498013
1424464910
619215936
2798986713
2796072651
309813788
2796910355
1685784900
27421930
23068604
74844954
2784852075
1944941365
147011166
2457183043
2173701183
2799333908
580339873
78458189
1633751226
1979554802
45685454
1048879194
468622563
21340146
20773397
2669887538
574856049
2772103917
79871279
1688839124
302355742
510061212
2242718510
151894618
2786418438
401905266
1491860286
2798389790
2791644091
2690891094
2197425579
2721741788
14446656
272141779
183823879
1431415668
2776546447
2693516678
2734554565
1513299283
2727683563
596399450
247032659
2567897946
2271894254
137901227
216930773
38950009
2739061471
2739017463
1423320054
62426629
98848098
2577251859
1230024174
2718707827
105210829
381187726
993976087
2272186986
89119710
292187017
16519380
340408607
2382359168
2423595918
2214332244
34294238
760327921
356364275
1860699386
95728052
2419526232
188579644
2469386462
1966890349
74160820
2665630933
21919277
1602476227
2646300120
32800620
2674657964
2676535345
19821838
334914754
2437435957
2654637392
2612301463
2548715090
989207599
22869340
211985056
2609483588
393112620
152010973
50764982
154544589
42708936
334540197
311672036
2589388536
2577190920
20610088
106457664
2595188192
2575464108
219447588
478616145
1592857140
69566001
930314876
565436404
2596493461
2594140908
2391959636
2583615968
2161690634
18084770
54201104
427041463
108658331
74579260
2585271294
209983922
2572535684
26826409
1961754752
130210103
474472585
36737269
205272216
2396756364
14750177
181193802
2466142365
2535434533
129971778
14550448
2505039548
851106744
2530438436
20495814
987227946
2571644947
1614514914
1364991852
344446076
1439057773
85025700
20104092
2444572854
14411355
459640800
2282699965
1648541863
37671948
2491638416
1102155342
27625137
30242659
94646762
1689894235
2426069424
2421159554
482624759
281733374
302212467
2315426269
128592428
2499650017
380500399
5649542
282376432
106967102
2282808060
275168677
456935396
2422375736
51154877
2432305958
244184972
55647330
240160993
22944873
2535397824
31669860
85227160
1174014109
450007957
207630252
14755273
2531175504
404451734
826455428
2536421622
57232297
2535475363
2494380595
281598440
2533957345
61105782
404104450
18249897
1877479718
1164040386
970076714
800636702
2524505305
35585032
35400960
2409313903
2447866291
76340791
17395569
120650449
488050817
2207676920
2510845460
2209974042
2384028506
932168154
17929284
2242531663
2459100278
2208995148
2483091037
2459148594
2468620628
18142777
1597474819
39800188
2417627659
2451774223
2463575898
49416874
325497645
2414808806
278536984
2418057924
96875199
2271476460
1055551057
222289656
2363108149
2483322588
2452536585
27900939
2497317436
27976739
23608661
424595605
118828764
26920981
1337473190
263507229
1154452064
59137653
2465035772
437770896
2514812103
614453254
2304240696
2434899253
16195981
2398550917
2460347148
506246043
158129535
273955680
1925007024
1732599787
14467470
704046795
390283225
1965614497
2399858875
2445774608
2424126554
191448943
130581032
2170391984
2441779514
65135363
2441934006
712924154
36960436
21582721
2363295619
1137810302
2437063586
84013438
2362877984
456011449
364730033
97552858
1895874626
88581667
2374213926
25879309
2425460911
524536675
1209403772
162345231
325724829
2329433149
1691271794
2423119255
2359805809
528288506
810895291
1718379914
2362030078
1052496968
1323300530
2282673038
321705064
2214078492
2395354250
23522643
97424513
2337198793
2187453926
2415012900
88709932
192906510
173834817
491441903
2313984050
259522399
50088781
952083709
2319553586
1732607948
55595009
2151006643
47433937
256334954
32331255
177257328
404137419
2402138110
2387306018
1169906335
313051951
2258675973
1340624978
1900985287
27642207
795061082
2393639618
743048202
2316750962
768665892
2355855181
2365952646
1951185984
1682378467
2403100109
2380518056
226818686
68031118
2381480552
41621787
95480471
1148195275
211695348
2376966799
637329192
309124612
2293734474
278399131
21369965
1457680152
2243919709
907295780
893092758
916837015
574160424
22943396
65728106
2357275827
1589395507
2361102361
236661512
2352431220
851503992
2351494669
2291053021
1908351674
709092534
2350324574
14215632
2344406318
2344196520
2291803778
1446694140
2233375238
2344011804
119475889
972033175
115106787
1905030210
59133374
2238245988
921330608
257735129
2228667494
745771958
1582593798
1436439811
25556504
2327885305
2324621554
2327629962
2327414468
2327564011
2326367336
2325747842
2191260554
2319428788
30500021
286124231
224748873
104849145
2295434528
482477175
70279553
2310184571
2314635901
1008009133
787003266
2278058666
270064153
419633386
64322565
2306956476
2225449470
1950367022
340243403
2302819285
30654403
1084490125
1653018271
119202152
629021553
2294661774
61052023
2291552924
19083933
514873681
931082528
89517086
22942701
2205694866
2265022818
2282303166
103058549
2265041024
1320816660
545244186
43907062
2199817219
2263594152
1157544774
2207693328
339496478
2180331348
1352867574
845128760
381083103
1561538160
2245927478
493277474
120909470
40834465
630622933
298639007
23736913
2249120316
2225606790
2243093874
498065893
1732724953
398801458
273860638
142216177
5773472
2249055715
389558284
2155777346
443212359
1935135967
58880942
472657017
1702363074
169249029
633366778
275897917
1606672896
34383684
45997513
2161288370
1925070709
176260948
145318322
917357851
2228231707
1525342994
14922560
2228995795
84203658
833036232
2177638704
2221728854
1961128880
83221847
2164799358
56754961
213742683
422135258
2211789589
430045957
322033117
398422221
1700043738
1004846696
475489471
17517795
2205196218
15212434
572397246
1849548510
1927527138
38216130
960868651
475840867
26014766
28459154
1857177026
1934440580
282618643
451267433
2176026680
2150994817
342979798
2185418150
1353242772
468115210
237370915
220403886
2179124648
43353510
1944834468
4408501
829506410
1242026264
1283747078
2168175235
569426103
178143154
20851010
2165643907
2155956632
785512488
517168380
2151805132
24235558
39740810
200634860
197580230
1904398958
2149656073
97134855
837301315
1528170373
943506336
1946878776
307608442
946826054
443183426
1300116098
127504719
1953053851
573757898
1956729721
1897603651
20344116
1938975422
15459785
54060106
1945909568
15480346
476238744
1400006928
1716668966
291199753
18057077
234932098
1886949961
410267960
1911843500
1918184238
557224795
463040342
154394236
1888684922
1415177666
1898577409
416473917
1613941476
1681009562
1897098054
1513850539
1735433304
34057715
372797458
245530821
15283447
23256390
211969801
73204996
1880637733
1883864035
1682397852
43784428
1691001798
78092059
592097263
899213108
39592661
1098710533
250032406
926402088
491332318
1854695676
101899561
1115263212
603838423
213780199
436356867
26299972
1719644851
40228507
726846810
471366037
16141102
29271113
25178603
408643736
83160389
389661528
347194490
1581225445
27489744
45589245
412362943
400281330
41141461
15118311
603211532
233254346
497044245
1701108116
1684877510
1714010892
32122432
320794638
210004204
295793917
432457141
302270211
822110766
45879214
809337085
1428870378
349071065
319122400
15197659
1472388614
1692863977
24670782
22773895
111216485
1639826306
1201577929
778847048
5685012
34827666
537164021
249761127
402839111
1062342661
16700029
22075828
1327617014
722317538
56590040
1684053667
1488314084
373420772
22335551
1681159506
31941810
1665977923
587980909
1647346794
1657532768
20853221
1081767068
1503451620
1665013812
271460649
790421354
1360085316
16745935
560713993
541338391
1078631298
1408382148
1636746493
1654015938
1392455682
1170089258
19752092
1450773104
1589272158
399675772
1648374295
36118865
18026887
28677154
1598534239
167140897
30045088
66541850
104862780
1346299536
226879040
21826599
1444165801
914866068
41647320
546009911
44971587
1249208874
154538660
772256622
802519147
1520028416
31445431
380808706
563876903
475979759
264758510
80969311
429091341
148569520
95432087
23349277
485533140
183642922
1119164652
1519887547
1436328746
750427302
267943190
21906739
1608458564
303036749
353660923
26360563
1329302274
1551128246
1252084142
303097229
759566131
144822833
1433648534
701115902
961008314
19791829
249666675
344070324
42661988
1397042496
831817183
830612017
100601004
250188760
292495654
111582458
34408341
819138716
55667366
147777309
17829602
125456212
896271762
233587367
863302345
891330577
281187988
127986145
1548403230
1560316026
1482941694
1574640390
253273390
188941422
89372846
67343394
1172730414
540228380
1456922558
266282639
1550257956
436946772
364394244
27347556
1550989046
143136268
436941038
61781811
279278354
1544578260
115120166
312251921
383878699
41643844
1485580345
139754686
1541609654
1512615288
388416838
24233150
1537023127
1452448662
601715070
581587386
68592846
1223634534
627934074
83932732
1497844758
258238904
21875970
583747033
1527823351
1406446969
1393506228
1436076925
424611247
18056078
1419430170
325602810
278553876
19473884
56981291
567576908
235090411
19243454
961018808
267284310
1135166275
1413653220
1386889364
44670955
76023409
635580577
805242788
1451388289
1320547975
21750174
1202533296
249782821
54259228
355596373
1486443770
463217239
435302260
1375415036
33896079
1482947851
312156291
1308349020
78316293
1336813086
225476586
135559843
86125016
525579713
160584498
1055752621
375834751
475887693
756875923
112507731
55141488
260781065
130735461
50706902
77880040
1451834838
92088511
1461058674
1477432568
15448998
1321416362
116947511
1265737543
38530021
1462240951
102094857
624245321
153551571
1416401154
249798629
122112239
23242175
151158277
708170628
1368902210
560612697
545475673
1456997736
549521600
72933723
25304317
931068577
41383002
131632804
1436544169
261243840
531265730
139431273
726604886
414263937
1426667090
1433478930
1372889448
599625592
1239772596
1437621248
1262619786
278341869
1327891800
92044388
44725618
1377961825
402332614
1321016070
920253278
1422739128
28608455
238327423
1421650908
191522212
1430219784
21704341
1390245415
95742792
974754584
1268032554
1296592921
479856619
388890316
1334149116
1161736123
855087697
1417650560
1149954571
234531186
141209597
1415975120
1415704478
105914612
246860862
296993837
1232366832
609445356
1337065086
313847373
1259607091
43368603
1278456534
43428294
292436499
1080161394
26053827
1394414010
1404874236
1372347330
305652813
208738243
511577820
481035108
14763136
1319833237
749093419
293615614
291252989
1387517730
378646366
304452265
1392410268
726304448
512333400
1191296360
1387568120
42239302
303920466
18073350
311034382
481554301
51867735
1385038267
1342874881
1340408221
33047578
516867082
1176728882
296386444
44367878
1302601393
1269473726
353115256
338121996
964386840
758561804
1216433400
346254173
71093875
1151811469
1345514731
482166350
37841232
1242478284
369721887
121644736
302215389
3355281
19508577
1115173238
133190251
104473657
45432525
212365988
1107888008
928735465
1332972108
726417156
260361653
48715988
917249532
235343585
42289638
261998138
1072168274
1261890608
494981822
343598276
117172278
372909993
1332000186
555339015
390942122
1328457331
1325946338
921288152
73160669
78958611
1147450020
1309336483
930770904
89571602
16745775
15957658
366827918
608222435
1302035294
248771077
15824545
1279013892
1245604892
501138881
24087328
1090675579
523840252
296583216
41266990
1278314725
1131934404
1102044282
17455070
484174936
176616870
117833000
609346396
194665286
1255128810
291692590
512269010
55226107
855420026
703424174
1117767098
1267288039
232633093
725113032
585916435
1152545263
900596174
897636840
19032249
75333673
20187065
1164925158
219394641
1121142547
1259363222
953516246
313468513
1066578726
1210494422
375526442
1217961414
361876654
634073683
247866212
1187235614
1124805542
1198235658
298138833
987283124
574204622
323010850
424031040
1180282368
313375223
119083950
321622806
333562834
360123369
127617328
962985079
1059801571
1074598154
1080897114
904748736
554259376
863694205
8653962
338431601
555342588
91394728
20526693
973224938
350137760
926093888
498343821
1154812746
275647761
188744250
1195133222
610906771
598237185
909190290
1194821172
91801752
338809110
18387162
1184902495
1145993989
14953544
175770546
1168817336
106878988
267081790
897651727
372033587
25116052
363022352
519626254
190717551
248808171
855737738
464336665
1137418410
247023594
1014035714
128214345
1162169018
415159039
789210361
213116519
159160150
431391193
50404309
53161348
188782025
707399742
71501865
1154635878
63457871
227803783
71777780
199395685
480865681
979095979
250298945
252867917
1083720949
79276823
1128997416
105181465
1138421622
848466475
362651444
1134870247
198248855
747032400
456200738
166782818
84997833
1129418935
482098346
39198125
1126377655
244822061
604628485
902920579
1000274796
220780239
72641194
616596847
906734136
1040497909
294269599
1056563545
17746732
14579415
1101045650
299906973
977537857
273922896
464180220
1048871509
1060997204
781043516
1092456546
190988205
25924156
1099473852
908826902
1081097154
622844188
106456534
930640472
52028461
328469335
1072602546
1021890710
827989549
67621588
86677316
372736255
69034629
254660992
52903621
407068486
1071676243
1072011846
632341595
45596882
325010567
17910019
594351197
40617776
34967252
314027937
72970811
323519322
280709150
159617009
91679970
97522575
464686720
836075736
861559514
181002763
715075934
1053013465
248403380
1025960581
447973122
545413723
25375670
68348761
895919329
1047085848
541334851
1020664784
330030840
1040600400
124573762
1038670620
14749699
21770677
17750110
1026947666
626164034
268860915
512228118
842758398
785438834
203186678
399853935
22255197
1004835348
385239696
366297178
303886233
1008362558
87243917
378334865
60715520
987170390
609917102
78082393
608192002
989717652
140622942
843742928
970821338
930983954
704330666
987067820
36944381
20540255
701163770
632984750
109625309
78500454
214262954
18874383
384053438
40073142
983435888
579478584
864175543
792477054
293609342
137385512
958434702
944853494
214328518
972372134
972338455
94089260
151835337
49163423
852400664
43923211
873792451
230600105
329719504
256299325
604300579
112288408
222984460
431649079
868094713
256449327
16630083
227709507
362880111
714664388
952626498
865927934
265763560
392098516
345124974
138691898
381705371
952200780
360893785
294758732
103609042
311844787
15322397
950035188
100056340
343273681
260402214
232302226
141542634
220479541
247375242
145870027
356204076
173668007
344879383
149328146
184393330
33976671
506120305
324861776
144569096
204943808
947022889
275472092
322041336
110065618
317784167
114122617
15187131
372670619
154221865
317418626
944752904
95360740
261548210
177020170
316416030
57963479
297551310
314589877
278578244
243730947
66911424
226448330
208628782
330975700
267646567
40464400
910067593
193138242
103766669
228963183
177878231
145898262
366162124
219384318
182697504
231802203
334905464
164812133
34835979
857643158
296080991
166362983
253257722
796563426
141381705
454098375
57232198
234443786
286406319
403685197
108245245
861751296
221700972
162370974
112489282
25085528
386733121
355636558
933965802
868498782
409973348
513334817
896374310
592595122
437434808
30187997
125586848
928669951
186586389
838555842
17540575
278672166
16840912
182412532
393049476
928302781
30089476
715764606
924506468
80451929
917817266
37414772
607565908
919508294
150237339
271616753
54877891
311190853
58064964
913128289
42416630
912347978
31147159
351712476
278718687
288320158
325761850
20171739
266490349
454644216
890093916
102133590
440622422
890254896
169605750
894191762
163460759
633587833
738034782
247373566
90946521
870173010
883997976
22720040
520911398
885440215
743879192
562209294
588310584
50191365
171246256
239157084
15180366
488610175
875299225
878361854
25580919
544831935
229346198
350531114
18926455
379914409
331426576
150228314
576886410
700766869
24935339
448725930
868890049
583450267
459063869
95336490
479643250
71939417
103137427
434354825
119458813
813680089
865192616
141646420
861156012
789753962
862386613
257010511
75854261
69356327
21877296
81970816
860033305
776453124
168793050
794334751
394021709
107189132
582438408
389294654
255404649
746226577
821948496
854649494
14337529
267291701
321410210
851453220
552792850
452282179
69179941
479624310
196932085
165989799
808846532
516680559
347971705
182931449
19172936
463923820
381672248
549739178
820081730
845589132
741644892
98033069
123746277
842334966
25987701
824442050
18708183
778997233
582573512
836327492
774858486
172327456
28870127
508052508
833911225
475306269
571076853
628252397
762783824
276591375
78641081
762598020
632841665
570084340
800163288
828132078
16682773
828064279
631924607
298960389
15304803
514695612
787246832
38226136
175165646
464939958
40243267
292074765
366568803
149195506
185307677
180516166
713153892
750135056
32353164
533513220
260980785
816993828
609279234
171267220
123965046
704735371
273942531
74897040
562063745
596478259
112323651
562787769
778354321
436757364
565561593
383843857
125259034
45684358
44455652
568467574
445074746
494490561
427886451
366212590
612324446
120242843
501191494
35464876
95841806
82800154
458871329
438960340
572137232
399675309
794803698
16698792
108483985
356974298
757705237
49386529
44108474
778756783
388892606
152747558
335241908
266156882
16207459
790482306
30888078
21732264
34710922
319094338
604903199
21337115
741095450
115427323
22454683
25915690
105598812
451861075
436730263
129235890
398937274
402520514
312339084
733001665
583114341
529928670
777595117
777377210
538390381
71346991
524851869
312273548
770386952
761922188
18688073
227284739
14126111
574652492
100529264
105870986
737031162
621115579
637077603
110636453
26509932
151115866
203646367
24468742
102840986
355581570
209505764
582208181
565438320
559027795
634698222
23148608
159099962
50950065
362845372
21719570
50915662
29628283
533363082
426055153
412405461
139752618
747979490
747905558
747870703
747571260
743113940
587547751
743854982
22319937
299537992
17311657
634735944
108501550
436969570
314762479
48103726
16956202
19363570
119518783
246359302
254115271
282251386
702664171
611121040
347572020
389545352
718957676
716907416
36664403
632610421
48442846
264550449
109376555
630705311
87732724
258626951
307735665
50882628
401910870
707512656
711658188
403016538
58610791
74753359
635403682
632743840
709691802
705371137
636967804
403771971
393347284
625997797
22269035
210923540
285764768
635845996
191169374
453532078
478937845
621678691
603037841
308377194
291759028
629557258
554806917
28503688
589207519
363810799
633120524
605172756
317459478
196683865
632042415
629085695
346074728
268506787
628654625
300259815
530960031
17291284
14632254
606230774
7730222
627083852
402215285
615582357
395545765
408061225
602531907
499277622
557190047
611858651
170896489
15272456
609324122
43196450
71726836
621379326
23302049
301293243
510511572
607218674
524921248
582921362
619903315
19112165
14984074
243783972
477116945
55233321
614478168
35663588
250714442
434503536
116227723
55706865
593078781
556646526
613352906
603766881
607876320
275582528
22421912
16038313
36453327
486350240
69052133
606863978
511558074
23523793
141317664
16145206
334849558
201018344
52304814
20809010
87485337
272042407
116748080
34287054
20273427
102167060
59574994
34973246
563021934
275247259
53739928
45923558
384542197
603698235
603759829
603841611
417291182
45677630
215691200
28824136
149956682
525476707
589101260
21896535
600605164
24190468
597391300
593841883
72499331
599419038
599350755
553526494
300899574
530976267
14513005
17227307
37842985
161477132
274132854
19397489
53550487
245973065
16563884
390839781
130230752
64044159
27662874
563047858
362696380
474988639
198637041
175822521
389590504
14062554
19551886
126384736
16435057
554495799
579336914
17895673
577524735
466860320
302250081
374543189
419088777
329328622
591367109
212814613
418541204
460588787
589084073
148308378
589191737
589289480
247288015
431785596
124264415
157760493
17961692
543673814
41084608
577156530
94140400
521264284
492248855
447442475
498249761
583838378
249536294
582365492
582442539
448285911
539338456
53803086
41539646
297844819
543548377
138815818
580221597
532623327
90692540
326144014
90671437
33889417
256921454
577243080
576573030
20812005
195186582
16165308
574538075
61008852
571352512
281288955
410178768
574021791
573789712
206363516
203938295
571688411
282542884
557336827
19800806
17955601
26784786
240323766
335562275
569302640
414041530
515617004
339424820
437723611
14614196
168783827
343150136
215448353
418276234
429313500
518041976
249479236
291816926
523781509
564807770
58884642
340701493
221791067
100444811
443884171
80910807
80402418
161743404
493569687
290114440
234391341
474401398
127054665
46261723
447804471
556378576
558004888
556140009
115813132
71244492
430976274
556211769
509180239
31489377
535264619
486275052
14823306
345175640
390414369
19515748
15478346
52755464
371375428
534756839
38094325
501861633
437527517
51443071
39306176
20822567
54264281
551045680
16830395
57944950
550278040
431957094
26652078
89538043
537370318
497692316
291825895
40156330
475386869
19031473
294631158
199038830
462109621
515826653
463261314
237732607
356359000
503511341
384440308
461048807
367784031
78116466
294180304
17553433
526522676
92900060
32588979
91375542
81732297
18518051
390193150
37443932
338880142
446737549
17258366
472097230
18803581
45873276
537760950
24389816
308899694
140044783
297018252
17469469
520502432
444872340
521794208
100620126
172810457
71024877
16373878
532043799
492329825
533274870
23402583
437207459
275792283
348793591
511031380
526931356
529917459
191130837
28187198
470416337
392396581
57977498
40213156
475877795
480828218
80911175
24785307
439403269
483054991
31146104
39311062
326535973
140892603
429779883
233358828
523297927
23313527
512475299
22388690
513309908
23715034
454350648
228873001
257956395
91156678
81124540
132709672
364839471
78525628
498323507
316357556
97707079
63136204
502203534
515023424
19024373
462647242
513340863
275194638
107686156
468120142
175884411
498568655
27877295
47671454
267368363
357040097
65073830
462612302
281341493
224409559
507909235
507749328
506433252
493403765
456594746
398302180
43282877
39697092
504848738
22022664
27801951
238831874
16012926
37221626
117204407
388328034
246940839
482601967
46733667
482117516
300584229
309402734
480756091
269401456
473620206
217172598
288015775
247798536
43556684
223307067
497362040
464792979
18883642
33337073
51305926
476205583
493430206
472346637
487697081
6208862
31629436
16203586
473083233
360773193
437400534
226346803
130085184
16813717
359677259
432809496
179274426
448792362
45353526
196557015
22431584
28483604
16404520
130593087
258867033
456152934
95206681
486394280
412906781
488683792
293787871
172797264
488256584
461083082
414434603
441168894
109591680
233994910
15767452
487180796
374082977
464719464
193626134
253941220
28157609
40965240
14776002
126717144
485273776
460896473
213885056
17897772
484293850
482626414
482477742
19992829
257432292
479019091
369168144
467422342
16733690
257356291
28119109
424166359
463076622
477763862
465877565
247995877
478611317
478478181
457613728
33928150
478278803
417474808
476419224
68747998
28315433
431686334
374681756
475392097
73031588
132350303
327080308
467196739
192276004
216526134
473840330
474027613
381071243
10169242
249737948
70450544
262723254
20959686
150800311
397462571
339755935
352553816
239663744
408491810
360388075
388538639
469553448
79280332
16935907
16933716
468806975
268507921
468546921
170793416
253221193
214637559
463181295
467768170
128934603
435992526
426017683
436792015
115456548
465226539
174843499
368641685
283079144
99405680
435214495
281471897
385648065
121957746
74172086
130374360
463108404
402869493
33272169
462330023
38226816
462250222
224609845
461823288
137757247
281973445
384528634
458680026
193730218
183701207
441052871
158148648
403551124
361048017
219497069
397000289
293618490
412377282
21728721
458621533
424238537
297571861
119649807
456077925
402764556
456825247
355869963
455204158
18534799
131562015
288408661
455116038
390773904
18565158
15025318
132982293
185743889
323806292
17904392
192975420
58229033
210089794
55939628
382848199
18355938
335670667
273920758
60769616
416490670
148577475
117318947
300414005
333397709
447501525
111733058
282578861
370623591
56452014
15458277
254428884
90903325
273649642
400214330
446367429
406001256
249678976
119964881
60220034
442077370
136978645
351797273
380399889
387076377
298687770
437804849
428305914
438453762
406328775
434220392
13562192
437985116
189659678
122147689
342248665
324933293
337046680
341113256
379739599
277154175
421696265
376366520
434768796
361152417
433503773
431098111
434587613
430816881
332552405
64908451
321682708
421443436
167486422
421878326
281645918
314806295
425114971
26680837
342374939
45606805
79042854
429980962
338834829
413572659
45283280
119810291
429180478
413403549
202283280
216435821
357146719
187441749
139463106
384904654
103719428
351718249
351507053
386724863
205212092
424229266
426129600
426118123
426089435
82951843
218794412
380606691
76410512
154152436
424479018
165379640
1108891
412299216
17263069
25950355
413734733
143065100
422196216
396828817
363282503
419861670
38455108
277173525
126636661
55574955
102055258
25247742
111087196
49600629
408121772
19916723
27682675
203438460
127608464
323239850
96885859
406354644
199937877
359624331
330925061
90725496
344263876
169727835
367197022
34985470
78735846
38172802
309857212
411914773
400628188
399780168
407104096
252940705
143886265
405427079
401983894
194958611
409456724
56756926
392441402
18277546
69452566
91411543
408634310
385130426
253120357
304673951
16086282
403891789
224024576
179611301
84789997
407131634
193515866
109684777
406584801
405173257
402992625
301874249
402966658
191596401
39685793
398777472
404215213
32453478
284904543
403309931
384774565
103761774
398366745
37899134
380691077
402343092
403343934
347348186
189320783
402115853
355690741
37460453
309757370
260289105
17314987
381296291
288184308
183120807
394837603
357262259
205542759
301964760
17345416
397535396
397483027
397362681
397036355
390338988
81682695
375294441
395301513
396415312
125015380
393880492
25728193
330354472
270564983
90649892
21837559
111946134
393667129
109689119
386719522
365191817
54994706
351736842
358165816
28360280
24312037
97157608
390391730
382408300
133512501
297443847
73378675
372076575
211345692
18875448
391320814
76476619
377202800
356242729
389268043
249680253
389944161
389600255
15563814
107023157
378237345
72239171
184983552
378020731
104497288
170439869
126348719
76336127
207532502
18337342
326709532
388223024
251758714
384321653
385071287
289385640
387053923
376424526
90486871
386177270
32530883
32150303
68799534
385116374
195597482
22369099
272902442
371210109
183299912
184666718
81892649
315332791
385724320
31288536
264360682
21798145
374259838
151173639
52928121
194311636
358819941
46771211
376337623
384463975
384309529
378781642
355098434
382756613
383479374
381852471
228953201
325644574
267078838
361058786
158041798
128323841
377404416
203068586
348336259
382017564
143915986
24780053
376759685
381382915
180686416
250562843
297423662
16980752
358798377
93699587
370155902
158042890
330863835
334094849
323507604
314577021
195937904
124580997
12950182
124799650
14640845
14971572
27254739
366276258
211376476
380341316
239180504
107474972
20258816
374017836
28346736
339852920
25891208
376813352
335328702
370745640
38186852
114785899
16478953
301924385
260067255
338228009
47757028
378263478
78387044
253556137
362555189
23967763
365811377
267583096
330378578
361864116
377773501
334945686
272005429
370515308
348306132
119514461
376927440
20629893
376338236
216809012
354373970
17044026
361465589
229152282
33222120
225384840
33530528
260029172
29544053
345183261
20845147
1763801
294851457
160826292
374138465
98658941
141660011
163456116
69062138
194587229
132565357
30891529
14499829
358354163
297106007
354686463
372474492
372789280
327648150
18954285
32847880
372065091
251064272
22684987
15404517
293256088
210687846
288303744
302084148
34251486
237972160
25071524
181985221
370748710
288937693
171710584
21924875
356436370
224308414
369299359
357704860
205526939
280605488
64330566
309163953
19986772
51839077
103821657
24779715
53787571
367099478
359025399
266441198
279772014
90747665
109164425
26285403
132311205
365675288
163248053
193831593
16344137
28704177
36471368
360027143
252379105
16607300
192743153
329013542
87623206
44800896
248943681
207244719
195431338
317673042
318502029
305634171
290825509
326752460
22340001
268439485
253243402
62532626
360310184
188914664
359491886
352712790
32043610
325593375
156307158
321576196
57086029
352308328
356179645
183913822
32494632
356913083
344259168
347403267
18069710
26054282
57170845
351567753
343389289
75336008
355867733
291502587
321436678
347158324
119436782
216366223
335880889
36275526
287548382
18101412
333567261
337839329
310244219
57327536
303037405
43051682
39404827
303808324
179461158
306611546
346747366
104537774
22772992
348169124
250203117
84932964
183736679
26142873
231120023
252266008
351010068
35660011
228543696
218975816
338155840
15693370
59702505
285509038
19458372
266742458
347276297
305299689
348324379
301756102
320753632
343066897
185690613
183383294
145671206
253803909
302368483
331416733
284112256
107831772
19978135
325209899
120171224
344053507
33191202
166433696
24215027
343374469
84617554
338545829
245949391
26108734
244373157
304459418
237912818
342398961
213462870
108997251
342126555
328570905
40579579
116776031
327145344
340147764
72665806
336625195
139772092
221127430
15282064
277534792
39377814
338511424
21354462
254158206
333198941
38513573
267812051
172381265
335018588
335393984
189895645
32435469
301966092
332396218
310308429
53171414
267171658
221495646
11904362
249394303
39211040
332997108
332409737
236817963
90087768
249190927
75065985
17526989
65098049
145062902
288945871
328223371
54641489
246456492
15726199
105169249
60699717
17450354
20023938
294599979
326809476
47710561
123667744
299184047
150185917
23875023
292390070
15660792
37873860
15571966
85385002
44196396
18312635
49981075
326366513
326364026
270983099
30178173
36376149
21142126
275037359
326236562
18243918
25027865
78758834
20083313
70725622
95689545
166211793
304798715
73230710
16306735
251989822
313947294
68445906
18274892
304486540
288269757
217483047
18432874
326166105
15677317
277571925
44194006
322929904
28589206
305235937
72745717
150031748
250287086
19019298
190337035
116793053
150003279
304998338
149985599
116366268
116315311
84347917
207564685
282761637
263826243
321014643
26220877
146273403
116707879
116211297
116162097
116151408
248722024
312178390
15974844
150929186
116157776
116400289
116427891
20065842
116395458
169363309
194343133
200153573
116426790
88084313
307296252
307296482
24784514
116796332
116417457
116245061
21093813
116268467
60645117
83921083
116429011
116201255
116142837
116421334
116430212
20532482
116406450
116151023
116707583
116707870
116823539
116215701
116385509
116208329
138441963
260403751
316944824
263587299
17771456
150933056
218339318
22280445
312768732
17075635
26368450
98695924
297060748
325607806
179228146
12325212
25502332
98565887
322970387
283877521
100400859
15459354
92129359
198856032
274678881
53983335
76469234
120929989
17181445
317805850
30966915
26066407
15981172
28660795
9426092
47348249
28783826
24196664
167017833
206778937
20102364
14262217
136012351
19399981
246141753
287435990
203152124
288653424
322012171
26243652
36385431
104571584
316562081
320126134
179572861
23663116
24221395
15741941
260819630
17897848
41613603
158006058
304448873
14411946
309053555
25418148
269412407
55629349
15686613
309438975
316454304
19250530
121014628
59780043
24464822
78495571
310112984
315597101
315002931
26763049
17788557
48382424
201766413
304473724
314004997
50522961
11624822
243342103
232413374
265547625
263676676
54620808
23105172
311947161
311898771
312708794
312886403
15947185
16562663
164254921
304234073
129842864
158391494
307252271
174565694
160932452
305444093
45060699
59832880
244192752
295746612
44372632
161272253
27231379
60559864
239236094
13757702
124057120
39876847
54154814
236059608
39318171
21824361
98753744
100000760
77564789
26580392
243752898
106756414
308295392
17863822
260168348
63003920
216204145
89719583
307118053
305295026
137707038
305748369
56473163
277271097
296869900
151305965
44734722
134930804
255628022
134757154
304351680
216057269
22691468
301164011
20782778
59196444
301829460
15476594
19615751
177219310
295884571
288976738
18823989
19037551
244646051
298215557
23864766
264352045
256092411
45921041
216749749
206493260
110523550
253920475
296726638
136004441
120165462
259342516
108318504
174640050
246055807
295599142
294263917
278774895
97536253
54298292
240720341
31081562
122529607
196219154
38895013
275233951
13403302
233181804
269784436
97546960
284894084
288924879
287902832
285678041
213563808
273269650
191872651
179368533
287653369
95744442
287878556
145229778
186153993
38056970
154375503
225654794
249387591
82493985
197475713
276594921
278290569
275447543
269014527
98396115
284694610
169211144
185788833
267848480
99142735
284466477
281491529
275094049
135925528
58791339
115057422
116833234
283781921
73438863
280803195
181183773
15067317
282346595
265754265
259297596
281729927
249782385
109003244
237862863
212771854
281281459
112565951
55629146
245433845
121527831
279324784
276976114
259354489
278150134
168696336
72305828
89108581
277310579
276228167
278527150
212167798
90695082
18931869
277447206
93011940
250520794
20652557
270354075
28789744
26361946
101116604
2578351
43131505
42407902
94150604
32264660
25838728
263859819
22708797
95296214
255820335
142533079
14813629
267002310
78745126
45883587
165316779
211717944
97030587
60735223
126369196
118767926
268334862
186224179
213824949
267975924
221887623
255526509
240513688
251246604
249357943
267862051
74732805
59587471
19747105
182808036
231756730
40282219
80637242
264850785
17467699
251863650
26997311
115476919
139744512
172000351
26829280
135759906
263858459
81506453
136760677
243215442
262747782
226310148
136002245
122474714
241477116
176962457
27921954
252878704
109693584
251816912
28679690
19572322
258921086
255878153
66042775
36405476
35038857
49462929
169239314
64480962
21482927
97148054
131378368
138170443
231622059
38191916
68274365
207251153
237374482
247264233
45989114
72660395
206755386
251123540
251369823
67430699
250921664
167951580
191924040
246857711
232525820
111788474
18794240
57360443
25776543
85680818
240338404
248104187
174937453
248363407
17603392
21284872
236983348
174859666
229619663
125435883
151041862
158100219
132293624
47685405
234787706
227435340
66502538
244697462
180902401
245591319
16435565
20643650
80535979
244291798
26673249
125504759
126697440
146064333
242131503
234458721
136040318
95984883
233467093
106885023
57687537
14401102
225147972
31707262
96495126
21659112
34281854
237956898
216120282
108714767
33354870
18487271
193573806
240267554
236943228
29184157
211970373
8374992
221847417
19475461
40696781
95973971
201058681
229531446
237826093
196518899
213822099
87487452
82892654
235664991
210490305
235292132
108391366
58838478
76481951
155655305
20635115
197290826
115529361
99774063
230299691
167221801
79344520
20755382
101074840
226117396
155698735
167961618
84954888
106546185
70214657
21839051
190307907
124223866
82675316
18481646
64109190
186588170
96025205
59812374
20815041
47084412
202285551
124223862
169958621
50475888
29982331
19993891
224384875
204554964
20537593
17053133
43717795
217583784
123263650
217848620
25866391
44656385
14562968
213960357
51948936
68423638
199571964
44148901
221763974
95363183
170016558
221397936
202757982
160604032
78046239
218944939
219277121
66092346
148087064
212310766
17218641
171598608
16070637
40249873
40279709
193454142
177971892
213656808
67767772
212413872
214261528
43348496
187354183
181103143
157465063
207618909
19889143
209884948
149701259
28366095
23081154
24158983
21329702
198416373
140134564
211373568
106457930
164636190
81909600
15859033
190526144
196685898
132502181
25718274
120088140
178766198
113396172
27821983
19342363
14333769
15778363
180386300
205047047
201471441
93932440
142687376
160731284
74793252
23994876
78201720
142937787
192565457
107282314
169275443
109287646
123645261
197901148
95475411
11768542
196763665
23631835
186677434
85147039
20568083
175878356
71605970
58820180
59885000
172382226
188081897
46153237
175788546
193388322
142957464
134294638
194828613
123652879
180410174
87493971
81153558
122163239
191434604
193431716
186615158
14543524
66499777
191639062
49718615
44664424
16439546
182440170
85583538
158872325
130306099
190758981
40259326
18943662
41744678
115002787
25362545
156362733
24360546
28934602
158734513
74548748
35080292
42086805
144608759
188324678
90207017
26304201
186578824
78838092
78938675
119845705
80427101
34941915
81185294
16567705
160993075
149577279
30392621
17181265
183684303
22965995
21454009
183359928
8894452
15666059
30116565
161291504
170066326
68778654
25664756
23801638
26573545
24341364
86564892
103013627
72548108
22518425
20050003
29994950
174740375
24411717
171097606
97506457
26703873
36131454
30925396
177684752
83893974
174785194
135583582
77564729
83709453
47709094
86864070
145373943
20215322
122503128
131250021
28898594
18169988
67164452
49617338
116484766
23389575
173659212
16044589
104565802
50306155
161025692
16374946
158421869
15881875
62588834
30777401
101936996
27956056
95502135
42315791
122900059
161731650
16149397
160133372
24725678
152044813
134170677
162230199
57604881
129233512
122325312
157698539
26784223
161331696
77551578
14985013
156545033
138567406
23815695
24959464
147782088
20162868
15008539
159322143
151574328
26271260
30240934
13452642
88914175
151415646
15486468
14478559
76333569
15864679
152789131
5618162
24529122
16953480
128657915
14873075
18083058
119105841
15226224
18656604
96994334
22278303
28943421
75405901
15860016
89041976
26478528
114102708
77136434
74845091
14987459
51145475
87728522
151100368
36928529
14664071
23330343
28098717
6281632
17167335
21413951
17993791
31000651
151316819
139593488
98244299
22140011
55290296
14074632
17311972
57145818
18089292
19594766
95973049
91727688
74566615
33318471
145609451
123305130
134006593
126614385
140514522
17066724
63813070
138929490
20286914
138420482
77291772
88582924
19508784
18345151
24914600
28487033
22043267
27733204
129417390
18292479
95967455
16046315
16018985
21255988
14083864
11930482
14127381
11148502
115507389
50344367
49119543
22144753
84884644
102707404
48797364
18927414
46187278
129834357
7698732
12831902
23609996
129001497
14717366
121845629
121839934
126673717
44453735
23514847
44379764
56407138
23211824
89277392
43386507
96922286
43865033
114979563
61106060
119116841
49222117
76098060
17784550
102714187
16263124
16788288
68822724
95932517
102682632
112682264
108968092
93682339
14343727
22959848
34623731
16164520
79763586
44164399
52154138
14675205
31433420
10989152
36455168
64043577
16455137
101542813
18801560
38742528
68651147
97873570
16824466
97433662
77271748
38983615
82372645
10057582
30908137
15781645
27633606
88674828
93923391
34950960
74593837
91353230
1317
16316746
45885087
17431898
17142021
15030388
44419804
72954989
52106931
43127252
44787047
14792959
89528289
73135424
85883000
18501320
18333506
51234865
87195100
87195161
18692858
22781363
16543326
81912415
54470368
17920531
15584776
11274452
56476373
85310619
36696575
34952464
61104090
38372614
82982635
84134935
17346465
66350440
12968442
12506972
18704821
18626424
18126845
21200171
32062804
45857108
82595297
25593955
46035463
68763654
28588467
14155927
81366880
18062167
80597680
78618120
19996037
40862584
43888471
32789014
19885994
47587934
16331709
29340940
46122979
70750324
50749272
75373194
14282672
20194170
74540644
63483180
19780544
16306667
41736341
64188563
17790726
36504682
39602597
22095432
16482210
16893800
18635580
27645777
53086328
14617444
21411180
70030162
69665912
36097029
69053837
57420217
20617094
22921524
30246017
26504361
45428505
22161819
16165168
49589429
61571411
14576426
64406548
18736583
58971223
37703552
44093781
43143358
15918020
34340707
19795872
61825247
33180487
20654705
17448943
62051824
48110818
52427630
17990506
30979974
14774189
15678862
22709487
28774235
55320284
17639636
19363030
52126690
20447545
19767193
19402723
20050746
17123884
16373045
52121568
16789056
14005882
14167429
29149904
16428652
16889795
27968841
18480494
20290668
17225412
34680093
18406158
23094261
50303414
24232840
39850054
26818986
48784266
18402074
16789964
18198471
39062839
46458007
18813897
16544861
20549736
38337386
17801786
43928845
16283736
44438256
16645335
18787613
14446439
4083781
42533193
41615819
35741756
17509945
29249864
256043
29647841
18394875
29520332
25528906
37956905
18647850
33948089
33707538
25898134
22195223
18029069
35240968
36952656
17430200
36649466
27555581
14425138
22664758
18208763
18743542
19082552
21788993
19495715
9548232
18192818
22193796
19422775
21872882
13649002
18200544
28105078
25633498
22944951
15016402
22803766
12010892
115608381
124434022
3271760246
115151744
16381764
229888557
44979041
2152990362
3362575312
394884238
3341923613
399811919
25230813
3016763791
3103882111
2999799166
1656710258
3264581153
370732083
1616061264
3219703189
15841538
176569877
298873490
3170006075
3249117232
3194640798
3230973777
3192776673
3167799806
3167520215
2899761
2825810235
610547449
2877568118
2798044832
3089214622
40938095
57016309
3064673663
605456729
1006648759
2913692417
59303345
1296915943
253916402
196778759
2456721475
11354192
2762033667
123767543
102436246
25135858
1675378399
3020219208
243924809
28838793
362788773
1438893362
2401941805
2836746406
873900000
2451759192
2948966802
198808001
19685142
565353123
2931629496
236450005
74790876
711076460
320655300
2906765075
2844688340
2430976122
1641795866
2752417789
2397513039
36404430
2871002003
70771158
131248009
1465196934
14659413
18050416
2842683738
2800572393
1322677957
2610349467
28633111
2799333908
1674580705
27118409
738063919
2804587914
27283888
2609786844
19192006
29913107
478610727
18318642
15585285
1662485388
455948130
22016531
2714949044
346321473
161854357
16137743
59092800
418733011
36130058
602836066
2615754853
1469923478
38509175
1942309886
2685671204
787710745
204467501
2350439281
2292990992
2664024386
2364340675
2713143165
11202562
1912052737
2616100376
2498486648
128353445
582391162
29529228
15368065
1708069669
48791956
743074070
587619223
2593567668
2603056658
1433257868
22302160
525684833
90613781
52080638
284874176
14387914
18453026
455949016
2589388536
2596906789
110966797
2601749634
18493864
861523854
2557221187
27638059
283813288
2596765172
14681336
2399030029
906135973
328221709
14946626
481349766
494280332
520596705
1428553669
291947061
16111498
25932356
536384167
2192826980
145188248
2332863716
14775669
2596824955
118823132
231144887
34014937
107502115
1601946979
199463468
2494570429
568361577
65921003
2373006673
2560436930
121517473
25995731
112966832
37667501
253230739
58804517
245082482
196739689
42885752
423738323
356359065
78623653
18723954
2590584589
2559134142
2584491440
211566617
472277278
159006461
152010973
1226648138
2400007054
20258816
14540659
2366799113
21731639
5620602
2588755225
241219012
2591775709
37430098
1583581362
35096740
312761383
1475603113
487704657
37657385
2544946934
84875715
69047578
624973600
1098481598
2563762489
2445740581
1096573243
1152830731
2495330216
308226281
559948677
18089164
17476855
2543200484
84364989
2385505992
2494380595
1575400508
1895874626
16171472
29649822
275737368
144514522
635325023
2254394420
1198140439
33354870
254154142
2496445814
2491672154
34606862
2469682778
31459536
2303676979
812682079
247495649
1682340223
21783016
353678252
460800042
1887179557
2517646015
113054322
216558273
595182402
2513933719
2444362050
2177152214
1389693762
106793317
2413047229
622039339
900404894
45989114
2250836492
2425417769
161511716
2472872507
111347725
326522933
1548895404
2496056322
2399935231
1313302698
42907871
1444792927
117563800
1003264134
405608099
2507220426
149671261
2444453653
30082213
2375574151
363657522
15998998
3355281
1140790790
42649158
2365934316
1347997520
2425654531
277047076
18652748
466013757
721113493
51949247
2361353258
184985946
2488509349
937483963
209331518
2474475835
21435040
2426069424
1205007618
2448816689
454310994
2239838612
231925527
96994334
131229750
2192943168
2480383632
252791666
2149883552
1584852894
309095426
2480102172
15551260
2474886613
2372908374
2439022808
2269365895
2480460607
329115473
2398469066
18686463
17589536
229615356
1918313989
785958648
59123357
2460186648
354917359
300414461
245913354
2498518031
2407562024
2149455937
2413054128
24371223
2436028716
271035422
343586994
622486826
24100281
904954322
238726677
115867277
1231547269
70976782
382708720
13123882
2312772157
208638412
113499560
73442845
1948194931
15068399
1146058842
1969420141
32492934
35852230
2469695574
137686432
2383120496
106774868
1218334832
1244577362
1389525188
2424118620
14435376
787866260
236257061
1462070916
1212809468
14527910
366784933
17449378
22028227
1216553618
25027319
2373319662
229613393
2432323310
1338532975
305965034
1655878434
393910466
2385627186
565110755
1544043110
2482055523
65386642
2414909850
2330990430
46376405
2269573664
240842643
104857212
1455224124
26020357
27935063
66727810
1137376580
2179017929
1898515927
263473031
495365336
2409216674
11344912
381920940
2302092702
109424195
2424219720
844522267
255490833
731039797
232251659
34001012
5772012
19711691
2424558884
39600478
37366095
1566465486
161895582
40876429
53206785
13491082
20516728
1853975708
321622806
65135363
44773967
1941345272
489902907
15429359
1399720916
1566460051
2422476492
1583156004
945900313
549122725
63551789
41101985
1363366826
1280411658
329188307
247752968
245520753
1006756602
1535315820
2434564016
390259055
460490069
94154862
1336624369
19770043
387176519
2174768736
587582565
1964789737
270884908
1564072062
1550967517
2326950336
2434388635
311694988
1904963330
18851008
880342542
19538980
32670606
390743588
1107660992
406998369
2350680152
1607043199
32160273
1205480714
191083613
2422717412
107865996
776081016
254719698
1149949772
188779671
2303615966
915408906
1444869378
472185498
316163832
2198742949
2362877984
2376765874
192863913
829506410
2321056195
274251592
2314432854
23995096
27642207
35150110
2239601148
403535697
410218146
34702212
1014630782
2381189372
14467408
50343415
1468257781
1148180203
616326946
1710971774
927639931
419727377
1923933595
21019697
2212950238
326780858
2401741111
15841837
1884242582
2429367482
182097517
754559
190764318
2426420082
2332159970
1606532857
917208506
19181549
2243100355
596348812
169518934
1539651
417458391
1465204728
2396596628
2283219948
2468126187
2427708985
2431442137
2432456616
22525234
2425965553
252732212
1671399134
395507514
2432250204
229135258
2167474232
108706318
522917862
325150593
1308782011
2419330969
19510776
2335634718
24264759
36303719
34840501
1960571148
26974771
14339173
438822577
2394019940
21688884
95273513
18587947
1024548434
28849462
2367745963
26009199
2426112552
18535324
828468102
36817612
22188404
71855366
289933982
788432094
2386179420
462427541
2304011791
1090254913
235333534
20618469
137637547
2317455918
287208816
855259130
23143256
621157540
254091923
105218635
740972952
2367159733
748018813
2153927082
431795171
2398288764
1020899400
2398013484
1590037975
23453611
832911710
956349186
2226160766
787250310
1963422265
2423314166
16271902
160985705
2371131840
55682147
325724829
44984038
68966985
41911012
17347147
126067482
2379047684
1077824294
34925099
32202865
2416195075
1325976667
165622748
15279465
838273429
248546221
49506479
296247283
2242531663
1627340221
100333887
42557375
1523775542
31327046
375453331
1398366704
2172337880
338448167
2385715262
111826062
1314443587
1741403935
2340874159
1323379315
625002886
384238272
87039307
92108089
56239897
48393459
2269627158
286281216
1148687000
1304326604
21938868
150809480
53086222
112770164
469570278
805275654
844069716
367388955
2361723140
1551221184
1093492435
50667989
260440585
2315692537
1400754254
1563458881
25820388
2329246094
379921759
570959144
174369613
1668573019
1433224915
26009169
204608970
1532263495
2180687360
1400127980
1552302066
49413866
23508712
2227447807
1313165581
382439122
10957732
1563901267
78690129
52530787
2372918666
2365068260
2399839663
430952094
524659763
93209891
2314240424
1950308624
15580884
54979320
457209302
15807364
17469469
1337473190
45692284
897911346
29758844
1433098765
247790143
537660354
17875120
2343733868
1573873243
63508080
51990410
1578326652
1902717398
480400401
2260365742
247479438
485960918
2442622133
34033550
180609590
21942264
2153573792
2440572473
28847676
1702943215
79818970
1908933276
1240578877
2304131584
25348081
18152367
2294625582
2359805809
295710225
498055796
14352707
485051625
611812829
376155979
171198994
2338832250
1209715513
21783544
1712041236
17529492
1436910757
272070001
118818400
41686321
21286600
19044564
574033852
2322808256
19143585
92549711
2384182116
235178769
859789676
136137641
2176493124
513966215
468655120
134670604
1529360060
2407712845
2319191568
2204274774
1175915832
1164268304
36188528
2298452354
1909826419
293281393
35027727
72042658
61692369
2370952652
244196298
278399131
2367933259
701629842
2304656882
2310045524
2162581766
733012555
1413629976
2285580997
2272427982
23999916
59370946
529563766
17414226
288346431
21685533
24813587
30950773
1480281103
217499339
242505643
1516638829
614618379
602966961
1830838658
364947372
15672951
17391221
1056103068
1901671202
89280740
2231829451
97079073
196577798
1455053486
250252887
2188574689
1633014282
474201464
1927880754
1563079915
1904652792
16578380
976538112
1880684724
1880805734
719120982
196322654
488392972
198873677
273491521
462588809
140981771
605748822
283689106
1704990090
522685404
1403148332
18220307
960906109
507976863
561445312
1121047848
900469742
1355315143
14215539
1400602837
1491860286
18418571
292560557
16668860
243033375
23944909
1621761696
854911448
141167013
17464265
1327276171
436356867
1561031136
831817183
630944970
1467946729
414487441
325765959
525304348
1535000454
283366782
498047885
196008618
1387981063
292403756
964440547
863302345
751631136
398998129
364328008
278310638
39579979
1117419025
82129407
73845109
1357901635
744529022
272433812
1072071775
989682788
16893896
18248029
735096566
417982750
452508291
59192870
861090636
319103523
1135166275
253922652
1141356954
16563319
820333808
1009425906
17997888
109611471
311917538
600100588
288659067
940649406
74841222
602365362
20461360
69403
537768415
602063690
1221329635
858401148
829551043
386361040
936752700
388168394
972072134
55003939
484199151
127617328
366212172
37008978
17728309
1117942662
14868462
292483019
415008458
909190290
1153839828
304452265
384435655
926272794
604642603
237256396
197165596
626164034
40424622
376966654
1020709986
415257501
915538747
787811900
136369745
17779427
284123330
319962895
1009832000
146200651
887474666
82877689
633924213
770052272
1053945216
276510681
909465535
977643985
1064011190
284550451
32895270
618886968
114324297
47771515
1027253336
334726052
308683249
74446914
125680170
120228163
631586152
267291701
198145343
121521502
843008576
751711380
26252310
515081899
976267700
579884611
159671942
276893824
326158694
932624227
340194530
41246418
103115629
91375542
17599254
115702680
388892606
44529626
27322114
158989132
224829785
34710922
34044539
218679389
113920231
468877880
440622422
17428319
564291613
852752664
879285936
326941453
253896040
32852588
518655890
17553797
18034533
454262288
842366334
840983880
840360978
108391366
836018934
366091848
38715968
253266296
35841130
815413915
143189237
331426576
792268441
56742778
618734467
574947960
760074511
570983358
104854818
175435824
744184760
529719346
49901731
14393258
244987986
589603294
701326392
231969980
557914685
634890309
322295907
310767290
175628811
260307439
599690677
53363962
596908077
624606436
107268370
523677878
91828942
367399818
608516632
240265145
398961518
317452346
603698235
462978953
574564246
487463232
76359975
148579639
588310584
586755663
466760101
87423751
581928213
259196609
339006089
574652492
170016558
581070870
157111413
16965547
566850834
430976274
514157859
575304767
499735738
102603177
472158196
533513220
364671652
518062198
300622716
151585671
301565612
26623392
179984190
548935103
529708359
87858862
101386174
41539646
541447617
27850746
9080
18768627
514552003
52689556
22255197
354371864
67014608
387960167
241208166
338880142
52393036
16848796
519740228
225476586
262368526
21092261
17976341
461478291
115373020
276221483
321080645
422132342
518087630
275334894
270975826
512370592
156230751
461331151
16425122
486753628
240260550
254088698
292922616
437030715
504669176
380516499
470801826
374712033
79268204
491525292
27801951
21097076
455218394
388034996
323284201
71229103
186105424
394870563
460162864
244155926
72677801
64448579
468234269
475026830
323403199
21739134
394868725
382548698
343584197
81642263
467742698
480759271
335459199
421628360
44409941
473927774
289618673
477204229
16733690
368862050
402136199
360045508
282363832
215448353
425921194
462237741
350455489
408491810
461062469
442547303
464108417
452960308
465205926
69004010
24343083
449246103
239663744
465349400
52606619
410634373
84741897
440806053
456862456
397522564
360718571
441804124
146654342
79344520
443059456
145264772
14953544
457861509
424121191
425070477
425072010
425076642
29968760
445472790
344263876
290114440
95614081
453531069
426456415
14825905
363876400
160923421
17782359
1184801
320912477
423623786
270913633
360770409
410431651
106488778
439758375
437594332
413663217
241236624
437582733
437559774
74484430
327099416
42651647
435202567
425889720
412299216
275633679
171440035
221454999
229531446
385617526
369561832
341996223
31584913
9345172
202283280
118235621
416409556
117895281
389372344
159496174
44972710
16933716
21667813
386207828
95841806
412800023
175462298
74817016
18292479
417990626
410230308
20678309
388531557
308607780
322179656
256135946
414298934
158460651
226995045
404539792
260812295
329888594
300727777
405430523
95305364
193595393
217437047
15739043
96192821
409369897
304673951
235951016
19191910
48819973
80340505
201230852
113104175
386676643
277135559
202480520
403668005
401154599
400214945
34010976
331143409
394837603
260582890
271512704
398081603
339830342
330354472
16399887
217020108
81412512
39429438
17669783
30881091
198846767
73183534
393349143
386092667
30178173
28360280
112766770
45155423
67333334
18412034
171735092
186751384
138134105
23663116
192057165
380140190
33896079
62631803
55394837
387735180
22275789
305073277
55310913
386254158
257010511
81804924
203068586
286526601
249866833
294063463
18888847
53911602
183812223
302215389
173703849
380044484
381295892
158042890
376291600
353274606
14500534
377124102
70556829
331647029
1317
35890731
37914644
260284470
37005216
34914321
374508410
61057318
374679381
22184867
86761447
297938304
176780257
299366877
304468067
34635492
33228038
375035807
178414655
115109818
43230251
47586577
371281785
360766633
241255197
171174408
16330235
27959729
280448261
363361487
19804558
126632552
14062221
248818240
78939078
364932994
27242307
346751060
15812255
53187840
90794330
301257002
87623206
42665265
73253501
124340497
90217958
182499996
252300777
102445051
72565813
345300035
24914600
303628791
312650075
49239094
62843528
284204427
228108743
305832665
325168658
39775436
314267042
23638228
325129361
119514109
196598322
340667348
184284712
339813001
25550217
295693957
275199339
22518425
336183278
335854092
25111193
335549387
335469441
197475713
335227403
62042938
332954329
271012506
23392790
14262217
24249169
330526592
88644306
31924278
274714410
321333301
151957659
16745935
314409889
177581604
314102748
213913701
323277605
206947335
322012171
263214480
304375712
316562081
221529403
289550682
304510616
109003244
108852840
266280519
316670830
303606234
12918882
172511169
151574328
218341347
311548719
26802570
27147634
88740365
175064124
312161694
257647097
126226689
134844064
33507131
53246424
54548823
51957857
309268942
54779022
24149326
260168348
227355847
74763913
31341745
308141004
142718549
80188879
121467435
75217842
56473163
120404805
110523550
284885422
16928361
303049015
200988377
178443597
33076821
50320600
31890645
105242077
269930510
83619410
203633946
245597689
39295248
82649527
178474229
38895013
241228061
146444772
281523161
106841460
273642135
52465134
37036394
282879912
265088877
132260884
286579724
17707182
83429920
117546747
183867968
262830727
33979389
256659681
63626312
121287435
60127272
66794469
19108280
282645948
43265583
261365279
119810291
212308602
167148378
25701073
17943537
32264463
217233498
179368708
275454959
80705169
83856316
237862863
212771854
39211040
257926717
96020860
190703797
35007826
64816742
33076161
267848480
267860929
256484247
266796095
113089563
118698484
18291291
95693448
244184972
6087272
22240920
139921401
33042135
52282776
258676536
18285850
257379769
257239647
107472943
247075876
158413413
109968302
179548419
151083417
210610685
56859996
27633606
207652345
35528536
102725117
17974442
217126663
19623426
27091114
209363774
23602189
221847417
37457266
214226228
219053350
24019341
201783739
95438185
180544654
127875042
108483985
34409743
204963499
54789642
47112738
227385500
164865277
11763132
200185183
220851890
126773585
168777465
188960947
30426287
181799662
47327231
86984613
26243104
96495126
80101540
23176892
113156267
23079777
68650016
17989953
96176639
206070917
131599478
213389776
14620544
120091587
202432806
179515286
15724632
44745567
206337559
25718274
201286779
68267243
202309799
81215145
136438691
37093155
121558178
112231435
35017643
80913997
172496840
7311242
186274772
180329493
65693050
19347202
29904885
29903007
169152505
31222833
29202692
16232185
166083047
186578824
30946223
155710503
177684752
139839646
81756471
20242234
46987205
174987038
179954960
127631312
49462929
161006196
78849614
24520485
14231943
161844774
11274452
126073446
83634396
134930804
119043314
110397757
61268115
24060437
46664359
110502895
26803584
160747490
161280206
114819429
143105301
32959035
148931648
137999258
151158903
32040470
148533659
141227265
135648905
14271240
137734446
135121803
19668665
74734078
69503297
30289309
132972015
29208169
86595804
126260502
123757441
21002369
97507560
15085887
39377814
123651705
19606190
77008675
26548280
30290588
67645396
109932080
38733666
114812582
102444273
100781565
111426686
115725576
18504867
19025240
88885531
6841112
107225658
113440181
24935339
14104401
21196377
40868243
15551812
14742431
87769423
92599756
87769922
45078820
20700921
96984307
29788267
52197298
33044533
11637332
18626424
6100052
57128747
48085489
68732791
32275444
72120898
37916904
95502135
93682339
69677379
65434142
77210288
58938499
62732412
59574994
88861791
36552960
19927900
18723421
34607853
43907062
27169524
18036074
16917240
41643844
59216730
76075573
76959901
17545648
39838998
68689443
59876429
15342819
81370752
43209845
69586156
74757499
76364175
79986435
16470255
65495542
36188671
77535167
20190230
75125189
74427826
68905603
17221153
17315376
61231339
71839764
21074144
70231169
18980919
68155735
57869647
66740869
61176124
21425995
12808192
15202683
60863225
18611204
25681991
49618760
34334604
17785187
15309624
45198873
22717426
62110835
61480904
53101278
45522502
36898280
56365279
20269554
53132167
12569912
29353601
19455671
44345221
15121537
56653051
54646519
20682227
55459848
53465942
16058119
42117562
40243267
902201
20290967
37000484
38584572
49984029
10361742
45215254
25568743
24913235
33672272
19154143
30488400
47033683
29352252
45606805
45869985
45017028
47762195
41671134
21315852
14551593
41605074
19458263
31835879
24414384
46678058
25116052
14475131
21344177
40180873
39075575
17806055
18701238
21001193
10739172
25532843
44165066
17876988
21052199
26254534
33756517
25155970
16912546
34972707
14368031
39519037
27630299
35741756
21927647
9533592
30313853
28578453
21442873
39061825
41413302
7603142
18501320
20166590
41794244
41681953
36372569
26793833
16334724
40789767
18244332
40527196
37696613
38265775
39934985
21884888
805718
31378680
38986664
18406292
30943643
19948013
22208164
18736610
35096291
29040062
35829928
37572589
17314208
23657157
21101833
25302088
15751830
10305322
36993200
28129568
36384370
35735797
32129645
35221155
25289614
35935958
26640179
35673799
18402074
35354277
27568781
27705880
25072674
28037130
18483581
35002688
32683410
32604001
34766026
33613031
26810542
15272411
24169665
16530559
33496001
781163
25766596
26014355
33006854
22335551
27350922
18262104
22100152
21814129
20833797
30404523
31519673
14368471
19559296
30070411
15372833
31583882
20197573
22171612
31475141
20650055
20972980
26826342
28443212
22734287
19884881
25249151
14614694
16410165
16476025
21659171
17784550
15780003
17371846
29763600
27396991
26953647
30794923
15113650
23260800
8447862
22371995
25381055
22286046
7439302
17426904
14738561
28395580
25091687
24914917
29703938
29985746
30105229
16953422
22315969
29266891
19038508
12854152
3043371
17949608
21538112
24954987
26976581
20938079
12039032
15240372
23622029
16044542
17144004
27571538
24976003
26016806
23666482
20723454
23862487
25548473
16951363
26422048
24956196
23901967
20651579
20963562
24917024
20858180
15242138
16406682
18133102
22487822
21633124
17616176
16072647
17930077
22525287
23540251
15363671
22859025
19495715
17123861
22215000
12177772
21723129
17155995
18802665
20464537
24664870
16692057
17147065
17803498
23242736
19411265
22018704
16515654
23805100
17030263
18743081
15930125
22073621
24710118
24039155
24527559
22965995
19376273
22991614
19836954
17592800
16927822
23762043
20995676
24090040
16633016
24133371
23987677
16535669
12466252
19041958
22799473
16682738
22964152
23105172
10777522
22095432
20253108
2790321
19554661
4424241
19897004
19661811
19260910
12916102
22514289
17154954
12671692
15620813
16674443
15308832
14451668
20002987
22497729
15834285
22654404
21411180
1133571
22322569
16194172
17934376
14599117
10441042
16333360
18568706
1246421
20005993
16487712
19563841
14117606
20703914
19769928
17375661
21500655
15504200
21723806
19781519
19667393
14126111
18651223
18802640
17453742
17350185
18392637
16212511
21227291
21231607
17067240
17008855
9944312
20806190
21165338
15146206
15159967
18181895
17206739
19726732
17437735
17316606
9507322
20453814
12370632
16929393
7622782
18647850
19925674
15412674
18780980
15026502
19070088
5791302
19573379
19009657
14552421
13527492
18298217
18071286
17597899
17965140
19308138
8192862
18693844
16330193
15991049
16751417
18780911
5271891
926261
15860016
13525312
15159408
14665435
18193921
17461349
14634199
17538090
17156699
18911813
17062689
19339263
16535065
17654981
16329446
14383199
16534463
14391242
17199551
18131401
14750177
18787798
2923281
19149396
14670999
18767644
14589866
18770132
785032
18265163
14297766
18083983
19136698
18141958
18834912
17642448
10400562
17654189
16045742
16045468
18537823
15839287
17543145
15518135
18465221
17134415
15384629
14083276
15170795
17663756
17388732
16878165
17048547
18806270
16519491
17343006
18715066
17072217
14375756
18002288
16350589
7760822
17729063
17189349
16132476
13186532
16448814
18175092
9154182
17885796
18575560
17814635
18451339
8997532
18052437
16215824
15021863
698673
18513521
1458461
17746345
15731831
15915357
14303228
18355938
16520384
17639021
17315765
17368500
16004418
17289105
15170018
15704958
15338360
18196249
12077622
1294621
16999591
833121
10908922
17715980
18149830
14212158
17973986
14456810
8450382
11456642
7954512
15021053
16982549
17869282
15222256
15616834
16203371
17295146
14216485
7431072
15294960
18030601
4031141
18033662
17419608
16530867
14973669
15792511
17348953
17432932
15914058
17901862
15927455
15698459
9083062
10946412
14912783
14465607
15067280
14943818
17564013
15803400
14980035
16451635
17407941
16429082
14710904
17525786
14675205
9359002
16739148
17400916
17157352
14105434
16257434
14194519
13055882
17261378
17426156
14803701
16429603
13371562
16280756
16816155
15571901
17108702
17233677
16810233
15182097
17129788
14112043
16344137
16905483
15165786
1127651
16820511
10999292
16792024
12618122
14118294
5796972
12414162
10348402
15915425
13805542
16026253
15819622
14393678
16257566
16246771
15794195
11489102
14128901
15860699
14797042
16103836
5741722
16051471
15247969
7865152
14132444
14526679
14236388
15156572
12379842
13238322
10640592
15248550
11389112
15368725
15113571
15453132
10748252
14904437
13403302
14614615
14777840
772989
8981282
15189714
15000205
3036281
7160042
15182705
1940581
11162812
8765762
14572999
6125082
77753
14420911
11211542
14919812
13059152
14906247
14776551
14055088
9704412
14792943
14142661
14118444
743763
14401917
8039442
7431402
9793612
14517840
14365789
14308470
14282672
10507312
13312272
6751882
12449732
5007151
13796942
5848362
14433444
5618162
14413394
9905572
9548232
14434912
1378
6794502
12765532
14175623
14055920
11583792
9381372
12831902
11415692
13351502
11562312
9410392
12946702
3128101
1936361
11321102
8139332
6856312
12292222
10000532
7446242
11993412
11335752
11768542
8845242
3228571
813286
11827932
7779602
10886522
