14426418
2590242073
3378169379
2413220330
1875858643
33923443
3227389322
709246674
136401228
3145126022
2924964543
48516097
516108524
484964173
1357259774
2419160424
2682498162
2991052416
254358877
2932390096
24728702
21511233
55657699
1011872455
35892546
2835557498
2799333908
333785757
2163988671
2706780355
47683473
221853949
212323439
2599210316
2594140908
1511795354
2548764577
389555700
1135236902
256474731
2475912938
19116348
1938551161
537894028
2427580526
148930514
106818600
989075401
331789805
1648176446
66725682
278399131
2259190526
35102204
1525342994
52106931
2225449470
20790343
1152133878
90925074
63553650
100308535
200243102
14213577
1017772284
16510848
836833110
1531460281
424806706
1470723085
625518682
549476819
712352899
40687932
1482947851
464289885
533638265
604578971
65391908
132971867
278217777
759999205
1302601393
260361653
283155422
88868625
18541756
486923911
29764352
23130805
123965046
19679586
1089832056
25549050
73310442
17385685
54291397
395884678
331866841
371030422
953719614
462271363
32062804
326158694
14441126
478992495
86091264
65686302
128522202
34710922
757706047
17081903
497376020
27679022
13999822
28257129
9379402
175228441
109159503
449853752
181193802
17598513
820391323
27757987
88961864
822510990
14578479
20193452
606812474
341258046
593272832
402450840
581955527
414041530
403670590
559223740
397407382
338880142
462220514
454350648
456786228
361238217
25514650
418129093
202283280
277135559
394837603
135979044
317301114
158042890
21794452
28440647
67578950
71508775
140125135
14502496
247616576
26886500
335018588
88971943
322689511
322012171
262273801
110743550
45921041
207660820
163456116
161007666
16953480
47586808
19715037
116258172
88511453
81506948
82451497
82650348
81921080
18207280
27140162
20642817
57995178
54354319
22549772
8683982
22630453
36888492
18864393
16342328
15222188
813286
14483321
14451330
14435957
57827221
67973977
2884737100
769838508
2859193062
2360227482
3138655999
1003031816
258439604
2419145094
147583397
977331283
18446605
3227389322
2327847236
2812587913
390233709
2468298098
3230283975
2492114318
2951579378
1877354798
2950706830
3037303830
551315073
2734323190
1584252996
3094145895
2718287539
3016824443
46811963
3145420652
67041183
20327578
3134019640
409585066
2984953662
3107939466
3082470283
3064104987
170400197
2893779754
2499229974
33257141
2176380427
3038987059
3032002194
3035439164
3035281238
2697465424
2414960503
1878987517
1329865171
2432800849
2744360507
2952702565
2432783228
2546318557
2382853022
2467785506
1180495022
2914783771
1469774040
2920949128
2929180192
260582890
37899134
2901142159
41137379
2875100110
591558535
474398460
2315376242
2483984858
2384028506
2798389790
392532535
2789004437
2373681756
2565607002
2823977057
2257863216
2695637131
15412040
466451342
2799333908
2819196068
19347763
2813532991
145318322
1881602798
2708264779
1858592270
1953340549
2699053554
500188725
325770344
2672845562
2548334148
1967513822
1755970135
2658264026
170016558
2563454126
43718961
48218811
2572535684
2518369170
2606697153
1254773030
2546468911
29517924
2507826696
28617114
1960967976
2470247336
2460218305
14430086
2453824467
35585032
2451731204
970076714
387887225
2445751014
220567060
1372496876
216765345
52593625
2455929722
347194490
2300367218
1963295312
1093118984
1513802743
524536675
2385164396
2385146736
2408916073
2404795135
1735121425
234170211
130248128
57109499
216619944
1760527765
605438984
1665295344
278399131
2329126830
2353449296
159534035
2246304439
1522181906
431744926
2196071058
37638809
82422483
412362576
2299967497
309496325
2309814151
1486879447
2227471568
1444320248
1081068456
1317670711
1423071306
2225449470
71554911
1525342994
494490561
2287907060
17554299
1284950995
735506059
123959163
18650663
41008711
783440136
30388002
1483225172
20145960
2150310685
1599101696
517168380
130325746
1887606948
125103088
1849548510
1927527138
2192739224
386003272
37329581
580796379
2153133470
1890831836
1688389842
211893526
106793317
1879548266
1873087333
213780199
589294699
1130798947
150800311
1630961239
75379918
311930817
75375980
243033375
477145380
153544563
155323120
188941422
29660172
1321016070
1485580345
1425941636
1482947851
1499412006
43994695
1467651631
476238744
1449960744
87732724
1439526217
597656539
323010850
1259607091
974754584
1368288672
1367106362
1400365046
17746732
1368297715
1393634335
1372347330
1302601393
1216433400
17056523
37841232
392225991
1107888008
1278218868
928735465
260361653
1069712503
1096112060
1272641539
1072168274
435169346
217194987
241771222
29785007
1251252313
1009377566
109611471
198284120
905109390
14163193
543156908
44385300
403016538
919442028
743118396
55647330
1259798268
236751818
1228276086
1269473726
232633093
262365030
362231743
1006908098
103638834
384290245
74599038
582350458
34021659
1109857219
23152324
458975555
1222860072
700000040
541334851
14946958
121601973
1170792781
931314906
450398751
540206545
598916284
995878633
177464153
36131454
199395685
69757667
213220750
550050328
261578918
354247271
1107366074
576395722
68981337
526686338
583408217
326569138
1020961
55347109
82123384
256205122
247123879
989043114
21694807
1073543288
134037020
519201582
126369196
479856619
583943978
17519400
487955154
294348698
178539683
326961678
21906739
131585014
27447458
561988823
102754776
501433131
878464616
395374225
917128614
608078318
958681183
948469548
952593630
118742996
571381120
944853494
480050626
547136148
212699136
241228061
723866653
45625579
164133606
243937063
16345167
210579747
33300792
157586630
624973600
440622422
28301396
158206738
743904126
81052566
617911578
45989114
869466548
868890049
509368773
864383419
55559233
837301315
21801907
93270221
101787835
53146543
19468598
842240233
19600312
248472616
325644574
821626766
22866395
476205583
776432641
567720683
227284739
747940956
103115629
91056993
778875320
705371137
771862471
437117571
772322977
190754855
16634301
198426285
159546913
436969570
556913787
389236377
91032359
628389562
18554505
181791582
19687517
426258946
110939818
119228939
625997797
635845996
40394476
377633391
17588860
607742969
602894271
113697077
395545765
606497267
19325534
392697605
613355845
603766881
608792149
248666750
609052970
389590504
27161826
608426928
382701239
334849558
14579415
569334243
603698235
96944232
594849380
377699061
547834727
459617056
577426099
14650067
148133813
574538075
133014579
109394607
243020544
414041530
459478361
148953097
488789012
389266427
561367803
370377384
46987141
517810774
556060980
60956570
493935700
551463292
54264281
523477901
446737549
528251762
547079127
195900095
533343885
72585401
338880142
16632227
365896207
19031473
364431410
308899694
521560804
460547107
119900348
416675940
301847935
16519380
524935389
522356263
10316592
458019558
454350648
310512503
11918832
34689060
26651919
17598513
487003422
17268418
464651865
421676000
429068453
44482992
1414971
27801951
178530998
22932397
14423092
388328034
18809912
17475872
450034899
491831596
210859725
17380878
24174295
15634296
499216161
217353995
85568813
222206900
17906428
482359756
20635115
74690215
13403302
305367717
200177495
18344186
24584402
14411355
17782359
46670901
468133585
218317912
200309354
21386778
251268281
15428926
26992454
15532199
146099226
102725117
290114440
322632470
19925452
163892910
481570450
210825426
16271902
355627859
397478318
369561832
19057999
270738950
431686334
469213876
266039285
19295585
340515674
65646324
34766340
26810542
462738332
456351496
15085887
55629146
365570769
455116038
49644345
108304732
454078855
60627931
155906081
451781771
14590286
21435040
31966154
266265358
68689443
335416735
447079991
431990513
8510252
18262104
15103554
34710922
283879928
17717607
39429438
103653633
54778323
356359065
18583732
438863579
55403536
18464388
82095703
431096384
46498656
169633285
76721467
32137113
138612470
89558276
299798497
386729030
202283280
398999472
288967092
34586695
14879002
299953380
334053095
391984735
258332229
93896487
38927264
105134127
74478819
13233232
153897948
81222928
407104096
400310321
170075982
43773866
78735846
134506884
410585336
247134426
396017244
202437387
14897792
315506233
108655269
149534156
18734353
16701316
162146050
394837603
370231454
11361512
2295061
154336089
143882445
281275514
383977770
385581974
377257201
394679881
241236624
346740364
113114433
21596811
38703581
108355272
18248029
389268043
28360280
15315202
71792895
280963103
210672830
246024271
177436474
256645553
386860595
95971065
386303245
291741632
23970140
226980196
219256844
158042890
243116692
38799044
155663100
173703849
174688615
1317
57785515
343084232
308886473
359225923
128472447
165185625
102179167
166577510
365226997
270159914
87623206
189659678
305634171
252379105
312029599
292946919
192792925
8276112
40350866
244432139
50522496
87198154
71508775
112034865
43284947
239893089
25988874
87508396
152889033
235670349
36303719
332372434
168853665
171256511
170804111
289730848
334495409
87325512
93929480
21692610
140856920
304696545
181155761
304107084
39377814
2672931
171735092
128947465
46046512
74519030
29135440
324379552
245610207
106859864
210970114
318550551
311569054
202609710
24249169
38610390
67584797
16583112
188468841
322012171
318705196
111273599
257010511
267446312
81331235
289941751
69600716
204291101
312459236
100000760
32492934
20620350
35056570
306118781
306336508
272017240
56473163
304874384
22133265
191563802
17639064
158100219
294745440
96994334
118569387
9810192
20970094
45921041
278593365
297777852
35260982
15732930
274678881
21086179
15202733
293280353
23682830
28487033
32451823
38895013
293854256
161630907
263009412
31081562
33481418
286324384
264039872
180006383
288188095
288743780
19418032
148865347
288897159
16993117
15165858
280222339
279150714
184113597
28273614
20840807
275094049
160184670
14246001
22686304
109003244
219181216
28704177
210962892
260945936
42306855
19313995
277167523
76022477
279130937
214146874
22763701
269100744
49532098
59370946
159509125
95337250
138530516
187462748
35561760
235317493
211261440
98988305
57142731
41632954
263604365
14873075
19863562
252841109
130141534
248403156
253252604
23480735
95693448
212308855
238201947
242135929
20290305
133433872
184675277
14113857
10799642
28006501
259764204
14625547
26288171
42970901
14075212
7334402
48618822
19298933
17047208
29376805
18452605
211528841
217583784
207652345
123942813
207597568
190567306
135528262
75596558
43199901
42383845
238997505
6322442
29268665
5746882
22654404
34334604
34992065
232776719
239265335
182504897
17419608
185915841
34409743
174859666
180261714
211406138
242902762
244333305
29903007
20193452
19347202
36732459
22078798
15864679
110397757
22211558
14620544
18056078
179954337
227037169
145764048
23058226
14943818
15790717
11976432
242516956
104616749
242124746
241881046
36361956
240495813
191132075
84629018
29781774
181103143
2374611
193573806
222546544
119852601
38500641
26368450
171221404
238349193
26571599
176822369
15166857
135285451
1479731
33953125
17203437
46247561
17240190
50741545
238615137
51502583
55074739
147759702
14079307
64044159
87982760
227017123
34242182
86129983
226713935
88581667
91640029
226741301
201278685
29323239
73310442
217257807
16381220
123263650
30735466
35080292
17989953
153415509
20194170
89578891
45972124
130619333
126697440
23453489
210934434
190684722
124437550
149352581
28366095
150726823
51323240
211003376
18779339
191268312
41794024
166733508
211253340
129842864
33279328
11579212
190769534
94587480
20641348
210543732
28023432
14491359
17958382
201384618
169163077
59722579
14284687
85182329
197901148
68825492
130268655
43947282
182994241
105982453
60221590
152072103
135352406
23561208
74548748
143135457
64477358
156889233
171411817
166653118
17181265
176805234
66429081
23009778
90548758
25375846
22454856
92542951
30005585
37841623
122474714
65113615
161007666
163885610
146276050
177435903
30038002
131250021
100853035
171873661
37941132
8328682
163078739
29787193
46988713
27507211
151574328
51077652
763893
17930077
117064656
40689363
164493437
161731650
44107790
17430069
56927700
51581950
150152322
159185391
18708014
14888033
154671086
23132317
148931648
139791374
115487545
139593488
129928884
112017535
75962305
126614385
14464754
90990817
142853030
141704112
42627993
79344520
97546960
108391366
57286130
18770132
16584730
137810859
18541756
138101235
100074798
22746537
78845233
122973087
21413951
24249787
73703
15206649
135218521
16783139
100721587
131590296
6430032
119915023
33767440
17368500
33994338
85231182
28774235
86610556
122003827
15822077
119207165
26695484
126063015
17546952
126265674
31502691
17784550
19204892
80595921
111516786
59423714
69100793
35862569
118268709
113515760
117581990
21015529
36781219
83987145
69334050
17069525
79202792
115823448
27983060
113643881
38738837
85688973
35849263
35758171
103961889
109070809
111334166
22671716
66740869
39777013
44438256
95728052
49947807
10822452
15250722
18833157
93930461
24226681
55323056
100025010
41386884
67126503
91272961
90424954
22723002
19891213
45764940
56384845
27041821
11768542
79202676
101542813
7243252
15154811
100339501
77512853
94406597
95363183
18431059
98652998
26643689
19976462
18245005
37334808
1801861
20884310
50014224
15267541
89681401
22955371
13649002
43248974
93309593
32653911
92035852
30920593
18912340
38732231
57873167
60425228
69586607
4083781
18294973
91929684
46943605
16652758
11148342
89506254
38742528
60338234
21097076
89401360
63552808
87551912
14526679
50820505
59200277
53144289
87796383
86152466
48085489
15245706
25356215
23929169
14431198
22195223
65492953
14704086
32449539
33277722
26534249
36162240
12363142
15276841
50088781
17144004
77014927
8445252
59574994
18626424
10748252
16011794
15482283
51224766
15860016
18270085
18537956
66716942
82561177
77314206
16194172
3366721
15551260
48759281
12065472
18089164
62645568
80880648
46743975
72292718
46496131
26836989
52106931
73135424
49689297
77279546
63817581
16637920
76508832
76146247
23472996
17871371
46484144
19553422
14435376
45560533
63814753
63368710
71071679
71162929
59587471
15904039
66767158
26607095
18168650
15259870
68410502
19738409
59968368
18944073
15450278
61349398
19362341
36814136
61261057
65390817
43151284
67337824
9780512
63214025
24101142
45606805
63313417
49618760
2242041
63106194
56973512
15723144
24899874
18048466
13743152
59221014
17447698
61176124
15932615
47406894
18870661
38372614
61413756
17194090
52227134
29195806
32337424
14617444
58802396
35038857
14248266
17513981
5848362
53716778
61336035
24562033
10751252
57102012
11274452
61480904
2970331
41643844
53084114
58541078
17201929
57096889
52361166
23224646
56124664
58019290
15256826
13186532
15947185
19698834
59994235
57734055
55811809
15056465
24965771
12014132
16050032
1763801
24566398
58791339
59368096
16076226
46529380
12994322
18567018
19176429
59217654
17625154
32160273
58024283
18993395
29534708
21350494
17221246
16665939
18250262
32553959
20067857
29982331
16852081
37611067
14738561
24117963
43173208
52154227
50418119
16164520
25427470
14282672
28240302
18754768
1940581
58542625
18241551
16278286
16274109
28419995
19688530
19294232
3236206596
274213788
1196702316
3288844876
1878987517
25669007
2316435260
1434012109
190318463
319167933
2427458814
35218827
3031192233
402630155
2399423399
2543826809
2451759192
2799333908
363508759
14446656
35615885
17669783
33519312
2511327084
13491082
70976782
2482055523
59626549
271109829
297315757
634950843
54114276
350297204
96675328
1492591848
278399131
2279513389
37846752
52783296
15898119
17468904
74499421
153551571
19689813
1141356954
141209597
16936058
392641720
300830520
34710922
38895286
70291551
56243656
15305204
24929739
407043981
497621417
228998852
72636999
197901148
944853494
910661737
17181265
927765870
921622099
462592735
842240233
53787571
18351792
540162457
227284739
552067203
40162877
19363570
625997797
528066450
334890140
253800348
621111011
594177030
395545765
198603315
603698235
569334243
270975826
463261314
158461054
569626946
569302640
414041530
481372884
559223740
557008692
398081603
49115368
338880142
87493971
61291558
94869581
364577693
476860418
278096906
450007389
113101599
288310797
190638180
18730238
133710837
17409817
403008932
202283280
191596401
15829687
262273801
21419644
394837603
214675085
158042890
28704177
363361487
102445051
209864622
292946919
139916491
108391366
83674395
189659678
323684718
23111594
322012171
277534792
233783536
27959729
158589236
23373892
32885714
278279291
250365033
53128289
38895013
31081562
276976114
168696336
17358314
61057318
269406672
268312339
267002310
223680582
207660820
216120282
97546960
50167960
160932452
31568473
17155995
67018894
29766922
199571964
202729572
26385846
55838512
17475872
182440170
7862352
80610800
80611233
19149396
26586256
19122304
137707038
83893974
46459321
177684752
173659212
115839648
16895862
118698484
76333569
28443212
151100368
20252177
55290296
82830519
23102106
78816516
18333506
39850054
129421515
17154954
4031141
78962726
83066063
99993303
43865033
91147746
119524734
24491212
112682264
113643881
107209470
44164399
31433420
19715037
17073324
16455137
52106931
74231978
18262104
35758171
84998832
80659837
80095136
61801629
14690982
79298815
69586156
15605214
58523636
14435376
68732791
75021261
18307969
19149430
34284485
12724052
50330153
20025850
19308138
47763315
24414384
33573386
1317
24214894
12831902
29905859
21824548
83676464
1642784288
3174192023
85156552
117902076
3281026561
2961445680
17949210
3326415689
177241194
1263851844
2588398963
2414799324
953775511
1184346414
2623367960
423161756
3334499615
3322468065
28605207
3319401585
36361198
31416666
2293851320
43995880
2154127088
185766018
177605862
365659212
1320082920
2432783228
2680649437
67973977
48831366
549383699
3006739029
2217840920
3331318251
108455487
2884737100
3263478523
3180984685
365659990
3327270196
141623437
16231168
1469010649
2795376561
129574737
1219702742
43031643
2178542562
353133618
3232727348
1517256859
16446720
1496093900
2841326331
365662159
3088179981
249282219
3134590909
1067003076
208138875
401427177
45693963
29474708
2599584925
3245426395
3304742087
1003031816
2666653032
884498203
220392214
476843873
3160654640
1392483433
2802275593
20947235
3239680781
223272785
2517554893
3310966241
2194947792
144972470
582918634
3193012658
22114648
55532513
1433803981
20688412
3291461487
3086172016
18141042
843198242
3016848564
2516824286
2739680458
21510761
2194177987
18325946
1442348605
3094175810
2851452745
2603359631
506644164
2870004976
2565756534
2871851317
274213788
3288561903
48002214
227406408
1656710258
3165107588
240055113
3011479976
3049758941
3293051037
3230283975
1196702316
3031608447
3289973193
3290382172
2817256488
1543735178
51097526
2936260107
355518255
3073757293
778774704
3144121715
3129386922
89557210
3214608939
3288844876
250833376
105666017
2906696812
621460291
3069886005
2999999350
3177808901
16116432
718452762
3194657179
64496398
3232817435
2331994035
187457472
3105099973
532175001
3131186753
46904369
2952326557
69231321
145318322
591245382
163515227
3000083931
558280049
3147236384
2860463881
3033790109
3199250032
3212582235
2325075734
128243029
2838343245
2680428451
41651152
56744578
3120067762
3197851775
1447682112
2682437252
258744251
2939966870
479737520
402742413
551315073
3164259168
28152504
3102018274
3191022621
21628880
3014726375
2768267739
76882684
3018062886
64532597
2332786964
3152952521
3164465214
2957837847
1954689584
253865582
2767006909
2865584176
3028898086
3097703141
776234850
1638607153
487291296
37024101
276317582
2238072205
40588593
139669269
277623706
3031480587
182493733
992094715
329604949
3146470158
2635859532
81445410
381620850
2840587178
2458541456
3098508444
2434654530
3139528148
868294472
2820406214
86572222
67599247
176540776
33497588
3107911533
186732485
2895243364
1423320054
3130391663
489371892
587045574
3030535299
2986063736
481442738
50320600
2844388233
239838051
2728218840
2879181242
3086783734
995570786
2928526299
138718178
3030906364
486557894
3085402563
1154471148
13851852
29189989
1573873243
2160074869
136038539
2447740147
300878104
3066008603
3080388491
2819481719
3038364706
3086073505
466851667
881052187
636195513
2992621063
2427458814
2494727047
216896461
11420922
3011993567
42575910
891725556
366635924
1415914777
33094286
3064999043
3067504224
3077867909
3004142531
259221147
2968323748
262410755
1325524658
710891990
1452034232
2893779754
3061748360
884752561
38950009
165622748
25086747
16137743
391301252
2724583021
3032282418
3043664261
376275278
2717607301
518723497
2505882680
3054692211
3001357686
488575253
589206914
3033516707
3032334900
904782662
3044982561
3029166265
538562288
1891447122
279808566
3013952912
245864025
16886925
18426568
80692867
2927913948
1307501564
2478602222
551052644
3016882592
2472570853
17532498
219554390
321585596
104814699
18870989
14052200
331178368
470196395
309269809
2962581672
19191159
1039240338
3006543122
2978884039
3003691513
151894618
263836323
2986740223
2997417386
546049051
847690375
2987608319
2985499561
39652148
2781773797
2996384420
2394770521
2994946681
22315431
336750515
16462161
2880380741
55994540
616278725
322097739
15068399
2990459828
245098244
252307970
2731985880
22890549
2810882924
36890486
2974111289
2546318557
1430589805
2899727864
2574914348
1557041054
2973854373
2744360507
1377352896
58186724
2968472037
2447832338
1319579286
952000268
148637324
86316963
928084430
83576385
190104207
167366206
17628097
2494552742
2956822842
50471033
26602204
1657680541
2290348298
1896991004
173871117
91432503
2706535723
32168924
130555003
25555318
2939197915
418830106
2343734534
402630155
6996312
2551504825
150605320
514458095
2888936300
2249001944
2813574721
2830197583
532937823
42988035
410102485
131179788
33947532
15497992
2266876387
116943222
2395181796
2856707043
510447558
2326118995
2227964798
2920160760
2919021122
2905056156
2576345478
110441357
2297938725
2796823113
240531800
2307266862
2431214204
2708231809
1246458938
582254565
931006321
500370398
2902307970
2806294440
1295987732
2230596817
2838134037
1535783468
14775669
205482230
2575281056
2838554510
1350968107
267626496
2802000026
2899201111
1326849824
1683527594
1583530166
176678428
2893363561
2794989817
172834226
906135973
18173267
1620449059
2866756565
40916117
2836712151
2858992545
416462817
735427380
2864374420
589377973
414465696
2285326620
2388206209
42988185
384237793
2859429888
2863801538
56790081
2851281069
314011033
2313675810
1705712569
448116893
17690196
28784358
152732743
2853389062
56438539
1665857581
105960254
362084030
2813543778
2475565826
2881223257
392532535
2688164952
25954796
1006613352
164969860
2846539733
2875295352
2453932686
484384637
919491852
2868921822
38449898
296137293
455273317
2750050844
2377052388
2310965498
30155456
2157906093
76503308
296042634
30931787
2784852747
2831411151
2721741788
2838405164
2315910163
1228956212
2802785674
2820807946
388029157
2250482059
2550472010
2782514169
386256119
1589395507
2805809508
2576971698
552483586
2803390367
2360769247
2794610872
2383766982
1664690924
2832839491
2833861296
549710595
193968239
143587057
816718310
17949967
2799333908
2816874722
83214525
2231929609
2768241398
36325628
111716090
50073626
1755970135
60668934
552037927
2788976936
2272186986
2384305651
1552377768
1180495022
19933646
2806279220
81833526
2555273731
272141779
2369354924
733280370
555254815
2394353328
2768102053
623594433
2412260047
475391319
16223317
2766648672
143215148
2786584514
2690195496
2650814664
31038970
442730889
2446398037
2736200424
2729713248
2658154303
459565990
2380047488
30049142
2374149074
517630986
14434287
186206767
2549835373
33098495
721113493
2459889092
2463602384
28618231
1352749586
1591870525
2270451955
1413038280
2740176564
1397833513
2564413674
1942309886
1373845267
1010182364
21488167
57743433
589230641
2574941306
322241962
2542164134
2701684813
122179577
105907938
2190561343
2689823359
822297534
2155469598
2628853186
151639222
37532864
2472672241
1399143817
140868384
134959567
21444375
1603575427
1286732425
2221719596
279248170
776067721
2192982602
609348910
462599759
820287145
410969718
74499806
2180307884
2285460217
29228185
1039955804
873900000
51620660
2434188948
2575333920
2423289337
79863438
1267335924
2543600090
119984437
2348913997
238683530
2659168483
1583644646
978665059
1318936494
16569176
2486955626
334914754
2428177610
2363924689
2583615968
1561331262
495009826
68070690
799463720
1352085175
2525030427
2475866623
75425599
185809250
126998331
168727163
122100952
2603839248
43977818
750588967
2180110293
1965171361
357272496
2360952278
1710854994
2408881735
2493177772
20175361
1942467218
2510546275
1133053946
2393446410
2292990992
1055757270
15607043
1590204205
963518082
17385965
18721290
2546726821
1961754752
745412520
2555916722
601504561
2612239401
37784673
2486048822
60669990
198919608
2528711437
1325976667
2458654206
2571108169
345180787
230634468
187245132
2275311474
88316919
539751021
201166850
505075399
2253811964
2574251902
21647627
2550030224
2548751827
21388423
1485169776
1923248646
481178274
1018900982
70110045
164864260
1410531324
154707293
224777608
1181240606
14430086
970076714
2343573368
72292718
1247298085
2511221432
1026980306
877760527
2412265538
303315570
166841338
1766291066
365626248
2472652452
2269280251
1558138650
20928541
2492381222
95823628
77979429
1031254555
2541979419
2489050039
30909705
2463425629
57463354
244968318
14996627
454078855
1510469096
2478176323
289856501
250702362
2363327094
256921454
510640115
369803744
614453254
2482055523
2469703968
70976782
2316051960
1337473190
2313984050
2268404822
174783339
195054982
347325427
2451873618
236335319
2423645664
406253371
2448434018
325724829
2458931574
2324624767
2458310756
522685404
1354260722
366856069
2209937694
15963551
32268015
121794348
18818731
5437732
2442536492
989811714
22516220
1687905702
2413943186
272185046
1948194931
2267710856
331789805
291117953
27525915
339915485
1951788907
1329469964
268282057
24976874
1634597353
2338446973
281292307
2425321862
358548284
2427347258
2426259241
276738533
2424629550
196412274
19843630
2413713002
368646910
62954875
258806501
196130975
2235075332
1395150032
366482455
2347545271
2381945328
17353001
542788177
2322776323
2398144267
1550932214
394694320
115772187
585413236
234531186
2394749155
2291217048
2157438170
1532676103
114896425
57954266
457604213
2176493124
827978364
349978587
2214026672
2383598672
857090977
253761984
1671585252
1244874006
45963767
126717253
95821953
169139565
2236943420
29270273
17885796
1065463680
2360197099
278399131
517180200
46367401
714146220
105507225
2370158154
1152133878
285681251
1473591811
431744926
1838506538
76695766
2253813330
65139395
735621643
201936104
15533279
1488855805
924510962
2355976381
2351507652
118724515
2352431220
83486623
967679178
2350867914
1300116098
2334181920
306128315
298687770
2294002974
80424578
19979252
2244120024
1957461710
517168380
2152954837
361408391
2159029644
2258818430
2329766808
1191061226
1657485530
34283063
15694863
1609392846
271206758
250326559
2321248999
219392823
78758751
2305540566
552117820
83316130
2304944538
1345079256
738425863
2308142718
2298108068
42117366
2257997806
2211736164
74866693
2302959986
1964167416
31277724
170923491
1538119250
292482785
1337417400
2291025858
268875911
2260815797
1652593748
333740944
20815628
128574513
912225186
903098798
1953228229
1284950995
825601896
605919612
2265013531
1108339226
1952318682
1328272640
211647387
32714618
2265024577
336819196
627786215
47399897
2248810142
232287505
86638210
121601973
352593903
1244577362
275471220
2207741082
254719698
2249242442
40834465
2255561311
2209423844
1524096638
600491605
180309201
140864061
1691682235
82368677
347968831
237046890
229509740
222551200
1893516338
44162972
1620956258
1042368384
81263199
2225026304
15013891
2235581846
104352745
364737732
1265351448
42499938
2236245114
28967402
87723703
1551472902
1415474779
55394837
16899446
218504651
1747262966
38516217
2217229207
3735811
246371858
2176355094
248036454
1004998448
2198160941
1279354572
1593899480
41580964
2205510702
150366855
260029172
2193255853
873695544
348642833
262214799
1354927814
2204123329
1525342994
2202500082
1967210857
1849548510
2181199471
14110213
199055996
1337890392
351166366
2180607519
558748735
87021940
211161117
106431670
1962483258
322039742
181197243
39180780
982714256
54995490
2149531196
2180705648
820344667
1577882024
1887606948
27447082
1194758094
33963369
613482862
248215830
953869482
1927268072
929247054
1859256176
19468364
32610345
60849972
817578726
14386460
1686502578
18689751
36321931
296702128
1410603864
93730653
1495624254
89863144
1342874528
1282077500
249288361
1270261734
2148790223
1490924784
700157534
1400537972
35603357
292068916
156059342
953330646
160996313
1972259197
362296775
189203544
1543219537
1603662553
554865992
264696407
19711691
383054428
1415324340
14511197
1528109156
50840998
103384579
1665140810
89171210
42891044
1950914220
74913349
1638738834
407804722
1927880754
72636999
272182298
1387081806
113032797
189664557
221232643
170036256
474245721
256944942
68953337
100185584
1284097334
1875264127
121985455
1914946878
873355734
1886949961
1922369034
1281298082
1454773430
1893712502
438038000
71746329
1909563948
1726763917
1386285602
761726280
905095266
1910368844
1687496802
322128871
158746084
1908484712
138198720
800925258
410772898
14476396
48640986
1613941476
516734016
414086259
253671457
1271118818
12297972
27464993
106793317
1373506934
5658002
1879548266
1851780883
23480800
1089939757
1873087333
917341088
33208176
1867942172
993730662
1862148271
429851351
563396265
1865119267
1649186623
22991614
1675998037
635788872
129839833
213780199
101368198
1472419472
184256480
15487499
1382288456
274308763
32786851
218132756
1727657066
1538613625
71739592
15108416
35701971
17287400
709283088
40306260
73112403
69376182
1004678258
19726675
603321363
538082088
1735121425
14293032
41429708
44915693
16912892
1604016650
1410125467
406377134
741927512
19695231
246339903
15866165
1531751342
1710865465
397666841
1691913194
636612349
1667555984
153621694
1702867363
19940001
1676370631
1677778802
28287982
1679604685
80442954
884448043
46967378
122770149
858718512
22075828
1312257558
1553723150
1690998720
450115423
244639756
352982356
241279551
1027151082
234057437
133471985
38195204
432032312
7749102
1488314084
1647346794
474316291
570049649
150800311
117925264
1671034291
5685012
140437108
19367840
21906739
1324766526
1631192840
1658904769
1658871534
173319397
170853845
1660999399
1630961239
569196614
7900842
539677493
75375980
1577014812
1368762127
946126254
769582878
347572217
1584029870
778030033
1650770443
305199168
130919230
632703855
1593946645
602384991
204464927
576952593
1621752612
1365612217
615804422
1551128246
212444736
1636746493
1573312921
315603805
288249986
1322469224
1549052653
542796255
1447178329
16050032
292018705
425139349
913011204
1068585474
1146934148
35523948
935901114
1628974585
469948777
608589453
167140897
1190279958
1579606026
1072939567
565111258
353660923
335425134
1615426170
1225087238
17334345
1603341800
1480491654
908091312
1575637963
217182554
1413614324
132588451
83420912
133200382
317501231
131195457
35024570
298619241
18027434
335402324
1605916658
631667779
1603989170
515796711
1255149864
1394738066
39816269
1603207784
1600510254
1238999059
1430313456
1226648138
254104867
20981716
1378328365
1594111578
1565966275
1494412664
501524112
429083042
795404473
41539646
72450645
35890731
79032381
247086435
87315934
260014110
1427871464
316168193
1149230876
1549113522
593227056
43032597
294735032
378058766
831817183
831577987
1550734969
201416251
66621948
1478429078
188941422
1468706269
1552810687
79539976
151052740
1566159793
1304033088
532520448
17610907
158170978
284372496
67343394
23344631
25323549
555339015
1124058295
66947891
336763609
97005729
54641489
112432676
340735345
1364201978
443013455
15970392
1447511306
5948112
545648392
225057967
84131294
294763812
1458648812
27346205
1455622508
386316599
269042194
18758061
475917027
1357901635
1537489932
1485580345
577371818
333473560
1447556196
223437029
135408816
56001635
67049086
333360591
38297565
620514696
475005811
735409982
1470825577
1186261680
521717625
20701480
44424691
211943585
1252084142
1497856874
1532636430
1198140439
508904353
262893299
1530668221
58549337
84337096
1360053488
102801665
325548798
1469800290
1524244560
1357571838
1372002505
1522015332
351040226
1520660754
585309709
43777057
515937893
29358565
100248561
1508096695
308683249
189953037
37841305
111718400
971302722
1441241936
75300453
237277332
1497553152
41030445
1499691793
33158528
22078798
44737035
1498521578
19031236
443884171
1494735816
471615885
1004229301
76331069
17695016
110555502
49860829
1485357038
551160542
216989446
105274783
316503716
1482947851
568422337
15840195
48004713
302253100
1177968355
153551571
746299142
266302665
266282639
52089180
207517874
118351843
63264227
1371044154
185560220
609445356
18220307
1422537865
476238744
173509008
21538018
65871041
59143817
599625592
556702452
67416232
1449960744
117657554
373876019
1463742900
1462741962
1071823543
19940121
500224329
37329581
985166887
46904942
1321016070
1448966972
26712064
296331161
31413024
14817998
820333808
1441246862
66835606
234387786
1433920994
420496276
546363462
974257009
287251331
243766736
239840155
991500504
219721609
63058314
130504967
51484172
1386265117
277817759
24217808
240719182
294235334
490012520
904072208
343117013
55819566
249227694
834628832
395408651
36595806
1439132491
17305631
141153656
389304037
1309307113
315403330
1433702456
127595648
1361316416
775307592
432659794
957315469
858350942
389436849
1422175488
369084514
470451447
840911432
974754584
1401606457
348283982
1259607091
384244418
1164363750
41709755
1329099931
1374628975
35075434
75163779
318339507
237486735
79709174
512154465
13584132
275511324
1278456534
1278106734
625468978
1288697196
534125583
563560047
48383297
126842522
745547114
798772160
92088511
18725921
366163561
481035108
233771498
44553737
70290936
262548462
1252487076
302907511
29515654
14254096
291252989
1387517730
997227120
1140703718
1387568120
948870648
589284733
278217777
34617509
27697079
39762246
268112087
230595331
1139892734
802557822
317890838
36950082
273954535
1325357749
123959163
175159655
1378782169
1141444063
39801965
545156009
932233490
435318035
1302601393
732097213
1370777712
101048496
14626979
35779537
710009923
37841232
1357985551
541788754
937839457
224510988
1355813580
52895610
260582890
200504290
114559945
31324945
282800782
304452265
555357776
1349528240
1351244017
1336489045
558307790
1107888008
265659907
256850973
88476622
15964047
1343049433
249794205
260361653
22143145
30100341
119083950
155800643
398341971
1162633598
1216780538
277671608
198284120
36666496
575694710
144773230
442535052
1305695551
90379103
972375836
64478817
279389326
37929838
417366974
141209597
1315832030
28003142
974145836
298138833
587421055
26322847
1291987165
600354879
50227506
1228227704
350297204
713020892
1220794244
323010850
1175981239
167990608
49115368
1287481219
923515914
1075104038
1176728882
17694857
1138405094
29550569
87340865
1134955094
176129315
1269473726
232633093
14502847
450418594
1141356954
125711315
1006908098
121914307
177013865
1259819054
284605615
615951549
128380811
829551043
1230137821
1248326731
121213096
228701385
1142712872
1242949232
1242212618
224725993
1237344379
229144919
1235469560
1135977122
481566633
313375223
1153271065
1173845059
1086700950
21973069
519095502
201408538
17759335
174499543
64902758
48985081
74986845
256867763
1105414482
977677885
1184782063
1215083814
396668145
402432727
177754033
39697092
627901273
22640941
1193755333
17898671
17787675
576745694
1202024766
96177226
1095862616
247023594
351342397
39172424
1183944272
263693586
65502076
347630164
991240735
20737615
44308869
11353762
90958931
356415847
334766239
456677750
1109126851
69410319
407043981
20399737
1154175403
33433257
932646565
208369770
1162169018
501500229
116823682
915538747
255378669
873889081
1152593132
122028557
1147509415
290625339
57135304
65847918
351312222
42711524
300421275
123965046
807432709
212418959
878598265
132850917
1114659649
11010132
252569191
1127733698
33791650
431391193
59554510
14912281
203962325
583408217
454994899
876691345
15506836
972965054
602801773
79567106
25726636
499034844
288021618
317054504
1113751682
36254087
1032080042
384665759
539057653
77439903
242355323
135076402
46498656
347666929
330445403
1086784692
110479104
100853035
300005084
123025811
137608866
921759169
459743641
14557481
175809162
18829708
312942363
408741139
409196135
145621020
403016538
335894395
447573664
741797617
57545869
1067056326
89542511
1008218456
44126993
912611491
256949516
178779744
12819112
42634530
1060957933
418983539
25428892
185473971
1012083992
309124612
159099962
130230752
348793591
202358128
172364519
34409743
12188422
273421972
67551596
524506171
210226021
954820584
136666127
18201136
225853858
301559661
586994751
1042765945
25375670
1039955653
418400277
1021073113
23432914
478250468
482399470
514643345
957147870
1022307434
522448574
44725618
995655854
995476092
915254270
1013251016
544312504
516867082
14339989
970169474
302892268
40434085
1015525813
462646290
17469469
15299059
17944413
884518278
22432231
22613780
18285948
499079501
986417023
284932030
224284727
986713262
18874383
830612017
130593087
84845850
832399742
14420238
20470180
17702928
568818547
203073758
292400876
16521150
53146543
75204015
626438541
22818483
861090636
374072088
28028768
967421695
102754776
876426996
573931997
612789693
37158992
330628214
141297569
375110726
47024073
373496095
519697310
962004764
265076691
249723029
280606793
39342549
792588343
266055829
295212854
792508584
258930059
601423632
291698254
614572577
109527163
197528206
18487429
480050626
16468420
24565377
17464581
36941783
39176950
935119632
907552464
326158694
38697261
96773737
410978432
821725704
82800154
199010931
14755273
835661438
65594160
894324204
917817266
870694879
916952521
627232325
913871654
311190853
910518924
907028905
565706190
824281712
755680369
235343585
27412292
113058361
515024943
18473277
582391162
440622422
56598788
890897556
883997976
745786759
115356776
16723803
16665980
221417947
874169035
807348524
219254310
23721942
108834546
805613059
373135517
68624057
584917301
834958495
852533064
868890049
125444400
490760221
537768415
861847416
751856011
864489590
260527470
17774283
843914034
564291613
14281282
69356327
45720934
600907085
455308580
347971705
22658647
39878768
434898166
635665808
19246321
314363057
319686131
69568419
7791992
825940004
379571041
616596847
842240233
21997818
14579415
556083857
479624310
15974405
42637316
230784933
834335462
432907125
33014807
832553010
283237220
30324278
531250460
479652993
526523652
14974018
417982750
253564295
807660222
390641346
571883930
704735371
562787769
411243415
257090056
741095450
717932004
584084364
804883627
237416819
74874129
18389626
113542922
596228755
228113466
536905167
289719266
26593261
18111711
785938381
711666402
777979249
31453604
26776072
129906416
114579295
456184476
412637587
227284739
25915690
16153835
347534564
592503271
781540772
434631842
313467592
705371137
456927417
771862471
15887497
774871386
774304459
326569138
16079276
568598570
620349975
115085266
569242704
340499646
28234492
138111224
16788496
545040741
106823666
592347382
255632307
594436165
63275070
109174276
24929739
265052462
632217146
362845372
26139536
436969570
22077185
263195659
272978365
129235890
204686855
20955971
211837097
227342168
17147539
393450354
707258851
255404649
364060274
205278045
626401566
197484555
34710922
326144014
99858780
18135466
701850066
457983961
387013521
236913777
269686044
727430430
726470124
632825536
501170935
134838029
18151975
75858565
713078376
25494614
749113
326316940
424641533
702564252
18277340
202444394
31409264
18939337
147428224
709544407
385497861
63736058
625997797
138530516
237912818
297516377
493583960
635845996
49457141
97554022
123995325
528066450
636960756
5751162
201311445
20775310
171537720
14610275
616696659
229287680
35129382
123661679
271002079
33666844
35938094
15871036
415001805
227201605
554013949
633622553
22367832
633085503
233683592
67763905
200951774
594177030
37136944
286173163
456708352
48254813
21425437
113697077
16198789
129171034
70808107
579709494
42916712
491941054
349000864
23862487
323284201
319746857
627612063
627290003
186172324
614737523
395545765
581300538
36770107
23387619
143117835
599495605
19081277
213754594
619152019
343598276
348416840
26680837
17500180
45445828
586639418
564392459
613324451
20713691
15726812
603766881
292848922
466779086
382195791
365783388
611073459
170633394
545353206
48047475
334849558
32353164
21880525
73442267
353332877
237441463
581004064
81855857
515826653
500224720
31419286
579762787
603698235
139121827
603097043
28824136
58971223
487955154
599487838
456747397
413259505
27188963
57662835
21337902
253560074
87732724
17956236
275582528
597983905
45065930
308995701
115068678
419251923
248337476
13113022
199313853
18450727
429068453
23199122
122467925
511270453
370255096
520491816
489517605
213378736
37366095
267406878
577426099
588595798
340768476
403771971
499681571
346580404
111975528
107268370
586758108
37486202
381245404
22299240
526794063
52238926
14551068
16978071
58245259
247986833
14141269
22673868
34743846
10333932
539338456
574508708
185140572
559011661
577756361
267594404
71122191
576858844
575890930
95273513
320799329
320808808
377497721
574538075
14220692
573789712
569302640
54761046
572402996
68083448
571688411
569059733
18093423
114019620
282542884
557336827
234650681
569735965
40116996
414041530
469588351
16006850
58898331
357040097
165185625
406014990
266623161
166803280
17148064
111102398
26041974
388892606
562800851
23259586
18141015
18784473
247995877
554495799
16213572
204485192
28157609
131246739
135970595
115813132
270931086
14192502
22447747
363402909
38048560
169135831
555908514
509180239
534824839
159779557
3205
498320897
44489522
56401714
251407704
386176192
408631677
16788288
378122353
35955772
501907897
463261823
412449442
326560581
256280150
539967148
549160489
347936817
484903912
21402214
296816692
175550343
163085945
466111188
271660574
517312614
22036061
321475980
538428319
185915067
172457982
48801139
140905356
301859759
316870501
296572607
18733002
54770099
541992469
228176840
21429720
65570828
472097230
338880142
291951719
426042974
522660899
320176093
19031473
537760950
537245165
198747796
428111632
185717801
14471167
359683362
18091706
137416974
9403752
121225999
154671222
357704860
100620126
288759205
390816092
23771696
161675610
248066402
423995169
69348131
55310498
285373473
456279985
19016024
23604700
178457493
29778934
361579374
172468959
415737744
79379077
21290240
169146823
325938941
320395028
231187864
124786525
20802228
524544703
454134873
226683313
184816574
137313492
113755562
211379450
512475299
253640699
381929335
454350648
16676991
23597914
366773650
95367276
515081899
517345827
20159122
17973387
14681336
25813619
468771608
513142303
513718966
503525675
512940842
508219152
470416337
174126664
91656434
316357556
379985716
314617170
373680589
486622800
106535833
56155235
459558201
41805357
137466571
441190458
507749328
490226265
507188011
436045478
506028866
328855505
492641200
490416130
82266859
59276937
470891640
21721616
489232752
223971893
193831593
452945804
39443363
121858254
25547265
422920738
24174295
496040657
498471717
482601967
379169769
182908562
16697018
275665495
489188730
351929886
16475964
276805053
281185628
489113862
51305926
391216978
468134687
446565425
7127332
487237240
27336071
118640195
492134648
216032511
16202684
133119092
56114628
404746409
59846819
188350500
456152934
86757865
468122021
167798784
451126644
34698999
121408781
480847697
485400341
128040157
464719464
374082977
479775531
7137762
185046821
143820019
404064011
469458343
36126602
33275445
335220839
33411452
437689857
473981323
133545597
223307067
431686334
170016558
17219070
181107509
413424826
402119037
460328036
472672231
34294605
416534303
315291558
471634596
424820241
351913234
106961603
273206433
465402607
268815203
262721265
323753698
321152869
454094502
10305322
49773922
463181295
59485590
228953201
464051636
27279694
18783267
241621321
14568290
161941551
17172045
447442475
459775585
230083910
429123557
465361983
18065279
220313886
455906558
446737549
336281251
23173210
40242673
16338047
67903014
423006390
54620808
123731462
139953354
143017931
358051595
224609845
461823288
57633739
338543184
455116038
461293161
454527879
430858597
286004189
306533671
104136310
74805926
234919323
79033348
411017060
72127679
309469549
403771807
344288847
288408661
16227923
358044391
132982293
16440542
58229033
48839054
135057733
452723944
21489562
311694988
450404308
242875247
61965854
447501525
42923372
450430945
370681758
49506820
444478103
241208166
161876451
11039282
9493542
416203116
445595230
408501421
168418144
444867401
18778607
184539608
16933716
149736177
437236482
15642055
427797615
47949006
76602012
158589236
370623591
441387441
415145783
330511282
25932902
125400044
113130513
317317167
254428884
297187658
140738341
339165943
361320341
14613859
22333220
312477208
308904728
22174229
30901469
430976274
21667135
71459430
216574236
128651444
263644017
113565099
46989098
68613920
410680201
27970688
33270588
400618708
127924885
15577094
266125371
119905791
243658875
56473163
156785569
109011666
231635117
33154454
126636661
18683202
13284722
386729030
386726594
386726233
14763087
88477194
59199012
291849321
384904654
42557817
40343974
105281722
76476619
11149582
361238217
195373011
14423894
26841266
411680348
289772609
237330533
14128528
274416029
78653568
38372614
416667927
185817496
228181772
11589752
421676000
189333763
364685953
111215127
294899034
420206617
217164467
353529688
81222928
69817134
409217497
245398836
407421294
110739746
372564467
22544194
36144714
214813256
25776543
382871551
400280751
410052818
36357830
402992625
351707131
34985470
376345579
289690154
409091046
410084945
97736173
350718556
409793940
405427079
374568315
385130426
229191205
379199689
378263478
14094207
189637542
193515866
21305119
406584801
39739825
396094750
398204904
39298267
48819973
78495571
65063164
397912882
158041798
361358996
360002625
189320783
366456061
355635012
400256570
390797538
29809283
381653682
294733246
70062083
20174215
371184396
394837603
72421465
389127416
74884756
386449383
397501030
246024271
35500116
222933259
249497049
392350277
330354472
381619798
309465898
16810675
338980596
318428979
393128711
16344137
113114433
21596811
45993175
376866038
258605206
379386343
347505597
99142735
226414442
370277992
280963103
225143034
117529775
389268043
390314935
121462160
389313457
288976738
385463851
72239171
383995872
317107648
358741333
75928603
37005216
356950171
353395562
289729468
387677103
318487726
186270828
211338200
244283843
357146719
289385640
345671175
17791210
17726018
20287223
106539595
214675085
23293123
111741504
132700298
26053661
384870026
84128743
382206044
7503452
36083751
384384564
379775095
384158244
330149321
384195161
374682717
1317
344148086
260017351
377404416
151553126
21544477
285822802
373936935
325644574
194958611
24719006
143915986
17257233
289494464
19830993
329000976
256645553
346821830
15952464
224938017
373780891
99381085
88573277
68051348
376820034
376338236
194587229
297106007
174688615
292872956
60813150
55342988
109164425
95740552
248818240
374575130
365071227
272243469
1763801
374488361
295607211
23133319
33146441
17177868
37123481
17857404
264013754
297512824
13852722
170455186
358354163
361651775
17145049
20328181
146814820
354632335
288303744
273583795
127955840
368874315
305832665
366631406
237788732
73104671
350046758
369706667
365513553
14517373
257251673
333516099
190184635
219202648
359025399
339714888
14786473
357499904
20828555
366452282
363369547
271396253
366085168
15895251
34907381
352226884
252975526
361963717
352483853
361281773
272785015
113789793
22982154
25533069
20777187
321199035
213363727
335146257
71508775
361365912
15364351
252379105
312029599
360809301
186081555
28360280
71352718
292946919
86197337
348333537
242698490
23321692
40350866
340552341
123098079
205526939
217451219
19410094
190711430
24941329
36087646
117318947
270983099
329885807
245910327
19309496
103821657
284231433
257275606
17974442
304457365
342112689
334514224
17056290
91923415
352346996
351359742
249247262
112034865
160631170
346191049
46664359
344278963
15399379
265781389
15693370
34853705
14665845
348945610
135916126
146713080
301408011
285670262
188999701
311271073
290856138
160929070
166512519
54779022
108397361
127570701
299945065
133710837
217523838
284994807
15458277
34020922
60211254
16854164
18402000
38549111
43681545
113987854
89814436
188468841
290085437
339276903
336026102
288647962
288647985
59200277
221697364
4937061
288290958
9699192
217319143
290805164
202664056
235670349
87325512
88713112
39271185
100632928
219448772
20750990
36552960
256240923
173340973
33803846
272919021
333084133
19262594
52502440
221700190
119845705
335891723
17218265
14260418
221697106
299511737
320305276
334710907
267171658
222344265
142890684
323339126
289851280
107785529
280426547
231120710
222847669
23875007
23750317
265749239
24581361
49485628
249511522
259301697
287183712
313947294
253810773
30933234
24415922
26642880
35721263
32913586
327543960
196647588
246753825
104036027
328882666
15552773
313034182
230982061
57786431
204908627
18342649
283882222
256098674
308463070
189659678
215718578
293236399
181790190
286322043
322689511
266764385
15923878
323115596
28676469
15864679
78312515
98565887
311549680
204001586
293837622
86137896
160182124
320772883
16965547
18262104
49992096
274646767
322012171
277271097
33174401
310674564
320945927
168783827
277958886
155323120
10153312
314595331
221529403
275891928
307583114
279249022
45905093
67044683
234026102
17091847
269070975
307814563
286225895
306388787
313393034
13361342
309437175
41968142
56527521
58766287
65120256
45604304
155558014
217407314
311898771
154361768
169671284
26334024
307174014
231756730
282717311
9548232
41186006
28621968
127572682
298029693
249720155
111946007
27680898
134117843
38554361
20799682
24825097
19704268
203938295
24306534
302254329
55912210
134930804
252191666
173487260
302904077
303353726
303220579
301460184
48497995
194625996
294070019
253221193
301572092
151041862
22994470
300851413
39336850
217583784
86180513
5137311
153678882
296609350
299155517
292406912
293212924
221845019
297300617
262575239
64682986
197505831
62541460
31597577
16871974
102701089
295220901
17397087
74281691
22745342
138552566
15027780
177107430
118820684
258862982
232994610
61471915
204072648
259270995
289486823
292090543
218187551
25724916
22868387
97688364
40746203
292204806
28704177
31081562
291628583
292157342
21212216
38895013
46334472
36658966
257149706
278370274
290691997
289350847
288226328
37327426
102540152
17385685
15853347
45921041
274236029
36131454
284123248
277215418
287681397
15179353
238610446
131784188
272030547
171828974
109886771
199362504
156215104
257765629
282290715
132130104
154612662
19726161
19924681
267848480
257647776
187590507
54998393
272435698
131815513
189100090
217814831
16048538
261230680
186338394
282021759
244537730
28425440
282317819
24287215
108931568
116833234
233108242
271930287
124053234
218346312
280574518
280037164
277229012
276383501
37786188
20804924
110332645
277031248
17642448
122187075
276976114
168696336
216593056
84499646
276228167
271466899
255317724
62893679
210855402
277020728
277355598
62494075
218877091
154244170
81259287
23102106
18506826
25937045
45008432
219497069
176202031
271899651
22638297
134548703
83429920
42651647
255796297
16969648
264164282
262163102
180978977
233803902
142533079
13155622
234350845
267002310
22372056
254195489
38089392
244286175
211717944
271438730
179554384
86103200
258952930
260102437
267260542
31626997
269437459
263302473
105266886
17941459
232805751
198440334
268334862
268475904
75362308
27293193
178365199
268774713
268512993
260655895
27248973
267527672
157334300
267563515
59370946
222690541
172195776
214662570
128135898
250505876
13950452
259687604
260338328
40668113
130559501
97354038
186729958
261722168
264440447
262557644
16172327
100617759
214754889
180471542
259960365
100400859
18084746
89567657
254752106
261260133
239207035
163456116
242135929
85631584
6087272
19001970
259945430
14627161
5118981
212456695
166751703
72054971
260692289
72883569
123608321
172763620
15272346
260601425
248699138
88961864
247024374
40282219
28840450
14849958
214774131
260152919
193584993
16440698
245447208
43951527
135130286
97148054
257070322
254142105
132743289
256653701
255237112
239265335
234651761
193080884
14141197
250433137
17206739
104906508
211528841
103067027
233358828
252852021
248560576
252356481
194624921
251336662
48520019
139230624
223515146
249661741
239141900
246908852
247879588
46310209
246459433
199226563
239754620
231206334
241314689
244333305
35038857
53451103
245284800
20939163
210165622
244508697
17892108
244184972
109003244
121182483
19786800
237777017
14073828
19341895
128058788
199673211
180116759
237221072
237647419
236335280
240610473
161089507
15290795
184063011
242244156
242204797
95161756
16168686
62509229
14971572
130631910
127752497
239311056
127658493
45955305
65827875
216120282
149774652
18662542
15722739
75513600
240340006
238107395
14523408
233262455
35297138
22281229
95438185
81111871
238890639
40696781
222262795
100138638
18355938
21629250
17374075
29781774
54579941
42489308
158414469
39144647
31530910
196288724
229451906
229452536
22524265
209606107
121607895
55575513
51957857
103728431
25049744
16633036
16473460
223424515
116986352
170640448
16076226
189549445
160932452
232873518
20780236
233995732
88735953
231219230
197290826
84209407
14940826
16058986
184993025
177304224
232653481
127595047
126861105
66936988
144092570
113101599
185684268
193295147
118731345
226713935
17695470
229422916
205594444
61856439
226137501
216879806
81961881
181217057
169801288
230543401
229339187
35408113
124259615
55128061
30818383
48292794
199810377
226117396
133474481
55703572
135904100
229052059
214298787
194409959
43009213
227633675
226236593
220592258
227579979
225454643
227595915
58948367
227486941
67039061
112796502
26778563
174801347
212131288
16828168
222462160
218593761
15047518
193573806
146871854
18983068
216533651
225620318
31237297
45352957
194348945
225455917
155698735
223253063
205594957
24322876
216767331
62220844
210134526
205594574
164171628
28079831
166584208
165178659
29009313
16444797
15184019
92073417
220801500
222354100
48684472
123263650
71106500
223101523
58224143
25159890
34136248
222408269
199571964
214951471
221397936
20479766
221188086
210901573
212936319
219702939
35976118
16983361
154204626
85906383
33622636
206070917
218051747
217560268
132549953
78046239
130982709
24134329
214640989
163987979
208781110
135735097
198045417
211584452
45107854
216490303
88190643
215531834
73872664
132964108
14524244
45842017
14212360
192385492
95363183
94407357
107282314
31523512
35829928
178174808
8654222
212427580
88464991
194781338
16833168
148186963
210627277
93054037
140885322
10312772
15038522
89387113
209174438
25718238
208951955
57710446
9677372
117759178
68092219
19859768
26385846
18664140
59574994
94802427
61329445
165106182
176566681
184135222
173656688
20609107
205806752
104587495
68972695
64111491
37490045
185115504
21525846
25718274
118538756
27555581
167348838
16233482
204823957
190684722
175192109
24623642
147288620
82505838
176863021
59722579
20832563
122522798
122714115
19187206
192906510
48922263
140192316
87270134
184426699
116452892
15945146
19613406
45035567
197901148
14080525
199622354
33016017
30912452
29835296
13938522
180549973
87521860
167962669
22341209
17096915
196763665
197458562
73013906
163831487
27742955
53647715
25964864
123865715
68313
195753167
68501525
17377977
20056392
16138076
14307686
194320021
17123836
194143044
15308852
94420015
40181465
35830238
19769064
52770751
181650215
182994241
139206651
27821983
24916455
51028602
132861264
22248690
36308294
37899134
19594685
182440170
156593649
163483932
188722711
15795533
46588356
17174357
17181265
25079782
51762952
181384052
65693050
20653637
32548870
188437749
127330021
17231752
175576528
139173680
187252847
152813119
47084412
186872858
17796018
38394199
17379858
166653118
15154811
94614461
22713514
185580546
169842728
17997888
59174556
122559224
85578386
16645441
14267832
5618162
19381807
142338365
183952983
2767851
50756289
135765482
183338747
20939563
48026592
25321774
34553080
113297323
89034454
36391678
127294203
164815863
89802173
103696660
14344497
161007666
139986343
163885610
113227521
144677722
180472861
84596696
28653731
180821568
22654404
181551551
650903
152369572
22773470
178864959
170021655
14167429
141302712
163728053
180577414
15199740
22454856
100606273
132728591
28801174
105968265
9701092
17513981
47811875
40052418
167165820
44829716
20633768
15232302
21883305
177684752
22808957
83893974
179085620
21817757
39087360
857141
26573545
27136797
142728153
18950878
95610582
18495854
178765569
59103901
51043119
10859312
19493992
101938691
15829687
33549725
157057263
118062679
47586808
32062804
176434844
176503206
58121012
131250021
159674471
175594508
175696946
175580683
126773585
22518425
163795621
113947635
157813580
20865979
171338491
158489102
12363142
173834817
18827965
73310442
15551812
155537618
170259637
14621614
101015168
103013627
18084238
19714293
78040598
171795052
41675272
46402019
94073104
17277902
20551422
58637386
8765892
169445004
171821359
171562931
15506834
35123148
91036592
17719330
54666173
35213966
21105417
68620552
15276841
25127449
37157135
38895286
53681649
81756471
28443212
17203437
15056465
115697107
20728782
163283674
43358732
10351332
45606805
63684370
152358082
153702733
55306612
119043314
22247075
168466959
61268115
50667307
17464265
27087150
65007412
138316087
27985573
112351430
17651107
163970295
110502895
26803584
153416166
158097134
164767545
165469513
27063230
119709785
49757945
153127142
144139125
163142704
19052570
162322167
161149770
151004766
154630420
111239508
19633103
18952281
150715375
154659640
65321725
84277849
110624811
159097137
24857277
120156056
113434065
112060879
19486209
56820318
28236480
61685103
16922825
55648286
19789602
102466010
58098962
156282526
148811478
17094690
139903432
26184639
76333569
148096971
22091213
146216830
147038066
123877513
17450037
125221808
119397109
50261450
155237172
29971251
105177612
148504214
154428400
123806012
23800396
18452605
20585298
18225966
137240978
16487712
15889265
151100368
152036296
24337134
139434932
120198860
135466554
118741011
139651142
148084831
140038196
38819536
27365712
56694282
84994269
23615900
16539524
55290296
147846773
143180377
18294973
127335201
70762056
34865397
37724054
137709389
74767272
17658635
37036394
32336174
15393700
137904536
17553486
81412874
130239693
78520450
14062221
123072551
9345172
17027836
45581549
37723843
16129667
17288788
16953480
33228634
114947292
61118465
140209184
128069472
97546960
25476497
108391366
79344520
137804520
140674033
18432396
19266679
75794540
32911330
14681714
28943139
16656236
71339674
76959901
86350396
7439302
66365334
135646681
107939119
133192640
108228166
16342328
14710904
115489113
121778332
64257770
136193440
28614684
19094752
42151509
11779392
49061402
131401060
22718407
36871258
98757363
133386301
33880118
17695558
14738561
117425466
18704291
51407841
69689779
20102364
71436763
116237153
113390411
119136499
75177083
118055233
114937714
120817399
119682064
120754570
125297697
129345623
28774235
117791931
54926726
16894084
124812669
126673717
20447545
70693124
127650681
99993303
43865033
17194090
126589676
36351117
33503801
44093781
19791948
22824210
91435255
117001649
18758211
60715321
112771996
97334092
12908332
105956036
57528569
32538235
71691476
18813482
26953478
106770160
117194913
113726001
115467584
20770149
15273466
75495779
96595074
109198670
6125082
23045245
104991395
105177865
17386718
23109248
48110818
112682264
112231249
17898327
41050631
60884895
104904555
25240071
114824936
44484303
69912648
18809912
18292479
80659837
14227279
110939696
111733773
113643881
60696960
18478452
17051344
18504867
86929161
44389983
108673951
28487033
18954209
25728193
46943605
54522365
22671716
28185145
26400042
16476547
14125501
87660299
35849263
95531683
25458378
38447355
17693594
109104285
106191633
76092045
102257360
17069983
90175877
59417357
46397002
44164399
24226681
52106931
22290987
86005984
106541145
14589866
95260979
104879767
32262132
37949410
93587473
28654506
14675205
68655182
31433420
77051236
16455137
24158983
15607632
102756915
20696759
102988160
102487674
60143695
20193452
38810148
46508581
18801560
29920308
98179615
15762845
97761239
94743161
95660995
55560050
14557525
19897004
70801186
89131806
58791339
41835256
48085489
97259754
28223692
14800352
28009658
95856799
33044533
81383024
90846526
32953826
11162812
39204563
29282532
73135424
89038428
12730542
88811588
18501320
18333506
74741590
14212033
78425969
29334776
18692858
24904298
23844016
11274452
46743975
32308615
33767440
69878197
58463837
52217262
17108182
82719006
50088781
