49462929
2418852638
48954726
193978434
33345091
67973977
405792649
2411495790
260887905
1631167068
1588877124
3832701
2343863688
2163358988
2468006506
2473384153
1705001286
3346376657
1402482265
2617128320
2583255585
2852527369
86584390
89557210
3021720200
1402570615
2917396821
2980425671
595819574
3028508427
943538042
710278115
63499797
2895819495
26518374
1954273314
20791294
3217692531
2908411270
2525771683
1525342994
3301706092
1273676623
498918132
2176285862
17238067
3240205862
637382227
1433803981
3025591461
461301890
20722027
1346730739
3142275587
29264060
97522575
2714710021
518662347
3070106614
348141731
98150640
347275848
619448751
3244123077
3110437523
3171046158
2213487864
218423826
2287157076
285177964
3178691298
164254668
15556977
76731604
67721029
852039852
3230973777
16074627
1220781445
1487766642
81678421
355917443
315193431
16482210
236636616
217445404
3119853895
1954293848
85657467
1212634962
2607933788
87403396
3041137470
582254565
48038030
16047616
7019062
2675124385
322295907
16543550
3119362606
465204773
111118755
1323117860
3053030373
375420595
1616061264
2994503717
109292618
2456721475
492424732
50320600
218563804
278098811
3064673663
896271762
2598749198
364465366
3075356498
2806294440
2984284371
2894389942
1170363644
2828597963
176612760
2913692417
795058501
56534735
325880831
228756043
2241486025
3067984203
165567439
806743370
19252216
16668860
61404639
184203894
3000385676
237805372
102436246
455948067
464719464
2732826470
2962903625
1490852904
2389862521
2510000407
371842065
2204422464
2831737343
536725407
2161641150
249395206
2260150651
17479266
1712618364
173016369
518631548
12375422
711076460
18030603
295754642
88581667
322013936
23143256
368381257
405892061
2996193165
35712161
2987428154
2704486632
2634161040
2997762997
112770164
388992645
214969165
173871117
18885069
344706008
617550791
1418487427
587601141
2544946934
2936590963
847679660
572062434
14562968
2187257077
2401941805
1180495022
425876124
2942628704
260582890
2800545238
2327923766
2915078878
254207945
2904029998
1588547761
132623320
2883205690
118236049
479631060
2882158379
976115965
26734149
2421296922
631607756
1692958177
2868442567
111701317
494280332
2871287133
2869334067
70771158
59785531
906135973
15930700
1715994553
38449898
932804480
278717781
50419839
1268666096
2252586816
387176519
2856746466
56382058
1602601124
2675892744
39838415
2199902928
342163478
1045368750
2190906684
632341371
2449309874
2852318688
2828007936
2827937316
633015042
2849008218
1584013328
747670974
1118361438
1653730938
2788178818
2762033667
24913769
2799333908
1880805734
24264759
1674580705
1267335924
174777884
2799780732
304452265
2732245451
1493382625
134242072
2343903625
23238132
398239966
1375527385
25928808
1167285348
2300574721
1750288814
250698008
540512856
247004061
24163237
362297287
2426247799
109689119
733012555
402290731
44392911
39828048
38509175
2517966605
385003810
2651771192
2583615968
291823814
245975537
147937682
2487375244
58975792
25505387
2329236396
1501139258
12511062
2492811448
2589388536
2192826980
74790876
2601749634
2588338964
212323439
111239787
2542999764
1491860286
201502910
171675968
21688884
2513695814
518604517
1618740026
7001042
636931259
46479015
2470090472
1136290014
2485607556
2439326930
329188307
2429097374
432616318
107130365
17470431
872354664
71987051
2303246095
1240453093
106774868
619856417
519811571
278399131
1464939498
2304656882
1724302544
2357541969
158725177
30504324
2238554724
72982024
22407014
24813587
1183352161
2225449470
22648473
747417360
267499684
1244577362
2218003412
27665262
1240581169
362700942
1923545130
740767820
811599980
66576304
1465204728
1904652792
1927880754
1849548510
1927527138
49473009
460204091
2193296792
1516638829
380578668
43353510
2157242132
2148241204
17194346
1244853630
1590140670
244987986
1252680031
331027817
1350757747
60985053
462588809
283689106
19995709
549476819
213780199
49863565
26531591
284808286
561445312
110966788
278365018
1709319384
22638297
29529228
15068399
22063766
1597169640
999279734
280192329
549293662
156052545
75375980
39764957
1596198668
134460518
18220307
258814164
1596435498
1327276171
575453250
1018259659
185065233
19595915
316134826
1561031136
18791618
23461107
14668055
188941422
281133411
140101698
831817183
414790579
88826066
1434716862
17206051
227855270
1485580345
1527558577
18028538
744529022
1535000454
50373986
254719698
184867377
1408194463
1482947851
256563070
1128962905
1493485352
22497729
498047885
107803803
126842522
183033795
329842422
229334353
634058756
1308752599
1430457751
1080643448
863302345
989682788
167964032
553878978
1421650908
203641278
234057437
218017989
928975182
1164363750
1415865024
1129214288
614967136
315914263
57652284
565180921
174067487
491441903
45637999
330526592
1302601393
888027091
448392140
143667836
253922652
208638412
1107888008
260361653
25932356
483359583
1164422460
26815822
391583284
198284120
1141356954
426898356
16429082
177444230
141209597
20461360
1315590360
480775470
485051625
1199100624
602302616
537768415
518024487
289562864
303049015
1267088240
25591025
22845283
491232095
34606838
16055862
26826342
974649547
162741463
393958654
982936195
463073312
503325685
1098745183
383878826
936752700
30914544
55003939
30539538
127617328
912928712
1080189110
276140064
54358617
143149375
1117419025
390166851
26886242
106938252
80705169
16745935
879161563
61332681
332954329
558185944
381971674
24019341
339223835
626164034
237256396
319061459
1117449980
921580388
28240302
50696660
295697157
114324297
34710922
46221371
16476703
32895270
211496143
887474666
26894549
843008576
292403756
330952307
74446914
14083276
21337440
1009173444
546423071
148010117
1027253336
47771515
973819746
168352337
633924213
10021212
21633124
314236515
787811900
244196298
158989132
633886145
23801638
515081899
14171746
70454433
217123959
324881778
564854981
461478291
952593630
569647794
41246418
16117496
326158694
624876252
340194530
214557590
157111413
33042135
874421773
44383669
414487441
904821301
218679389
468877880
186047879
570983358
440622422
38722208
136057355
892722086
148497799
882210637
241324996
828359179
113089563
8492022
447442475
758019174
54647030
569242704
302973695
245823525
24929739
81970816
85439349
720504404
818057396
840983880
17331590
124325399
17424137
291849321
772101326
49759386
309977000
261866260
198145343
331426576
507778640
236956091
637313604
193858366
618734467
95841806
366091848
773688079
24405414
473386060
14215539
83311506
91828942
18151975
91032359
574652492
49901731
47587977
450535545
173520079
407039290
701326392
380427002
581928213
25911044
581493456
202358481
635845996
178744625
395545765
33896079
631735890
260307439
32353164
164042350
132568052
390698840
107152713
334849558
605748822
398961518
558985672
20340869
213484763
603698235
18849884
130233132
16477343
450911138
451688135
499334480
115068678
21230785
482267745
539338456
589048652
35027727
189518195
586193925
466760101
136337303
314011033
196778759
296091800
122459437
91375542
380068824
120228163
575304767
552197313
123186561
136369745
524997168
55394837
15739043
14467408
414041530
107268370
220882932
278672826
538066993
276221483
26367901
559223740
319962895
556028732
263595467
33950622
547603972
19085281
221623508
40778603
369742603
55305499
549590292
59481385
317452346
546279303
491525292
50590205
38986882
525535931
338880142
17904392
56805374
121748380
41157042
381598790
48253802
268507921
103744187
441366234
265843895
11116662
32650360
23199122
48102936
257529405
238261649
117435341
518655890
284222164
179338293
518607217
316357556
518601549
18643443
19566379
268280933
163906428
20484401
279042303
26568333
250773946
55557980
474594717
496940870
481039472
480800759
186105424
18285850
417390901
165012923
256092411
488711673
64448579
96994334
15966354
218392706
30294468
473927774
34836001
434242915
431292565
368672166
296890153
23548058
469771198
28047300
36095579
83856326
449246103
405114642
326450140
75573233
410146763
188076161
344263876
159496174
451443193
295099107
17846734
152048247
423623786
408707568
410431651
437582733
423822798
20596076
434820069
280146682
42989981
212005382
431942846
24481831
36947400
42364349
33076821
400284524
202283280
414081831
394583346
37723843
107472943
324392492
407090482
175462298
196738208
158460651
11403462
15614256
54653107
403626863
138418895
221718578
385130426
390721149
377137588
400214945
41899159
394837603
330354472
309242523
321206420
44961473
128572389
309094753
376975451
243619085
386254158
95971065
383995872
295275468
23663257
69394206
302215389
293604242
198846767
214237904
158042890
26828368
289494464
86761447
34914321
35890731
256234212
213766746
304468067
46697585
375174877
320305276
283727075
288303744
371281785
360766633
69201033
80377708
172588716
369078581
115213911
284095191
53187840
342540776
248946651
297719533
124340497
348196315
283706793
359719677
125415938
275367034
17702586
27231379
361645089
113059984
106005339
164865277
238148264
260819630
48971936
8276112
106983656
175433711
228108743
217920954
283762827
172825375
260341945
32774989
22028227
334959390
22536356
126690009
37568811
302348821
339813001
158990826
244785567
287479201
320912477
150800311
178011901
326284152
28200484
81473509
221878850
54779022
314122568
282879912
322012171
40858283
316562081
24664870
96495126
40879267
215448353
262368526
257010511
188925449
316670830
261535525
222359499
162252203
52106931
302046464
27680898
31341745
290045203
308979077
226441225
97999322
274278519
27147524
20829667
17386832
288025976
270361009
284885422
44391902
25701073
232296848
134844064
113979700
14925532
45921041
293173351
271019680
252307356
297010219
239970149
212131862
94965721
31081562
290347396
282622570
27568781
59722579
251477263
20832563
27722659
158414469
221180607
257176630
281169575
261365279
27248973
20919453
29266891
225147972
271711488
63626312
15478226
117172278
214754889
277509805
247749866
16452055
43209845
16165575
247075876
61270808
270442567
257178267
267002310
253746188
18452605
43230251
33076161
18291291
188789067
141167013
261722168
118909720
40282219
261808036
168777465
52594438
159099962
258201205
139921401
101386174
25358664
241255197
171735092
104672309
16953480
71365368
72274796
51489788
78939078
253896040
179457653
95273513
522943
34562680
32426940
247442402
72552866
18644548
41608969
109351412
71229103
25728193
238118939
191474438
146027257
14676022
27392088
196219154
145764048
16956020
241236624
220255924
19402723
14098484
221847417
230278152
26572646
62631803
23862487
32894846
224353426
51502583
19859768
196494976
232894809
223841500
205214334
78656076
214226228
22085020
231931798
142387320
112479899
184284712
123649048
18282606
19633103
21930609
201783739
56473163
224783092
131168663
18822966
25107150
219207576
19608297
212692326
77279578
20740311
213389776
141008857
64816742
18244332
96721653
159142933
216806472
126773585
22525287
28366095
14068794
202432806
35007826
154979698
207644557
191467676
22654404
857141
107828803
85879349
206947335
192962906
126492387
197901148
64997202
81215145
113114433
21596811
40249916
32129645
19768684
188046302
118892111
36083751
119769586
86610556
190358370
14282672
35017643
17442248
88553314
176802013
17510494
186274772
169152505
186578824
139839646
16096334
26800212
184401112
179280218
92909131
12831902
24624694
30723223
123277089
32316055
26243104
20453814
17076774
11379362
176885709
161006196
131250021
37000484
56475516
168973351
93695982
91595360
151913423
24119516
161001222
23472162
16164520
150059545
27800031
18814278
151611302
17203437
117537998
115984753
143087051
17528204
83634396
19052570
118818920
16890971
84126837
27931283
79344520
107864504
112483693
117965307
28162096
9062742
14551068
97546960
108391366
58791339
11768542
122345048
133783890
17626102
119513044
20244076
118910562
16119882
22651861
16461761
114647536
45167061
23037650
8907072
122687926
15483858
59370946
16673982
122967577
10305322
108318026
41070051
27580623
34651221
125058482
64979295
123651705
81756471
21838233
19972665
63736058
121558178
14231943
38199364
57869647
59921551
119488519
66159719
50167668
22255197
21165338
5439702
114949488
18467867
14589866
116526342
34476079
34305249
82533438
14117606
52804000
96198871
56479566
109198670
17562068
35022109
18919210
61884984
107842136
18364739
43120631
39286306
104743205
46431668
112426432
24707684
112064560
86072573
73333706
92359556
17339770
87660299
28185145
85513062
16330879
26079429
42525390
16896699
86377088
105250643
109167940
58938499
14563201
56600072
95720406
16273144
36552960
103110877
87287023
19559385
108778697
52465134
21569184
105907864
104236860
33629924
8527372
106367173
24520485
68170613
56580604
26603536
16438248
33891519
17261378
28614550
65547556
69774701
36145607
15026502
93503210
100626559
38109868
83057332
14446350
98923622
97810004
25707034
82671320
94731797
101233761
18324681
11274452
15949104
56763928
27691983
14424227
19341895
49208742
18033662
60735602
18181895
22322569
22886689
20603062
39377814
100628318
16232185
43491673
31334113
81289014
19939596
74757499
17206739
59994256
22965995
100042024
17123861
17426156
32735878
93788039
16225440
16568333
58303928
16785950
37500381
3331318251
2323092409
2936369705
3288844876
3081861754
64532597
2427458814
3079280307
402630155
2382853022
2939139725
50757804
2670653936
2851281069
2799333908
2739830252
170016558
2520451050
1510469096
70976782
278399131
517168380
1236449419
556792591
2313406841
2225449470
1898408743
1633476157
213780199
113643324
1638373651
378214946
1574544913
188941422
1482947851
551160542
1455043747
38986882
1146901460
1302601393
1107888008
260361653
198284120
1278218868
1275787297
20570809
87340865
897636840
1243438639
407043981
409196135
1013251016
996313902
231649545
16886895
440622422
883997976
16059858
618320095
842240233
67460533
771862471
485216177
785042880
777979249
705371137
517559739
25272120
214064227
227284739
716907416
19363570
448725930
625997797
504778384
253800348
635845996
636370150
487869395
69669732
113697077
395545765
213754594
21526118
285681251
606863978
334849558
604726782
603698235
101534212
429068453
110504365
16965547
577426099
179619618
564108620
414041530
192960694
488789012
384542197
402544698
430976274
387234433
98452184
35384233
338880142
472097230
270295825
87493971
343150136
364671652
30221886
379958877
7434622
59584918
466466862
51581950
58229033
24043453
188267123
241062280
316570208
242478622
10348402
34136248
288310797
446737549
282808796
16440542
446904302
158589236
446367429
240653343
357146719
21824298
431064336
202283280
340552341
47117931
27359972
145789673
415018439
191596401
15829687
19325534
406573616
18379002
322807380
396678393
362838589
394837603
23766624
342743115
375151408
259527968
18515143
358278049
45287186
304457365
84758816
16473460
373517942
382206044
342130389
325644574
112577728
228556366
199362504
290085437
288303744
62043323
106374631
193960950
239096851
363361487
362018867
361963717
364454170
119745683
252379105
87623206
288527157
225881438
18998656
352226884
312029599
28360280
292946919
225943330
46664359
222262795
18452605
159099962
112034865
330750134
84617554
234064705
311271073
59200277
47029441
313034182
154086713
326961678
294070019
322689511
191200832
58791339
189659678
323684718
323568368
321684928
170689944
285632234
41894702
52220602
314595331
260168348
32600962
36131454
187369538
23413286
302081030
17304614
53128289
38895013
45921041
284130001
244184972
204072648
276976114
15220806
267002310
235343585
241333352
222169917
97546960
207660820
194624921
216120282
231206334
151041862
48546597
160932452
134528794
108391366
231404097
37840187
43587257
17385965
199571964
221896068
209896229
177971892
20321120
202729572
26385846
19041958
180500844
79396712
183360537
86610556
182440170
181353991
161007666
83893974
177684752
176073420
175926826
160962446
127875820
151100368
55290296
82830519
110488742
25990385
21440792
39850054
52987228
82904295
21438665
27111028
111334166
112682264
113643881
108968092
109301883
44164399
99742444
14675205
31433420
19715037
16455137
95294504
18801560
97568350
52106931
43456386
73135424
89038428
18333506
11274452
71588120
27146819
10671802
37490045
5618162
27580623
10127142
23453489
10046442
14446984
64642124
61755871
39554255
42901769
39326712
42448395
50450120
41693767
26373826
28880585
48519024
46543182
41159860
14533000
18030875
41058136
26769881
40155627
23162128
20605497
756354
38531781
32184996
25357059
38983493
17496536
41510057
15103328
67973977
3268582506
3259709792
73160669
276591453
2468305788
2597618797
1875568146
24465226
3230862366
332409737
1196702316
2999886900
3288844876
3130875419
444725039
389230537
565729463
3021607703
1878987517
1852946341
16528229
2427458814
1606846226
392532535
3043276327
185326182
16462161
2990942506
402630155
523091335
2902818761
2320320373
2904690314
96366316
2884750770
1753819190
135188957
745815194
2809616914
189542251
2799333908
348708946
2272351392
359569965
2395094034
412263756
1703920116
2544061585
2561156352
403666142
2545081213
2488173589
2459674802
2518120563
2465015460
2286782634
2194772204
18091590
21533259
524536675
2209423844
2406062154
1880324436
287456400
1883067037
278399131
276296641
553089848
34283063
1152133878
2225449470
23480735
2102351
1941792530
63263630
2195031601
1357869307
1586701782
546209862
1911047809
1589640349
58853343
415622497
191590178
549476819
213780199
607462593
16195727
27231379
216902778
1482947851
153551571
1373883469
516867082
1141356954
1302601393
431391193
1107888008
260361653
1254154333
402459927
18948348
87340865
1115206244
613674203
407043981
174240334
314097911
818057396
17569323
326158694
6125082
564291613
825363914
825940004
709613180
781434822
778856378
760348926
729523417
747080204
95221047
603698235
95221232
391699882
31527670
19363570
627792618
625997797
635845996
202444394
395545765
621111011
594177030
32353164
14792673
213754594
496526585
606863978
611212837
334849558
28824136
460407561
254793308
26598018
15455787
76359975
531409524
564406166
479856619
574538075
559223740
100276595
316357556
19748843
172457982
36131454
338880142
48110818
370601551
87493971
516537858
455116038
323284201
14141570
515540273
379958877
459196401
422920738
469806768
388328034
127257775
429765661
430057728
170016558
322219301
431686334
28380671
220675656
35005259
37723843
446719670
465445310
451473886
438847083
241236624
26449299
202283280
296609350
357146719
288310797
48819973
223722543
110671921
22315548
385130426
109164425
193515866
232780781
394837603
72452672
381653682
289385640
253479578
173650067
389068691
309163953
22275015
329593738
386130021
384150021
325644574
158042890
370871770
376527503
289494464
288303744
323339126
290085437
368017891
221795269
371102724
354632335
359025399
366631406
364454170
248943681
305757592
359829754
60906316
67578950
347052820
157483175
36087646
22091213
335932931
271597900
221495646
304457365
270913633
297424409
39298267
75571629
197339976
61236099
86708455
306388787
322012171
31296109
46664359
35155595
28704177
62126286
201619027
45921041
257215239
267848480
108931568
276976114
276228167
142533079
268334862
221420530
28621968
35038857
211954616
163456116
216120282
69705829
45401325
160932452
202319007
232412531
90188209
113101599
155698735
218593761
165178659
219159598
215214824
123263650
199571964
220984967
66092346
151041862
213145574
214480161
16677192
190684722
25718274
205128071
145491979
160731284
197901148
14543524
17822556
182440170
26082358
166653118
18692858
161007666
83893974
59103901
17513981
50306155
131250021
174340450
173659212
34003839
11268332
91166976
151100368
41795050
55290296
26569991
15741941
108391366
79344520
97546960
70705394
136813472
128750448
20210947
17501461
112682264
24686694
88885531
113643881
108968092
111334166
16562663
109322829
44164399
40868243
36584032
31433420
16455137
102340711
58791339
18801560
20252482
97671753
52106931
38983615
34400375
68732791
83855793
86984613
89065125
18333506
79671203
78726360
27595708
32336174
61231339
28108502
28009658
60996414
41625586
61261683
17123884
23327578
55070364
15584776
19558182
20220253
41255950
27551765
40243267
46678058
43040154
49186968
47798025
29195806
31835879
27932675
17181265
17553320
26119721
11274452
14986973
38958060
38919171
35404814
18029069
19892459
35404402
32129645
35453045
33263195
26399088
32698223
29512942
18003040
25528906
22514289
23152324
21211055
15347337
24857277
17967259
23549125
19804550
18181895
5659102
21817757
21099603
20544405
20830163
21124207
19070088
17316606
19927900
17206739
19840333
19653152
19545827
18248403
18787798
17639021
16045742
16045468
14083276
15170795
17104293
7646662
17343006
14212033
18664139
18566077
18355938
17142001
14298341
14345632
15294960
18259807
14675205
17171638
5533502
16203371
14307686
15524300
14881584
5118981
17500126
14126111
9548232
15944916
17400916
1742701
17233677
17189374
17145049
15998474
15199740
9701092
14792943
14511197
5848362
11162812
16467516
15623367
13938522
15960540
2654025764
2356244840
3289105505
199637932
2987471123
3114509864
67973977
2315376242
2324840449
2996957273
3146551854
2426772841
768698112
2830578797
1497052201
16231168
2382387546
3024349665
18329375
3309542787
3335383337
208138875
2342729340
3245426395
2825248801
2893527549
3314250999
3114481567
3320925243
182384817
110214063
3172762712
3310694979
21251057
3288844876
3230283975
986781888
3014225226
1361258905
551315073
2423289337
2997428208
3175065592
16258593
627310104
3156340642
3112426083
3156828167
344179570
3019376954
3151854281
2997999234
3129095151
3118518733
3130151141
17856678
61589913
1942453848
2996447885
82493603
237634618
2427458814
3089798559
18040878
2476687410
3037234190
575750280
3022544453
2148603021
3047465289
3023023812
3030022588
27813345
2998985100
3005019257
2995255584
2638623417
2898733590
17292143
2982909141
33419310
459520912
2966288891
63058314
21610836
2727239789
402630155
125565867
317770916
338593667
2927512659
260582890
2885784087
14818867
2927108240
1909143698
136110825
2387892697
110441357
2836031773
29269786
114483184
39463670
38242922
142291498
2332187732
20175361
216253195
611618975
199683248
33403062
27215870
2539254447
314011033
170522999
2851497605
2843851829
38449898
2880808837
2864936576
392532535
574540818
109940367
262511639
2831361549
1920498750
34371280
17450354
279299347
612931307
2814734122
155603048
1888237339
111270333
2815381434
1896325064
871482666
2484454099
255404649
2799333908
1432762393
1095982434
2525524314
2279418786
2795552844
2790683138
272141779
920092388
2286036235
108329184
24405200
19199755
2742319786
2605883112
2699053554
2690095531
2596249009
2733511347
2698501314
48361377
2617691454
2591662076
420087073
2345145272
92128345
77227459
1244614244
2436154106
2613581965
2229900943
2601610279
381232142
10507312
19022399
15053893
62998840
2575501719
20866882
187245132
2546538026
547274637
227437940
1465616899
381114870
2343573368
2460662251
195082560
1026980306
2265047431
139072748
1516664348
35460785
2468397264
1549804705
339043614
2461108873
602159091
2455318471
2445073508
26237664
2446245852
2486180062
60992872
159375097
23856768
999706020
2180453888
156876410
107127193
2439850311
358729778
2383415318
2376432804
19096016
134651849
1632200485
18063190
404536830
106495183
17990277
2381379648
278399131
141541923
16795628
15426668
267601748
167608302
2305710840
53503202
14676022
360285166
2337533198
81874090
749113
21909421
774784249
2340070296
569798166
345786043
134888937
48426044
39785767
1055215934
302903491
235909926
43899269
728670475
384421508
841058863
1444320248
442544824
2261123083
394565699
4170491
378672105
603985897
2231368550
571435316
20559778
153439378
2251762730
497069048
1525342994
1478756371
628221849
15293245
17004629
2248810142
256033572
2167155181
215920820
57066714
104566043
1656518101
18234623
1511454654
33588600
237046890
503386341
275471220
520388723
361951203
368214750
262637172
390538695
15864679
1599101696
130325746
211205818
825576558
1503436052
435968883
324505165
1849548510
1927527138
2192739224
1049331836
218526734
390323667
21406740
1135613557
150650562
47586577
2166967486
557564493
2168298564
1710796956
20357085
175711277
2153133470
27308539
394557738
1944838171
1170514062
1564144592
1873768369
126674016
133362643
18294521
544415987
575775664
1553645076
1903253251
268099786
592013302
19934004
59429766
1867515264
113274869
90719213
14240374
1377353994
65402085
17285433
108365459
16264206
599393625
5685012
1256016660
353925394
26009199
16195727
12743372
1484279826
1154564214
536965237
636358642
82399286
17050482
1700406948
1676282143
1687090969
17413739
188483601
1589330760
1676066275
329145621
23626645
341191272
285590028
198483889
26493482
1643586553
47440980
288249986
1635356700
72636999
1621118863
222206900
14155907
1599313914
1393635494
1536700723
37000622
491622047
960962833
1321016070
346568273
202664056
1305939649
1544051010
1303175496
1223134141
1528046018
259372374
1361316416
25060330
610158083
18027697
27716826
1034048196
1075208192
1483009526
1216433400
1478693252
1467651631
472208591
1362458540
1449960744
54030525
527891420
1230037963
234057437
974257009
1417646862
1340576916
597656539
259802604
1420994334
779372383
190838575
56401714
974754584
1008218456
19800806
1148919758
7080642
75719288
349391419
323010850
974735174
291252989
1387568120
284362452
558171579
1269473726
1119409382
30681036
508956593
1346600245
141209597
1096112060
23995748
948188478
198284120
145771805
367474958
298687770
240886111
116986352
537268786
823919425
1154812746
14267832
1292046680
170202443
14435376
150962878
945360858
861090636
908422766
1141356954
1176728882
232633093
21082209
15480771
1022949302
21785215
831930217
170039453
18827663
388492811
22829752
15977079
14815151
1219591327
986738851
18001761
1084550599
21134127
790021856
26779011
322422610
1135675304
915538747
535780466
14463848
185915067
358085025
69757667
326144014
431391193
24174295
1099934976
243425632
1096177362
1101533827
9701092
995655854
118828764
865259689
942801348
843476599
34710922
1107366074
49909230
735642554
16971013
558902798
790245396
524309405
135675892
198362751
25375670
410768094
10084232
89010736
14048945
326350934
200664053
273421972
80957107
611736994
24785956
127305158
327045641
455398660
1041868830
40276615
1031778350
931817846
31199191
787695601
516867082
1015014895
13764832
231653121
995389788
415251524
17269728
471467258
990330974
917128614
46498656
275665495
976818439
250839545
976254500
967586118
360066120
958681183
933702774
68624057
108483985
395077774
945667795
944853494
348783600
622036164
792268441
535363358
535294892
556540334
921996632
70454433
37903947
15695763
20828384
869485104
436826775
16323682
749799067
106540502
3034671
37904307
400527200
104827266
15099539
15717652
894458580
440622422
49051944
17668931
73135418
128911672
16582131
431382329
201369354
36401728
868890049
568069942
119011652
847159406
89305009
108176242
842240233
853588424
393101179
533889384
37321469
23596480
822769584
832875673
709613180
1061441
50883006
22189449
15714139
413998957
436788912
731001572
740432864
32779196
113034662
189855607
276518080
21735894
466100765
127375220
210323007
784785055
782934738
705371137
516895048
12406202
244787190
744354193
176498676
760074511
760447357
31189478
546174939
32908627
354197387
287703379
133559534
115085266
15476594
17164449
473087683
389236377
736087028
362845372
589756043
380393188
23302049
32719028
748691515
95221047
95221232
126703558
532573662
704735371
234317552
589603294
542824643
731931752
632217146
426258946
431029922
43623519
443019426
523380841
713078376
115554843
18874383
713201496
528066450
26103970
256387667
602113732
449543760
91386654
24134004
625997797
635845996
532720412
613782317
546959528
18151975
704050520
302250081
403016538
263065900
547032225
9963832
612761033
539338456
22161850
602894271
53363962
617499083
536905167
565107601
27403900
395545765
356507143
603698235
576036642
413703158
107814692
414996160
266927614
11279582
517839583
603766881
380537132
334849558
15449674
404819771
414918009
28824136
556033156
143701910
494841389
390839781
365570769
580409148
343150136
388892606
521286314
553638211
17380878
320751530
339006089
46290410
140561484
58898331
574538075
341258046
32191065
524997168
571688411
104024337
559360581
421571472
414041530
556343011
47576311
563601725
80047629
73100793
544725255
561367803
379958877
560553267
395336469
559223740
545629207
295835776
115813132
509180239
302014488
17103302
241033988
371375428
8527372
380689539
150478293
364510729
484903912
523477901
528251762
126636661
435368535
140949677
72127679
228811509
338880142
535420467
19031473
537760950
22915721
100620126
369321003
417982750
522356263
454350648
466475411
495714443
516102496
214123019
7035722
498252276
459492444
507749328
436045478
382373006
489232752
21777950
388328034
482601967
492487326
26902205
489188730
165275647
175053294
17921419
218317912
488814094
488392986
451126644
358464306
251398192
26127987
427797615
14424892
204972856
383322613
19121337
481068405
480190762
335416735
473981323
309737915
473593725
81633168
431686334
170016558
25096628
326535973
265781389
276076297
132473264
17036128
60773564
473340034
93703803
425921194
150800311
202246533
296890153
365806087
463181295
439415452
6273552
331225957
466182343
447442475
425770223
194534406
37012010
446737549
415418722
462549490
438933602
445170796
187814909
294198334
269553150
453240439
253788443
17479266
17393561
186341977
308480227
385847905
2672931
73751052
60096330
288408661
23905899
437749609
317787912
314126663
299177533
312227400
113130513
133828861
365034327
370623591
156785569
39374153
20290929
16731187
92166599
23393669
11763132
361320341
298299421
154189407
412425149
248215830
134973016
330511282
82316132
432824948
57247518
389126616
430816881
70111198
14689275
47340802
357146719
11335602
112017535
202283280
289692286
428749699
420377533
194625501
244769784
10748252
16165308
261274640
377404416
61815583
423241875
369198267
14755273
326860748
118274089
22136002
422129726
412299216
300082055
234145522
421676000
781510
347716759
354877943
35432131
305225937
384208598
310658123
360989088
108330063
201346436
269652145
28044230
127268289
371692182
364938826
38703581
270900251
136068041
114067136
351382047
89333815
32912028
405224967
115726363
314009573
410524808
188451174
49155026
20865979
55701499
203438460
405427079
90763060
101386174
43377063
36952656
230885211
385130426
93251201
408961283
167426475
408634310
198716760
402209850
95363183
387739930
20653637
47681797
170063322
193515866
46046512
21442370
99728842
222086413
48819973
189320783
307484323
260433425
28704177
302686371
361238217
394837603
285142199
296609350
381636056
389599225
32143283
396935319
289385640
326932595
237972160
35835138
28360280
305415493
388366689
389268043
15882988
72239171
383995872
374135367
28375663
760660
386730773
75249298
106539595
214675085
16221395
3043371
159099962
370984140
16702299
325644574
158405904
143915986
158042890
144965716
103821657
308599290
28234492
24647590
378996398
352799588
18411867
287639113
73158647
376338236
297106007
174688615
182831767
342856216
38194364
315431424
305832665
67188406
27310909
236544925
91385428
359025399
330601928
366085168
361963717
227536515
186756383
340552341
356853069
362241594
352226884
252379105
292946919
14420911
288684109
288649691
358211168
17371620
330057173
15233939
23887861
333084133
312029599
356860924
304901065
299618196
35557124
8276112
10927782
294070019
270040620
119845705
208780269
191831122
35035514
337760344
311512215
64957560
343593686
17882897
122460998
23363897
199568587
329038647
128193202
14363699
318224102
36087646
320305276
313072424
107785529
17974442
288135993
260640274
260637864
286820101
36655261
223299541
224353426
80595921
322012171
277271097
49865123
319834426
33174401
23638228
309053555
317856382
311898771
316050834
18915867
31062801
17109013
260168348
35155595
27136797
303907347
306710930
110779405
305364763
182469902
302263184
36131454
158100219
151041862
273635160
300160066
244646051
158591897
282717311
45921041
296401819
19353946
98200833
105242077
17217976
253920475
16328771
31081562
287197624
236198310
38895013
17437735
18450727
142790838
287653369
21355409
32302122
159908535
277898533
12661842
286091751
37607628
256645553
203938295
205050377
187165011
281780765
197532609
282317819
83429920
281096644
163456116
18374301
182810362
182093243
17857990
20124196
272392699
279458236
58979309
196430147
168696336
276228167
20867472
19629551
32069046
22104932
267833323
142533079
173340973
18084746
211717944
270462906
228413271
40282219
72042658
55046296
242888958
254594681
61978044
267703017
251508809
54280060
54998393
164611792
85450167
98078133
233358828
64305074
261722168
261758901
116833234
164291771
157215764
217814831
34821968
193584993
97069450
21839051
33358465
256457171
35038857
118861147
133710837
19043540
18170540
25393674
207652345
211535576
252356481
32122677
197475713
220229148
194624921
26310882
16741838
183337462
247380402
104906508
37366095
239141900
48110818
1779261
247307865
247312765
17512400
111160402
246795703
51346268
241292238
235139541
244333305
216033960
244773696
35273837
18817089
141291408
242834202
242433840
17898327
36028542
30180893
17837285
216120282
17687437
51502583
125723326
104501592
35830238
160932452
179376614
16515654
41031035
54182311
72883569
80771212
196910380
169801288
152739498
227567243
225094266
226117396
89637402
139843025
58948367
194644771
174801347
17386718
166813374
60788608
87587785
25676034
218593761
167266692
193573806
33902116
18983068
199443297
62215356
132379556
216767331
70792934
89536126
17601702
100105478
190011122
151169727
28609947
164282684
24414384
199571964
25778215
18452605
163866106
15895251
158414469
14212360
96627117
151322318
22063310
219553100
174671975
154800013
195160986
216880421
27435839
16750903
110829399
25902307
210462649
169774995
206416548
19874099
14738561
202008679
32316055
21854233
126697440
16601219
18343779
146194166
213401403
151312807
14484418
165120532
80724089
14643617
32062804
202729572
799414
17989953
206063475
119471348
18620562
168813877
25428892
20523824
186039297
205735815
17108182
43368952
25718274
82259563
19251967
73310442
25911044
13636102
154553268
44925574
5410262
26385846
169229763
19859768
76748022
88581667
116003284
19726161
57424910
113114433
21596811
201837929
48229652
102725117
121917760
29835296
17315235
195504534
195507689
194846317
195505874
195509402
195511966
121213096
97745218
197901148
17973387
139773056
20447545
70693124
75362308
74732805
50558559
113390411
42151509
145378129
190684722
17878065
15697816
40293516
197491022
74639562
63152064
59722579
180139073
82379093
131298195
19342363
195266597
62411829
134930804
132739233
192931035
191899686
14577835
189498221
169557182
29903007
20193452
19347202
29904885
182440170
163352126
61544528
96081360
188046302
188520898
127649629
119385556
166653118
44915459
89802173
80580642
16916363
34036866
50306155
163885610
15959560
107149385
177684752
83893974
68221305
17929934
15162200
131250021
25435149
87521860
28443212
171628497
158542224
97336064
163728556
161025692
155906081
14675205
119043314
110397757
86692803
61268115
165290397
7760822
41679913
21581516
114102708
24972208
41174262
151860206
59879703
60755598
134726135
123536391
24520485
148931648
47355663
18366917
151100368
120308847
137436872
18834912
55290296
145517987
39377814
146590429
102769579
27340856
61118465
32135024
103151669
130239693
25405107
135525138
97546960
108391366
79344520
13403302
20464537
27585991
41598578
129425642
116461478
52132491
37315985
92531520
63524221
89560236
8813602
56788628
22671716
23936696
126765139
18778453
92479022
14125563
56694282
19041958
17427842
8746882
17241148
17997888
59103901
119616111
64199570
16011794
15282316
117763399
14882900
106183061
24491212
109932080
49521135
30744756
117804979
11930482
18954209
22063766
19781519
11768542
58791339
101788218
116333326
16061609
20200526
28598606
114981230
112682264
110609917
113071467
87050752
87495080
27188316
88885531
20522475
9872012
98989683
74214232
105530961
48030286
66581961
110322854
111705761
73442267
16024308
14511197
17721569
54549151
107003586
50749272
44164399
98242246
97559095
17294281
19492830
48026592
67333334
99742444
102795776
18463117
14760981
105131114
14156927
15781499
102102138
805718
15068399
16487712
36439166
102052474
105177172
31433420
104255811
27006975
38048560
93895458
1742701
56004404
99744904
14134351
102988726
69602984
63494540
23612294
58042403
16455137
20190230
17342973
61792283
42271492
30760102
23626062
14339976
98600343
70269632
78401061
35659583
33516245
78789634
85819074
16375901
1644991
60101591
22795376
79202676
18801560
100093910
38248936
18262104
90955665
37675044
17122755
98064043
68904046
90030252
68906140
55605421
15329493
15766173
99573395
65426606
17277902
91395165
76402530
33726380
71919874
88694080
15272060
13754652
88358266
62879483
59599207
50074068
19695231
22290987
94496818
14451336
18626424
8309282
29251122
15554107
23549088
95967455
64009474
16495665
52106931
61671167
33308243
43646282
1248081
14062221
30920593
20369033
52103922
55703572
17194090
31522489
70651172
39775436
37724054
89208724
88674828
33110310
60932020
24914600
63524788
14128901
93410114
5169141
28557327
54530751
35849263
90496276
44547596
76075573
5438792
26501654
5618162
32264075
28487033
17014773
84632121
16809682
24359784
46656005
25827992
45050471
25090169
80033564
45180667
19090300
60141786
18126845
25728193
70395545
12014132
74709617
85924004
88425861
85883000
87922139
26176221
78349379
8539242
86224913
88552052
16781645
18333506
86516848
14212033
59250833
18692858
17843236
87248598
24741441
76531026
18879979
36162240
24951859
1317
85849442
71691476
31785780
16309996
59574994
14318471
72689314
17315376
23678982
15285352
81301763
30395094
82002457
37568811
83397067
14464331
15123270
37490045
7334712
16497754
14259355
28537113
15792511
44235199
18537956
75319835
32603412
18412034
66716942
63997977
25321774
20489393
39539952
29291857
80880648
47410100
78827487
79404373
73200753
14882424
76713472
14800352
57895875
25763539
63552808
58608103
76508832
15285998
76469044
56655961
31071905
15503880
24018771
74549427
73858174
15482607
74141632
18534287
62625198
21706507
18527363
22933026
19468555
47738866
14066605
42445742
12040902
71303161
72762898
28108502
68951187
18033662
21349331
14522944
52854061
21251500
14091545
92623
44974429
19060908
42459082
21425995
18932935
21029741
28009658
28805749
60778617
30689227
40237506
70164417
60740735
57007243
36226646
25825720
16593629
18864950
35672351
37849945
17726055
14415928
14430060
63683399
16291234
17850012
18819510
53301240
35180455
15565703
45882179
16436098
24101774
33714619
25898134
33044533
16163776
36790494
44561334
19047089
28795754
49265447
25172914
16069787
21817757
25843813
18878528
39273986
20660609
22302160
15675742
54214070
25817853
48642139
35007560
53426553
35178855
44331133
20269554
34904414
32463503
47353926
34066101
37611067
20630597
18291413
19609919
18139899
16415043
46743975
32548173
19220217
28325409
45522502
16528163
15284900
45945775
18504867
40230998
21345004
16323642
17542265
9054142
27119316
20535982
28371364
17123884
53333718
16397621
45606805
14303228
4893501
25302088
21545357
17109380
20567471
34537082
15335662
48029871
18994301
9803572
17235790
47018037
16280566
20102364
33006313
33072375
25122917
24828537
50486389
18881831
19837231
27818124
26857480
39479151
15455643
27235800
16203586
37626804
38550168
42386024
29116176
33642495
19415802
38015746
16223177
48640595
42083048
14079425
46920511
6764252
16483016
39917744
49215034
11545732
20533581
46254126
48702494
17004616
39405920
20859680
15533504
26998240
14437076
46800671
16044407
14390566
16731973
48387478
19087514
1477211
16478316
15661827
15209694
37801407
22752559
47780561
30696036
15656913
23245220
46774504
21480354
17661660
20312043
14599117
9689662
27551090
15784302
22654404
22965995
17123836
18767537
15713436
15311605
18345963
16936058
26619711
24407719
15576600
16905483
25127653
16674443
15003739
40533285
24628664
26081389
43271867
21528296
14966363
29993366
23612169
24704470
17513981
15825031
18526970
36339871
26361946
14771533
15432215
45574271
13405742
23868172
9154182
28765801
18501320
857141
12831902
77753
39971964
14104401
18245218
14263354
17639064
25904703
36990012
16246047
17135925
19084822
17181265
41118292
33756517
33127712
7082702
37175601
43697258
18244332
17180025
18809912
17378892
14528306
25557522
11274452
34688855
15056465
1940581
15860016
21807247
16283736
20290668
9749282
19058868
34655227
21331026
40243267
16828372
18333255
39850054
26074017
18329131
37095094
16630266
17897772
19956153
20025850
15551936
23862487
18398842
17538087
20005394
20281069
19737629
23364021
19897004
29040062
18905586
22394928
43124835
16745935
9548232
22518425
19836954
14882911
32879898
25509705
34722764
16050032
5848362
19046407
29413715
18251376
1355741
36390040
16164520
22500688
20974144
29368416
41769928
17479472
21624672
27817316
19696413
40952542
35080748
16741856
27246403
10492002
17387228
17578429
40016463
36144714
19735022
17362970
25633162
40865294
16981368
26135315
14901639
17291996
27678133
15461095
10865192
19183670
32553959
37809579
17744497
27720911
18420252
9836582
29338458
18710335
18845303
22341950
23844016
17527642
25635285
15131310
25696352
6328912
26694256
16722900
21338768
5720382
14542767
17237218
5210841
23472996
18775205
18553386
19569168
17378316
15471697
7867072
16971411
24971793
18622052
19205635
804455
16264088
754556
17685196
24759258
19829780
16678888
18659231
16252825
15554127
26776263
7799412
14098332
26590302
15330930
16950743
14219648
9282382
14216821
24647205
9274492
8339852
16684007
15791069
15832929
16530784
5741722
813286
16967251
117790654
3310623687
2516824286
299924953
3288844876
91167112
3138026645
28343947
23108728
21679069
2843856639
523794385
2427458814
402630155
23800448
1878987517
2923816369
9548232
50757804
69661177
778137985
764967284
2799333908
20143787
2438513660
32139229
278399131
1589395507
2348768155
524778708
2225449470
631174177
22688742
213780199
549476819
1758561763
1172730414
1382348437
1525694822
830612017
964333544
1485580345
1165710408
1482947851
901348998
582957246
1333832390
506041202
1302601393
1269473726
1107888008
1237271982
15964047
260361653
1301334548
236579326
1336711778
270233976
1037415206
1251252313
141209597
36131454
1141356954
53693836
388926718
26322847
1093607538
604090724
34710922
516867082
854509526
510654611
159099962
1179002076
24929739
119083950
407043981
86194370
835252909
17181265
1100970432
419311253
330925442
409196135
1025960581
248892182
326158694
440622422
564291613
16605487
868890049
354973079
48110818
423920231
825940004
114363939
15726812
536852517
275665495
97546960
786581143
778856378
705371137
227284739
493009826
197901148
22693812
391699882
263847419
213754594
604727780
19363570
610047345
625997797
487869395
550414357
635845996
87732724
576470042
253800348
448285911
395545765
539101401
571459555
408169249
603698235
115068678
429068453
546856589
521264284
577426099
540081642
249235359
249205136
414041530
87528449
18389626
22078798
488573724
91210422
320923397
17518624
498419757
446737549
254719698
19031473
338880142
100620126
415092189
13581742
25276558
448264445
276248684
454350648
19112165
14141570
388328034
379958877
37899134
20957374
364671652
69176038
483351907
481510711
113101599
431686334
447442475
19129860
455116038
403478664
57339097
42696882
58229033
453258191
370623591
256547175
408065136
36385431
26449299
432166690
74697588
76721467
361238217
202283280
222613560
45444556
140738341
417646831
411070347
180160760
388892606
385130426
349156930
386719522
109164425
193515866
289385640
83839208
360029950
394837603
72452672
185611075
36666496
386449383
381653682
28798857
139785150
254133268
388359961
84617554
306388787
304457365
373517942
17589536
102083458
106539595
385025880
382206044
83235509
18887701
345255959
325644574
381451787
312029599
292946919
158042890
357146719
271982552
1763801
80414286
217675854
45990589
340552341
290085437
288303744
368867262
315575703
353395562
361963717
239096851
368267990
220371423
366168452
32918661
14563449
357501167
215757528
159756829
173158332
317749397
180342913
352226884
28360280
326560581
358211168
297187658
359025399
15895251
318685089
356860924
180336459
267102027
155558014
103821657
267599694
282748686
180687371
322570273
116842809
53911602
16745935
248361603
342167018
38963208
299945065
253221193
288998203
157110042
63003920
337719507
322691759
180665230
313034182
250203117
322689511
331131248
165682298
327422101
189659678
41791261
314595331
322012171
277271097
16965547
14665845
252379105
13361342
303606234
17055941
300005350
294070019
301460184
234026102
205514475
151041862
279703432
38895013
28704177
158938522
59722579
45921041
36927039
71591555
137402449
283828325
281272800
277222269
254907591
276976114
110963469
277009265
276163865
145347513
22860217
214754889
63458937
32062804
22671716
184725790
120929989
255237112
19905061
255799898
263146336
126712236
96994334
244830461
26572646
196014887
20545089
252275004
242610403
244404049
33472080
104906508
163456116
55972969
252694485
194624921
191717136
231263082
250522419
139230624
250369703
223515146
250421407
216120282
249264124
231206334
46664359
51581950
215359098
241195963
35080292
19989479
245674757
35038857
167384426
244083033
243812468
48707079
17261378
35830238
209086589
218826372
239166642
21548991
222654667
162694737
239454942
20460104
237113002
25728193
238504337
14637833
237233980
42383845
130158887
79102836
14524244
236450655
236708386
15517654
48546597
16138931
160932452
217521325
231404097
234132575
57360443
22936237
120576768
232008801
231909460
78046239
186813248
229339187
230087076
225375135
170796604
104672174
16683846
14984092
133474481
156239812
218593761
125393364
15047518
226414861
155698735
224978115
21817757
165178659
92073417
41031035
199571964
193522221
126356388
220226766
211153483
33622636
191941564
217155251
184950823
174490104
25902307
123263650
206416548
15839938
177971892
202729572
119400276
25229682
148142597
182440170
15580172
161007666
83893974
176610526
50306155
36052870
131250021
14919424
10305322
87725052
140687662
151100368
150076701
55290296
14227022
89799464
137050560
38779659
61021221
99993303
21438665
111334166
112682264
108968092
44164399
99742444
14675205
31433420
16455137
18801560
727143
52106931
36584032
68651147
15498461
73135424
12014132
89038428
28443212
15273466
18333506
28487033
36162240
46743975
18294973
11274452
1317
18779467
10751252
32492856
62893116
55656498
40243267
17123884
52126690
31212255
50913403
22445562
46473465
37613811
28774235
16274109
26583417
31293881
27507211
27504528
22991614
21211124
18818925
13186532
17639021
18196249
8984292
15721921
17400916
14849573
